2.522492885589599609e+00
9.483951143920421600e-03
8.687691763043403625e-03
8.410869166254997253e-03
8.342696353793144226e-03
8.189637213945388794e-03
8.059144951403141022e-03
8.029814809560775757e-03
7.442439440637826920e-03
7.235675584524869919e-03
7.124334573745727539e-03
7.050956133753061295e-03
6.934342440217733383e-03
7.007348816841840744e-03
7.001697085797786713e-03
6.943972781300544739e-03
6.920349784195423126e-03
6.847000215202569962e-03
6.889650132507085800e-03
6.805952638387680054e-03
6.841962225735187531e-03
6.719816010445356369e-03
6.845340598374605179e-03
6.775985006242990494e-03
6.755456794053316116e-03
6.766382139176130295e-03
6.739338394254446030e-03
6.610109470784664154e-03
6.674665492027997971e-03
6.622750312089920044e-03
6.506984122097492218e-03
6.582947913557291031e-03
6.560355890542268753e-03
6.489390041679143906e-03
6.392063573002815247e-03
6.425541359931230545e-03
6.419912446290254593e-03
6.396408192813396454e-03
6.349452771246433258e-03
6.399205420166254044e-03
6.376631092280149460e-03
6.353286560624837875e-03
6.371299270540475845e-03
6.298180203884840012e-03
6.269981618970632553e-03
6.320819724351167679e-03
6.233601365238428116e-03
6.238013040274381638e-03
6.224967073649168015e-03
6.215651519596576691e-03
6.170745473355054855e-03
6.143258884549140930e-03
6.172712892293930054e-03
6.151652894914150238e-03
6.140225566923618317e-03
6.085955072194337845e-03
6.130209658294916153e-03
6.105672102421522141e-03
6.087846122682094574e-03
6.048153154551982880e-03
6.028412375599145889e-03
6.006327923387289047e-03
5.973753985017538071e-03
5.960580427199602127e-03
5.915152374655008316e-03
5.877188406884670258e-03
5.888933781534433365e-03
5.896090995520353317e-03
5.854398477822542191e-03
5.845177918672561646e-03
5.851691588759422302e-03
5.827676039189100266e-03
5.797232501208782196e-03
5.834191571921110153e-03
5.810785107314586639e-03
5.810282658785581589e-03
5.789778660982847214e-03
5.799055099487304688e-03
5.779355764389038086e-03
5.786165129393339157e-03
5.804796237498521805e-03
5.811620038002729416e-03
5.807488225400447845e-03
5.791856907308101654e-03
5.772575270384550095e-03
5.774254444986581802e-03
5.806719418615102768e-03
5.794748663902282715e-03
5.776665639132261276e-03
5.786742083728313446e-03
5.782790947705507278e-03
5.781670100986957550e-03
5.766830872744321823e-03
5.770212505012750626e-03
5.779086146503686905e-03
5.760991480201482773e-03
5.774188321083784103e-03
5.781355313956737518e-03
5.776701495051383972e-03
5.769311916083097458e-03
