CMDdriver	GasFeedback	BrakeFeedback	AccX	AccY	CMD_acc	GpsSpeed
0.0000	0.0000	0.1400	-1.2383	0.0000	0.2500	39.9128
0.0000	0.1500	0.0000	0.2758	-0.0003	0.2818	39.8466
0.0000	0.1500	0.0000	0.2758	-0.0003	0.2976	39.8466
0.0000	0.1600	0.0000	0.3109	-0.0002	0.3136	39.8681
0.0000	0.1600	0.0000	0.3128	-0.0001	0.3295	39.9150
0.0000	0.1700	0.0000	0.3697	-0.0001	0.3452	39.9409
0.0000	0.1700	0.0000	0.3605	-0.0001	0.3771	39.9673
0.0000	0.1800	0.0000	0.3985	-0.0000	0.3929	39.9929
0.0000	0.1800	0.0000	0.3898	0.0000	0.4089	40.0507
0.0000	0.1900	0.0000	0.4493	0.0000	0.4247	40.0823
0.0000	0.1900	0.0000	0.4338	0.0001	0.4565	40.1455
0.0000	0.1900	0.0000	0.4338	0.0001	0.4724	40.1455
0.0000	0.1900	0.0000	0.4308	0.0001	0.4882	40.1766
0.0000	0.1900	0.0000	0.4292	0.0001	0.5041	40.2383
0.0000	0.2000	0.0000	0.4929	0.0001	0.5199	40.2729
0.0000	0.2000	0.0000	0.4944	0.0001	0.5517	40.3084
0.0000	0.2100	0.0000	0.5463	0.0001	0.5676	40.3441
0.0000	0.2100	0.0000	0.5605	0.0000	0.5834	40.4249
0.0000	0.2100	0.0000	0.5631	0.0000	0.5993	40.4653
0.0000	0.2200	0.0000	0.6290	0.0000	0.6312	40.5546
0.0000	0.2200	0.0000	0.6290	0.0000	0.6470	40.5546
0.0000	0.2300	0.0000	0.6589	-0.0000	0.6629	40.5999
0.0000	0.2300	0.0000	0.6886	-0.0000	0.6787	40.6994
0.0000	0.2300	0.0000	0.6881	-0.0000	0.6945	40.7489
0.0000	0.2400	0.0000	0.7404	-0.0000	0.7264	40.8017
0.0000	0.2400	0.0000	0.7492	-0.0000	0.7423	40.8556
0.0000	0.2500	0.0000	0.8129	-0.0000	0.7582	40.9674
0.0000	0.2500	0.0000	0.8036	-0.0000	0.7739	41.0254
0.0000	0.2500	0.0000	0.7996	-0.0000	0.8057	41.1409
0.0000	0.2500	0.0000	0.7996	-0.0000	0.8216	41.1409
0.0000	0.2600	0.0000	0.8475	-0.0000	0.8375	41.2011
0.0000	0.2600	0.0000	0.8563	-0.0000	0.8535	41.3246
0.0000	0.2600	0.0000	0.8543	-0.0000	0.8692	41.3861
0.0000	0.2600	0.0000	0.8530	-0.0000	0.9010	41.4476
0.0000	0.2700	0.0000	0.9028	-0.0000	0.9169	41.5091
0.0000	0.2700	0.0000	0.9116	0.0000	0.9328	41.6408
0.0000	0.2800	0.0000	0.9768	0.0000	0.9486	41.7104
0.0000	0.2800	0.0000	0.9700	0.0000	0.9805	41.8503
0.0000	0.2800	0.0000	0.9700	0.0000	0.9963	41.8503
0.0000	0.2900	0.0000	1.0187	0.0000	1.0122	41.9229
0.0000	0.2900	0.0000	1.0281	0.0000	1.0281	42.0710
0.0000	0.2900	0.0000	1.0265	0.0000	1.0439	42.1450
0.0000	0.3000	0.0000	1.0793	0.0000	1.0757	42.2221
0.0000	0.3000	0.0000	1.0877	0.0000	1.0916	42.3004
0.0000	0.3100	0.0000	1.1518	0.0000	1.1074	42.4609
0.0000	0.3100	0.0000	1.1436	0.0000	1.1233	42.5434
0.0000	0.3100	0.0000	1.1409	0.0000	1.1550	42.7079
0.0000	0.3100	0.0000	1.1409	0.0000	1.1710	42.7079
0.0000	0.3200	0.0000	1.1902	0.0000	1.1868	42.7927
0.0000	0.3300	0.0000	1.2667	-0.0000	1.2027	42.9696
0.0000	0.3300	0.0000	1.2594	-0.0000	1.2185	43.0604
0.0000	0.3300	0.0000	1.2573	-0.0000	1.2504	43.1510
0.0000	0.3400	0.0000	1.3059	-0.0000	1.2661	43.2416
0.0000	0.3400	0.0000	1.3141	-0.0000	1.2821	43.4313
0.0000	0.3500	0.0000	1.3777	-0.0000	1.2980	43.5298
0.0000	0.3500	0.0000	1.3708	-0.0000	1.3297	43.7275
0.0000	0.3500	0.0000	1.3708	-0.0000	1.3455	43.7275
0.0000	0.3600	0.0000	1.4203	-0.0000	1.3615	43.8289
0.0000	0.3600	0.0000	1.4278	-0.0000	1.3773	44.0346
0.0000	0.3700	0.0000	1.4874	-0.0000	1.3932	44.1410
0.0000	0.3700	0.0000	1.4871	-0.0000	1.4249	44.2481
0.0000	0.3800	0.0000	1.5340	-0.0000	1.4408	44.3552
0.0000	0.3800	0.0000	1.5425	-0.0000	1.4567	44.5778
0.0000	0.3800	0.0000	1.5412	0.0000	1.4726	44.6888
0.0000	0.3900	0.0000	1.6012	0.0000	1.5043	44.9185
0.0000	0.3900	0.0000	1.6012	0.0000	1.5203	44.9185
0.0000	0.4000	0.0000	1.6285	0.0000	1.5362	45.0336
0.0000	0.4000	0.0000	1.6571	0.0000	1.5521	45.2726
0.0000	0.4000	0.0000	1.6556	0.0000	1.5678	45.3918
0.0000	0.4000	0.0000	1.6543	0.0000	1.5997	45.5110
0.0000	0.4000	0.0000	1.6534	0.0000	1.6156	45.6300
0.0000	0.4100	0.0000	1.7195	0.0000	1.6314	45.8723
0.0000	0.4100	0.0000	1.7136	0.0000	1.6473	45.9958
0.0000	0.4100	0.0000	1.7126	0.0000	1.6791	46.1191
0.0000	0.4100	0.0000	1.7120	0.0000	1.6949	46.2424
0.0000	0.4200	0.0000	1.7688	0.0000	1.7108	46.3691
0.0000	0.4200	0.0000	1.7713	0.0000	1.7267	46.6243
0.0000	0.4300	0.0000	1.8311	0.0000	1.7425	46.7555
0.0000	0.4300	0.0000	1.8316	-0.0000	1.7743	46.8874
0.0000	0.4400	0.0000	1.8776	-0.0000	1.7901	47.0193
0.0000	0.4400	0.0000	1.8873	-0.0000	1.8060	47.2916
0.0000	0.4400	0.0000	1.8855	-0.0000	1.8219	47.4274
0.0000	0.4500	0.0000	1.9410	-0.0000	1.8537	47.5665
0.0000	0.4500	0.0000	1.9447	-0.0000	1.8695	47.7065
0.0000	0.4600	0.0000	1.9710	-0.0000	1.8855	47.8464
0.0000	0.4600	0.0000	1.9997	-0.0000	1.9013	48.1348
0.0000	0.4600	0.0000	1.9977	-0.0000	1.9171	48.2786
0.0000	0.4700	0.0000	2.0504	-0.0000	1.9489	48.4256
0.0000	0.4700	0.0000	2.0570	-0.0000	1.9648	48.5737
0.0000	0.4800	0.0000	2.1188	0.0000	1.9807	48.8738
0.0000	0.4800	0.0000	2.1128	0.0000	1.9966	49.0260
0.0000	0.4800	0.0000	2.1109	0.0000	2.0000	49.1780
0.0000	0.4800	0.0000	2.1094	0.0000	2.0000	49.3299
0.0000	0.4800	0.0000	2.1084	0.0000	2.0000	49.4817
0.0000	0.4800	0.0000	2.1073	0.0000	2.0000	49.7852
0.0000	0.4800	0.0000	2.1072	0.0000	2.0000	49.9369
0.0000	0.4800	0.0000	2.1073	0.0000	2.0000	50.0886
0.0000	0.4800	0.0000	2.1076	0.0000	2.0000	50.2403
0.0000	0.4800	0.0000	2.1087	0.0000	2.0000	50.5439
0.0000	0.4800	0.0000	2.1092	0.0000	2.0000	50.6957
0.0000	0.4800	0.0000	2.1101	0.0000	2.0000	50.9995
0.0000	0.4800	0.0000	2.1101	0.0000	2.0000	50.9995
0.0000	0.4800	0.0000	2.1104	0.0000	2.0000	51.1515
0.0000	0.4800	0.0000	2.1107	0.0000	2.0000	51.4554
0.0000	0.4800	0.0000	2.1107	0.0000	2.0000	51.6074
0.0000	0.4800	0.0000	2.1106	0.0000	2.0000	51.7594
0.0000	0.4800	0.0000	2.1105	0.0000	2.0000	51.9113
0.0000	0.4800	0.0000	2.1101	0.0000	2.0000	52.2152
0.0000	0.4800	0.0000	2.1098	0.0000	2.0000	52.3671
0.0000	0.4800	0.0000	2.1092	0.0000	2.0000	52.6709
0.0000	0.4800	0.0000	2.1092	0.0000	2.0000	52.6709
0.0000	0.4800	0.0000	2.1090	0.0000	2.0000	52.8228
0.0000	0.4800	0.0000	2.1084	0.0000	2.0000	53.1264
0.0000	0.4800	0.0000	2.1080	0.0000	2.0000	53.2782
0.0000	0.4800	0.0000	2.1077	0.0000	2.0000	53.4300
0.0000	0.4800	0.0000	2.1074	0.0000	2.0000	53.5817
0.0000	0.4800	0.0000	2.1068	0.0000	2.0000	53.8852
0.0000	0.4800	0.0000	2.1065	0.0000	2.0000	54.0368
0.0000	0.4800	0.0000	2.1060	0.0000	2.0000	54.3401
0.0000	0.4800	0.0000	2.1060	0.0000	2.0000	54.3401
0.0000	0.4800	0.0000	2.1057	0.0000	2.0000	54.4918
0.0000	0.4800	0.0000	2.1053	0.0000	2.0000	54.7950
0.0000	0.4800	0.0000	2.1051	0.0000	2.0000	54.9465
0.0000	0.4800	0.0000	2.1049	0.0000	2.0000	55.0981
0.0000	0.4800	0.0000	2.1047	0.0000	2.0000	55.2496
0.0000	0.4800	0.0000	2.1043	0.0000	2.0000	55.5527
0.0000	0.4800	0.0000	2.1041	0.0000	2.0000	55.7042
0.0000	0.4800	0.0000	2.1037	0.0000	2.0000	56.0071
0.0000	0.4800	0.0000	2.1037	0.0000	2.0000	56.0071
0.0000	0.4800	0.0000	2.1034	0.0000	2.0000	56.1586
0.0000	0.4800	0.0000	2.1030	0.0000	2.0000	56.4615
0.0000	0.4800	0.0000	2.1028	0.0000	2.0000	56.6129
0.0000	0.4800	0.0000	2.1025	0.0000	2.0000	56.7643
0.0000	0.4800	0.0000	2.1023	0.0000	2.0000	56.9156
0.0000	0.4800	0.0000	2.1018	0.0000	2.0000	57.2183
0.0000	0.4800	0.0000	2.1016	0.0000	2.0000	57.3697
0.0000	0.4800	0.0000	2.1011	0.0000	2.0000	57.6722
0.0000	0.4800	0.0000	2.1011	0.0000	2.0000	57.6722
0.0000	0.4800	0.0000	2.1008	0.0000	2.0000	57.8235
0.0000	0.4800	0.0000	2.1003	0.0000	2.0000	58.1260
0.0000	0.4800	0.0000	2.1001	0.0000	2.0000	58.2772
0.0000	0.4800	0.0000	2.0999	0.0000	2.0000	58.4284
0.0000	0.4800	0.0000	2.0996	0.0000	2.0000	58.5796
0.0000	0.4800	0.0000	2.0991	0.0000	2.0000	58.8819
0.0000	0.4800	0.0000	2.0989	0.0000	2.0000	59.0330
0.0000	0.4800	0.0000	2.0986	0.0000	2.0000	59.1842
0.0000	0.4800	0.0000	2.0984	0.0000	2.0000	59.3352
0.0000	0.4800	0.0000	2.0982	0.0000	2.0000	59.4863
0.0000	0.4800	0.0000	2.0977	0.0000	2.0000	59.7884
0.0000	0.4800	0.0000	2.0974	0.0000	2.0000	59.9395
0.0000	0.4800	0.0000	2.0972	0.0000	2.0000	60.0905
0.0000	0.4800	0.0000	2.0969	0.0000	2.0000	60.2414
0.0000	0.4800	0.0000	2.0964	0.0000	2.0000	60.5434
0.0000	0.4800	0.0000	2.0962	0.0000	2.0000	60.6943
0.0000	0.4800	0.0000	2.0959	0.0000	2.0000	60.8452
0.0000	0.4800	0.0000	2.0957	0.0000	2.0000	60.9961
0.0000	0.4800	0.0000	2.0954	0.0000	2.0000	61.1470
0.0000	0.4800	0.0000	2.0949	0.0000	2.0000	61.4487
0.0000	0.4800	0.0000	2.0947	0.0000	2.0000	61.5995
0.0000	0.4800	0.0000	2.0944	0.0000	2.0000	61.7503
0.0000	0.4800	0.0000	2.0942	0.0000	2.0000	61.9011
0.0000	0.4800	0.0000	2.0937	0.0000	2.0000	62.2027
0.0000	0.4700	0.0000	2.0321	0.0000	2.0000	62.3496
0.0000	0.4700	0.0000	2.0316	0.0000	2.0000	62.4958
0.0000	0.4700	0.0000	2.0327	0.0000	2.0000	62.6421
0.0000	0.4700	0.0000	2.0334	0.0000	2.0000	62.7885
0.0000	0.4700	0.0000	2.0346	0.0000	2.0000	63.0815
0.0000	0.4700	0.0000	2.0350	0.0000	2.0000	63.2280
0.0000	0.4700	0.0000	2.0352	0.0000	2.0000	63.3745
0.0000	0.4700	0.0000	2.0353	0.0000	2.0000	63.5211
0.0000	0.4700	0.0000	2.0351	0.0000	2.0000	63.8142
0.0000	0.4700	0.0000	2.0349	0.0000	2.0000	63.9607
0.0000	0.4700	0.0000	2.0346	0.0000	2.0000	64.1072
0.0000	0.4700	0.0000	2.0342	0.0000	2.0000	64.2537
0.0000	0.4700	0.0000	2.0338	0.0000	2.0000	64.4002
0.0000	0.4700	0.0000	2.0329	0.0000	2.0000	64.6930
0.0000	0.4700	0.0000	2.0324	0.0000	2.0000	64.8393
0.0000	0.4700	0.0000	2.0319	0.0000	2.0000	64.9857
0.0000	0.4700	0.0000	2.0314	0.0000	2.0000	65.1319
0.0000	0.4700	0.0000	2.0305	0.0000	2.0000	65.4244
0.0000	0.4700	0.0000	2.0301	0.0000	2.0000	65.5706
0.0000	0.4700	0.0000	2.0294	0.0000	1.9751	65.8629
0.0000	0.4700	0.0000	2.0294	0.0000	1.9592	65.8629
0.0000	0.4700	0.0000	2.0291	0.0000	1.9434	66.0090
0.0000	0.4600	0.0000	1.9664	0.0000	1.9275	66.2971
0.0000	0.4600	0.0000	1.9670	0.0000	1.9117	66.4387
0.0000	0.4600	0.0000	1.9680	0.0000	1.8799	66.5803
0.0000	0.4500	0.0000	1.9257	0.0000	1.8639	66.7220
0.0000	0.4500	0.0000	1.9088	0.0000	1.8481	66.9966
0.0000	0.4500	0.0000	1.9103	0.0000	1.8322	67.1341
0.0000	0.4500	0.0000	1.9126	0.0000	1.8005	67.4094
0.0000	0.4500	0.0000	1.9126	0.0000	1.7845	67.4094
0.0000	0.4400	0.0000	1.8539	0.0000	1.7687	67.5446
0.0000	0.4400	0.0000	1.8534	0.0000	1.7528	67.8114
0.0000	0.4300	0.0000	1.7947	0.0000	1.7370	67.9414
0.0000	0.4300	0.0000	1.7938	0.0000	1.7051	68.0705
0.0000	0.4200	0.0000	1.7525	0.0000	1.6893	68.1997
0.0000	0.4200	0.0000	1.7366	0.0000	1.6735	68.4495
0.0000	0.4200	0.0000	1.7384	0.0000	1.6576	68.5746
0.0000	0.4100	0.0000	1.6810	0.0000	1.6258	68.6965
0.0000	0.4100	0.0000	1.6790	0.0000	1.6099	68.8174
0.0000	0.4100	0.0000	1.6807	0.0000	1.5940	68.9384
0.0000	0.4000	0.0000	1.6207	0.0000	1.5782	69.1766
0.0000	0.4000	0.0000	1.6218	0.0000	1.5624	69.2934
0.0000	0.4000	0.0000	1.6232	0.0000	1.5306	69.4103
0.0000	0.3900	0.0000	1.5811	0.0000	1.5147	69.5271
0.0000	0.3900	0.0000	1.5635	0.0000	1.4988	69.7521
0.0000	0.3800	0.0000	1.5034	0.0000	1.4830	69.8609
0.0000	0.3800	0.0000	1.5054	0.0000	1.4512	70.0775
0.0000	0.3800	0.0000	1.5054	0.0000	1.4353	70.0775
0.0000	0.3700	0.0000	1.4466	0.0000	1.4195	70.1835
0.0000	0.3700	0.0000	1.4471	0.0000	1.4036	70.3918
0.0000	0.3700	0.0000	1.4491	0.0000	1.3718	70.6004
0.0000	0.3700	0.0000	1.4491	0.0000	1.3558	70.6004
0.0000	0.3600	0.0000	1.4070	0.0000	1.3400	70.7046
0.0000	0.3600	0.0000	1.3885	0.0000	1.3242	70.9044
0.0000	0.3600	0.0000	1.3893	0.0000	1.3083	71.0045
0.0000	0.3500	0.0000	1.3310	0.0000	1.2765	71.1012
0.0000	0.3500	0.0000	1.3286	0.0000	1.2606	71.1968
0.0000	0.3400	0.0000	1.3032	0.0000	1.2448	71.2925
0.0000	0.3400	0.0000	1.2701	0.0000	1.2289	71.4753
0.0000	0.3400	0.0000	1.2716	0.0000	1.2131	71.5669
0.0000	0.3300	0.0000	1.2146	0.0000	1.1812	71.6553
0.0000	0.3300	0.0000	1.2120	0.0000	1.1654	71.7426
0.0000	0.3200	0.0000	1.1522	0.0000	1.1495	71.9132
0.0000	0.3200	0.0000	1.1546	0.0000	1.1337	71.9963
0.0000	0.3200	0.0000	1.1577	0.0000	1.1018	72.1628
0.0000	0.3200	0.0000	1.1577	0.0000	1.0859	72.1628
0.0000	0.3100	0.0000	1.0983	0.0000	1.0701	72.2438
0.0000	0.3100	0.0000	1.0988	0.0000	1.0541	72.4019
0.0000	0.3100	0.0000	1.0998	0.0000	1.0384	72.4811
0.0000	0.3100	0.0000	1.1005	0.0000	1.0066	72.5603
0.0000	0.3000	0.0000	1.0585	0.0000	0.9907	72.6395
0.0000	0.3000	0.0000	1.0396	0.0000	0.9748	72.7891
0.0000	0.2900	0.0000	0.9793	0.0000	0.9590	72.8602
0.0000	0.2900	0.0000	0.9810	0.0000	0.9272	73.0013
0.0000	0.2900	0.0000	0.9810	0.0000	0.9113	73.0013
0.0000	0.2800	0.0000	0.9218	0.0000	0.8954	73.0695
0.0000	0.2800	0.0000	0.9228	0.0000	0.8796	73.2022
0.0000	0.2800	0.0000	0.9252	0.0000	0.8478	73.3354
0.0000	0.2800	0.0000	0.9252	0.0000	0.8319	73.3354
0.0000	0.2700	0.0000	0.8670	0.0000	0.8160	73.3993
0.0000	0.2600	0.0000	0.8032	0.0000	0.8002	73.5197
0.0000	0.2600	0.0000	0.8055	0.0000	0.7843	73.5776
0.0000	0.2600	0.0000	0.8073	0.0000	0.7526	73.6357
0.0000	0.2600	0.0000	0.8087	0.0000	0.7366	73.6939
0.0000	0.2500	0.0000	0.7513	0.0000	0.7208	73.7491
0.0000	0.2500	0.0000	0.7504	0.0000	0.7049	73.8570
0.0000	0.2500	0.0000	0.7524	0.0000	0.6732	73.9653
0.0000	0.2500	0.0000	0.7524	0.0000	0.6572	73.9653
0.0000	0.2400	0.0000	0.6939	0.0000	0.6413	74.0168
0.0000	0.2400	0.0000	0.6925	0.0000	0.6255	74.1164
0.0000	0.2300	0.0000	0.6322	0.0000	0.6096	74.1626
0.0000	0.2300	0.0000	0.6324	0.0000	0.5779	74.2081
0.0000	0.2300	0.0000	0.6339	0.0000	0.5620	74.2537
0.0000	0.2200	0.0000	0.5744	0.0000	0.5461	74.2969
0.0000	0.2200	0.0000	0.5757	0.0000	0.5302	74.3796
0.0000	0.2100	0.0000	0.5169	0.0000	0.5144	74.4176
0.0000	0.2100	0.0000	0.5165	0.0000	0.4826	74.4547
0.0000	0.2000	0.0000	0.4763	0.0000	0.4667	74.4919
0.0000	0.2000	0.0000	0.4597	0.0000	0.4509	74.5578
0.0000	0.2000	0.0000	0.4615	0.0000	0.4350	74.5910
0.0000	0.1900	0.0000	0.4037	0.0000	0.4033	74.6209
0.0000	0.1900	0.0000	0.4024	0.0000	0.3873	74.6499
0.0000	0.1900	0.0000	0.4041	0.0000	0.3715	74.6789
0.0000	0.1900	0.0000	0.4064	0.0000	0.3556	74.7373
0.0000	0.1900	0.0000	0.4070	0.0000	0.3398	74.7667
0.0000	0.1800	0.0000	0.3486	0.0000	0.3080	74.7929
0.0000	0.1800	0.0000	0.3457	0.0000	0.2921	74.8178
0.0000	0.1700	0.0000	0.2846	0.0000	0.2762	74.8635
0.0000	0.1700	0.0000	0.2862	0.0000	0.2603	74.8840
0.0000	0.1700	0.0000	0.2886	0.0000	0.2286	74.9254
0.0000	0.1700	0.0000	0.2886	0.0000	0.2126	74.9254
0.0000	0.1600	0.0000	0.2285	0.0000	0.1968	74.9438
0.0000	0.1600	0.0000	0.2294	0.0000	0.1809	74.9767
0.0000	0.1500	0.0000	0.1704	0.0000	0.1651	74.9897
0.0000	0.1500	0.0000	0.1699	0.0000	0.1333	75.0019
0.0000	0.1400	0.0000	0.1297	0.0000	0.1175	75.0141
0.0000	0.1400	0.0000	0.1129	0.0000	0.1015	75.0300
0.0000	0.1400	0.0000	0.1147	0.0000	0.0857	75.0382
0.0000	0.1400	0.0000	0.1173	0.0000	0.0539	75.0550
0.0000	0.1400	0.0000	0.1173	0.0000	0.0380	75.0550
0.0000	0.1300	0.0000	0.0920	0.0000	0.0222	75.0634
0.0000	0.1300	0.0000	0.0574	0.0000	0.0062	75.0716
0.0000	0.1300	0.0000	0.0585	0.0000	-0.0095	75.0758
0.0000	0.1200	0.0000	0.0006	0.0000	-0.0413	75.0769
0.0000	0.1200	0.0000	-0.0018	0.0000	-0.0572	75.0768
0.0000	0.1100	0.0000	-0.0618	0.0000	-0.0731	75.0725
0.0000	0.1100	0.0000	-0.0598	0.0000	-0.0890	75.0682
0.0000	0.1100	0.0000	-0.0567	0.0000	-0.1208	75.0598
0.0000	0.1100	0.0000	-0.0567	0.0000	-0.1366	75.0598
0.0000	0.1000	0.0000	-0.1166	0.0000	-0.1525	75.0533
0.0000	0.0900	0.0000	-0.1770	0.0000	-0.1683	75.0326
0.0000	0.0900	0.0000	-0.1753	0.0000	-0.1842	75.0199
0.0000	0.0900	0.0000	-0.1732	0.0000	-0.2160	75.0073
0.0000	0.0800	0.0000	-0.2131	0.0000	-0.2319	74.9948
0.0000	0.0800	0.0000	-0.2305	0.0000	-0.2477	74.9613
0.0000	0.0700	0.0000	-0.2898	0.0000	-0.2637	74.9410
0.0000	0.0700	0.0000	-0.2868	0.0000	-0.2954	74.8994
0.0000	0.0700	0.0000	-0.2868	0.0000	-0.3112	74.8994
0.0000	0.0700	0.0000	-0.2852	0.0000	-0.3271	74.8788
0.0000	0.0700	0.0000	-0.2832	0.0000	-0.3430	74.8379
0.0000	0.0600	0.0000	-0.3429	0.0000	-0.3588	74.8140
0.0000	0.0600	0.0000	-0.3441	0.0000	-0.3907	74.7892
0.0000	0.0500	0.0000	-0.3846	0.0000	-0.4066	74.7644
0.0000	0.0500	0.0000	-0.4030	-0.0000	-0.4223	74.7061
0.0000	0.0500	0.0000	-0.4016	-0.0000	-0.4383	74.6771
0.0000	0.0500	0.0000	-0.3997	-0.0000	-0.4700	74.6194
0.0000	0.0500	0.0000	-0.3997	-0.0000	-0.4859	74.6194
0.0000	0.0400	0.0000	-0.4602	-0.0000	-0.5018	74.5882
0.0000	0.0300	0.0000	-0.5212	-0.0000	-0.5177	74.5179
0.0000	0.0300	0.0000	-0.5198	-0.0000	-0.5335	74.4804
0.0000	0.0300	0.0000	-0.5179	-0.0000	-0.5653	74.4431
0.0000	0.0200	0.0000	-0.5578	-0.0000	-0.5812	74.4057
0.0000	0.0200	0.0000	-0.5753	-0.0000	-0.5971	74.3226
0.0000	0.0100	0.0000	-0.6345	-0.0000	-0.6129	74.2774
0.0000	0.0100	0.0000	-0.6314	-0.0000	-0.6446	74.1862
0.0000	0.0100	0.0000	-0.6314	-0.0000	-0.6606	74.1862
0.0000	0.0100	0.0000	-0.6296	-0.0000	-0.6765	74.1408
0.0000	0.0100	0.0000	-0.6272	-0.0000	-0.6923	74.0503
0.0000	0.0000	0.0000	-0.6866	-0.0000	-0.7081	74.0016
0.0000	0.0000	0.0000	-0.6878	0.0000	-0.7400	73.9521
0.0000	0.0000	0.0100	-0.6939	-0.0000	-0.7558	73.9026
0.0000	0.0000	0.0100	-0.6958	-0.0000	-0.7717	73.8022
0.0000	0.0000	0.0100	-0.6953	-0.0000	-0.7876	73.7522
0.0000	0.0000	0.0200	-0.7156	-0.0000	-0.8194	73.7010
0.0000	0.0000	0.0200	-0.7163	-0.0000	-0.8353	73.6494
0.0000	0.0000	0.0300	-0.7250	-0.0000	-0.8511	73.5978
0.0000	0.0000	0.0300	-0.7826	-0.0000	-0.8670	73.4891
0.0000	0.0000	0.0300	-0.7992	-0.0000	-0.8828	73.4321
0.0000	0.0000	0.0400	-0.8429	-0.0000	-0.9146	73.3728
0.0000	0.0000	0.0400	-0.8620	-0.0000	-0.9304	73.3114
0.0000	0.0000	0.0500	-0.9166	-0.0000	-0.9464	73.1839
0.0000	0.0000	0.0500	-0.9305	-0.0000	-0.9623	73.1174
0.0000	0.0000	0.0500	-0.9416	-0.0000	-0.9940	72.9824
0.0000	0.0000	0.0500	-0.9416	-0.0000	-1.0100	72.9824
0.0000	0.0000	0.0500	-0.9440	-0.0000	-1.0258	72.9145
0.0000	0.0000	0.0600	-0.9835	-0.0000	-1.0417	72.7765
0.0000	0.0000	0.0600	-0.9944	-0.0000	-1.0575	72.7053
0.0000	0.0000	0.0600	-1.0004	-0.0000	-1.0892	72.6334
0.0000	0.0000	0.0700	-1.0193	-0.0000	-1.1051	72.5612
0.0000	0.0000	0.0700	-1.0580	-0.0000	-1.1211	72.4107
0.0000	0.0000	0.0700	-1.0640	-0.0000	-1.1369	72.3343
0.0000	0.0000	0.0800	-1.1034	-0.0000	-1.1687	72.2560
0.0000	0.0000	0.0800	-1.1184	-0.0000	-1.1845	72.1760
0.0000	0.0000	0.0900	-1.1349	-0.0000	-1.2004	72.0951
0.0000	0.0000	0.0900	-1.1833	-0.0000	-1.2163	71.9269
0.0000	0.0000	0.0900	-1.1896	-0.0000	-1.2321	71.8415
0.0000	0.0000	0.1000	-1.2286	-0.0000	-1.2639	71.7542
0.0000	0.0000	0.1000	-1.2440	-0.0000	-1.2798	71.6651
0.0000	0.0000	0.1100	-1.2960	-0.0000	-1.2957	71.4829
0.0000	0.0000	0.1100	-1.3093	-0.0000	-1.3116	71.3891
0.0000	0.0000	0.1100	-1.3157	-0.0000	-1.3434	71.2946
0.0000	0.0000	0.1100	-1.3193	-0.0000	-1.3592	71.1997
0.0000	0.0000	0.1200	-1.3609	-0.0000	-1.3751	71.1027
0.0000	0.0000	0.1200	-1.3784	-0.0000	-1.3909	70.9052
0.0000	0.0000	0.1200	-1.3818	-0.0000	-1.4068	70.8058
0.0000	0.0000	0.1200	-1.3840	-0.0000	-1.4386	70.7062
0.0000	0.0000	0.1300	-1.4007	-0.0000	-1.4545	70.6065
0.0000	0.0000	0.1300	-1.4371	-0.0000	-1.4703	70.4011
0.0000	0.0000	0.1400	-1.4831	-0.0000	-1.4862	70.2956
0.0000	0.0000	0.1400	-1.5037	-0.0000	-1.5000	70.0801
0.0000	0.0000	0.1400	-1.5037	-0.0000	-1.5000	70.0801
0.0000	0.0000	0.1400	-1.5075	-0.0000	-1.5000	69.9717
0.0000	0.0000	0.1400	-1.5113	-0.0000	-1.5000	69.7543
0.0000	0.0000	0.1400	-1.5124	-0.0000	-1.5000	69.6455
0.0000	0.0000	0.1400	-1.5133	-0.0000	-1.5000	69.5365
0.0000	0.0000	0.1400	-1.5141	-0.0000	-1.5000	69.4275
0.0000	0.0000	0.1400	-1.5156	-0.0000	-1.5000	69.2094
0.0000	0.0000	0.1400	-1.5162	-0.0000	-1.5000	69.1002
0.0000	0.0000	0.1400	-1.5175	-0.0000	-1.5000	68.8818
0.0000	0.0000	0.1400	-1.5175	-0.0000	-1.5000	68.8818
0.0000	0.0000	0.1400	-1.5181	-0.0000	-1.5000	68.7725
0.0000	0.0000	0.1400	-1.5193	-0.0000	-1.5000	68.5538
0.0000	0.0000	0.1400	-1.5197	-0.0000	-1.5000	68.4444
0.0000	0.0000	0.1400	-1.5200	-0.0000	-1.5000	68.3350
0.0000	0.0000	0.1400	-1.5203	-0.0000	-1.5000	68.2256
0.0000	0.0000	0.1400	-1.5207	-0.0000	-1.5000	68.0066
0.0000	0.0000	0.1400	-1.5207	-0.0000	-1.5000	67.8971
0.0000	0.0000	0.1400	-1.5207	-0.0000	-1.5000	67.6781
0.0000	0.0000	0.1400	-1.5207	-0.0000	-1.5000	67.6781
0.0000	0.0000	0.1400	-1.5205	-0.0000	-1.5000	67.5687
0.0000	0.0000	0.1400	-1.5202	-0.0000	-1.5000	67.3497
0.0000	0.0000	0.1400	-1.5199	-0.0000	-1.5000	67.2403
0.0000	0.0000	0.1400	-1.5197	-0.0000	-1.5000	67.1309
0.0000	0.0000	0.1400	-1.5194	-0.0000	-1.5000	67.0214
0.0000	0.0000	0.1400	-1.5189	-0.0000	-1.5000	66.8027
0.0000	0.0000	0.1400	-1.5186	-0.0000	-1.5000	66.6933
0.0000	0.0000	0.1400	-1.5180	-0.0000	-1.5000	66.4747
0.0000	0.0000	0.1400	-1.5180	-0.0000	-1.5000	66.4747
0.0000	0.0000	0.1400	-1.5178	-0.0000	-1.5000	66.3654
0.0000	0.0000	0.1400	-1.5173	-0.0000	-1.5000	66.1469
0.0000	0.0000	0.1400	-1.5170	-0.0000	-1.5000	66.0376
0.0000	0.0000	0.1400	-1.5168	-0.0000	-1.5000	65.9284
0.0000	0.0000	0.1400	-1.5166	-0.0000	-1.5000	65.8192
0.0000	0.0000	0.1400	-1.5162	-0.0000	-1.5000	65.6009
0.0000	0.0000	0.1400	-1.5159	-0.0000	-1.5000	65.4917
0.0000	0.0000	0.1400	-1.5155	-0.0000	-1.5000	65.2734
0.0000	0.0000	0.1400	-1.5155	-0.0000	-1.5000	65.2734
0.0000	0.0000	0.1400	-1.5154	-0.0000	-1.5000	65.1643
0.0000	0.0000	0.1400	-1.5150	-0.0000	-1.5000	64.9461
0.0000	0.0000	0.1400	-1.5148	-0.0000	-1.5000	64.8371
0.0000	0.0000	0.1400	-1.5146	-0.0000	-1.5000	64.7280
0.0000	0.0000	0.1400	-1.5144	-0.0000	-1.5000	64.6190
0.0000	0.0000	0.1400	-1.5140	-0.0000	-1.5000	64.4009
0.0000	0.0000	0.1400	-1.5138	-0.0000	-1.5000	64.2919
0.0000	0.0000	0.1400	-1.5134	-0.0000	-1.5000	64.0740
0.0000	0.0000	0.1400	-1.5134	-0.0000	-1.5000	64.0740
0.0000	0.0000	0.1400	-1.5132	-0.0000	-1.5000	63.9650
0.0000	0.0000	0.1400	-1.5128	-0.0000	-1.5000	63.7471
0.0000	0.0000	0.1400	-1.5125	-0.0000	-1.5000	63.6382
0.0000	0.0000	0.1400	-1.5123	-0.0000	-1.5000	63.5293
0.0000	0.0000	0.1400	-1.5121	-0.0000	-1.5000	63.4205
0.0000	0.0000	0.1400	-1.5117	-0.0000	-1.5000	63.2027
0.0000	0.0000	0.1400	-1.5115	-0.0000	-1.5000	63.0939
0.0000	0.0000	0.1400	-1.5111	-0.0000	-1.5000	62.8763
0.0000	0.0000	0.1400	-1.5111	-0.0000	-1.5000	62.8763
0.0000	0.0000	0.1400	-1.5109	-0.0000	-1.5000	62.7675
0.0000	0.0000	0.1400	-1.5105	-0.0000	-1.5000	62.5499
0.0000	0.0000	0.1400	-1.5103	-0.0000	-1.5000	62.4412
0.0000	0.0000	0.1400	-1.5101	-0.0000	-1.5000	62.3325
0.0000	0.0000	0.1400	-1.5099	-0.0000	-1.5000	62.2238
0.0000	0.0000	0.1400	-1.5095	-0.0000	-1.5000	62.0064
0.0000	0.0000	0.1400	-1.5093	-0.0000	-1.5000	61.8977
0.0000	0.0000	0.1400	-1.5091	-0.0000	-1.5000	61.7890
0.0000	0.0000	0.1400	-1.5089	-0.0000	-1.5000	61.6804
0.0000	0.0000	0.1400	-1.5087	-0.0000	-1.5000	61.5718
0.0000	0.0000	0.1400	-1.5083	-0.0000	-1.5000	61.3545
0.0000	0.0000	0.1400	-1.5081	-0.0000	-1.5000	61.2459
0.0000	0.0000	0.1400	-1.5079	-0.0000	-1.5000	61.1374
0.0000	0.0000	0.1400	-1.5077	-0.0000	-1.5000	61.0288
0.0000	0.0000	0.1400	-1.5073	-0.0000	-1.5000	60.8117
0.0000	0.0000	0.1400	-1.5071	-0.0000	-1.5000	60.7032
0.0000	0.0000	0.1400	-1.5067	-0.0000	-1.5000	60.4862
0.0000	0.0000	0.1400	-1.5067	-0.0000	-1.5000	60.4862
0.0000	0.0000	0.1400	-1.5065	-0.0000	-1.5000	60.3777
0.0000	0.0000	0.1400	-1.5061	-0.0000	-1.5000	60.1608
0.0000	0.0000	0.1400	-1.5059	-0.0000	-1.5000	60.0524
0.0000	0.0000	0.1400	-1.5057	-0.0000	-1.5000	59.9440
0.0000	0.0000	0.1400	-1.5055	-0.0000	-1.5000	59.8356
0.0000	0.0000	0.1400	-1.5051	-0.0000	-1.5000	59.6188
0.0000	0.0000	0.1400	-1.5049	-0.0000	-1.5000	59.5104
0.0000	0.0000	0.1400	-1.5046	-0.0000	-1.5000	59.2938
0.0000	0.0000	0.1400	-1.5046	-0.0000	-1.5000	59.2938
0.0000	0.0000	0.1400	-1.5044	-0.0000	-1.5000	59.1854
0.0000	0.0000	0.1400	-1.5040	-0.0000	-1.5000	58.9688
0.0000	0.0000	0.1400	-1.5038	-0.0000	-1.5000	58.8606
0.0000	0.0000	0.1400	-1.5036	-0.0000	-1.5000	58.7523
0.0000	0.0000	0.1400	-1.5034	-0.0000	-1.5000	58.6440
0.0000	0.0000	0.1400	-1.5030	-0.0000	-1.5000	58.4276
0.0000	0.0000	0.1400	-1.5029	-0.0000	-1.5000	58.3194
0.0000	0.0000	0.1400	-1.5025	-0.0000	-1.4855	58.1030
0.0000	0.0000	0.1400	-1.5025	-0.0000	-1.4696	58.1030
0.0000	0.0000	0.1400	-1.5023	-0.0000	-1.4538	57.9948
0.0000	0.0000	0.1400	-1.5019	-0.0000	-1.4378	57.7785
0.0000	0.0000	0.1400	-1.5017	-0.0000	-1.4220	57.6704
0.0000	0.0000	0.1400	-1.5016	-0.0000	-1.3902	57.5622
0.0000	0.0000	0.1300	-1.4844	-0.0000	-1.3743	57.4542
0.0000	0.0000	0.1300	-1.4435	-0.0000	-1.3584	57.2448
0.0000	0.0000	0.1300	-1.4403	-0.0000	-1.3426	57.1410
0.0000	0.0000	0.1200	-1.3813	-0.0000	-1.3109	56.9396
0.0000	0.0000	0.1200	-1.3813	-0.0000	-1.2950	56.9396
0.0000	0.0000	0.1100	-1.3675	-0.0000	-1.2790	56.8403
0.0000	0.0000	0.1100	-1.3178	-0.0000	-1.2632	56.6490
0.0000	0.0000	0.1100	-1.3155	-0.0000	-1.2474	56.5542
0.0000	0.0000	0.1000	-1.2700	-0.0000	-1.2155	56.4614
0.0000	0.0000	0.1000	-1.2583	-0.0000	-1.1996	56.3705
0.0000	0.0000	0.0900	-1.2045	-0.0000	-1.1838	56.1924
0.0000	0.0000	0.0900	-1.1972	-0.0000	-1.1679	56.1060
0.0000	0.0000	0.0900	-1.1934	-0.0000	-1.1362	55.9340
0.0000	0.0000	0.0900	-1.1934	-0.0000	-1.1203	55.9340
0.0000	0.0000	0.0900	-1.1931	-0.0000	-1.1044	55.8481
0.0000	0.0000	0.0800	-1.1457	-0.0000	-1.0886	55.6787
0.0000	0.0000	0.0800	-1.1368	-0.0000	-1.0727	55.5966
0.0000	0.0000	0.0800	-1.1329	-0.0000	-1.0409	55.5149
0.0000	0.0000	0.0700	-1.1129	-0.0000	-1.0250	55.4335
0.0000	0.0000	0.0700	-1.0712	-0.0000	-1.0092	55.2777
0.0000	0.0000	0.0600	-1.0183	-0.0000	-0.9933	55.2032
0.0000	0.0000	0.0600	-1.0037	-0.0000	-0.9615	55.0579
0.0000	0.0000	0.0600	-1.0037	-0.0000	-0.9457	55.0579
0.0000	0.0000	0.0500	-0.9577	-0.0000	-0.9298	54.9871
0.0000	0.0000	0.0500	-0.9413	-0.0000	-0.9139	54.8507
0.0000	0.0000	0.0400	-0.8824	-0.0000	-0.8821	54.7213
0.0000	0.0000	0.0400	-0.8824	-0.0000	-0.8663	54.7213
0.0000	0.0000	0.0300	-0.8607	-0.0000	-0.8503	54.6580
0.0000	0.0000	0.0300	-0.8190	-0.0000	-0.8346	54.5386
0.0000	0.0000	0.0300	-0.8161	-0.0000	-0.8186	54.4798
0.0000	0.0000	0.0300	-0.8149	-0.0000	-0.7868	54.4211
0.0000	0.0000	0.0300	-0.8145	-0.0000	-0.7710	54.3624
0.0000	0.0000	0.0200	-0.8039	-0.0000	-0.7551	54.3038
0.0000	0.0000	0.0200	-0.7585	-0.0000	-0.7393	54.1930
0.0000	0.0000	0.0200	-0.7547	-0.0000	-0.7234	54.1386
0.0000	0.0000	0.0100	-0.7086	-0.0000	-0.6915	54.0861
0.0000	0.0000	0.0100	-0.6963	-0.0000	-0.6757	54.0356
0.0000	0.0000	0.0000	-0.6510	-0.0000	-0.6598	53.9378
0.0000	0.0000	0.0000	-0.6508	-0.0000	-0.6440	53.8910
0.0000	0.0000	0.0000	-0.6528	-0.0000	-0.6122	53.7971
0.0000	0.0000	0.0000	-0.6528	-0.0000	-0.5964	53.7971
0.0000	0.0100	0.0000	-0.5975	0.0000	-0.5805	53.7527
0.0000	0.0100	0.0000	-0.5932	-0.0000	-0.5646	53.6674
0.0000	0.0200	0.0000	-0.5343	-0.0000	-0.5488	53.6283
0.0000	0.0200	0.0000	-0.5331	-0.0000	-0.5169	53.5900
0.0000	0.0300	0.0000	-0.4887	-0.0000	-0.5011	53.5516
0.0000	0.0300	0.0000	-0.4763	0.0000	-0.4851	53.4835
0.0000	0.0300	0.0000	-0.4780	0.0000	-0.4693	53.4492
0.0000	0.0300	0.0000	-0.4793	0.0000	-0.4376	53.4147
0.0000	0.0300	0.0000	-0.4804	0.0000	-0.4217	53.3802
0.0000	0.0400	0.0000	-0.4524	0.0000	-0.4058	53.3456
0.0000	0.0400	0.0000	-0.4202	0.0000	-0.3899	53.2852
0.0000	0.0400	0.0000	-0.4212	0.0000	-0.3741	53.2550
0.0000	0.0500	0.0000	-0.3664	0.0000	-0.3423	53.2278
0.0000	0.0500	0.0000	-0.3603	0.0000	-0.3264	53.2019
0.0000	0.0600	0.0000	-0.2979	0.0000	-0.3104	53.1541
0.0000	0.0600	0.0000	-0.3024	0.0000	-0.2946	53.1324
0.0000	0.0600	0.0000	-0.3054	0.0000	-0.2629	53.0886
0.0000	0.0600	0.0000	-0.3054	0.0000	-0.2470	53.0886
0.0000	0.0700	0.0000	-0.2510	0.0000	-0.2311	53.0693
0.0000	0.0800	0.0000	-0.1825	0.0000	-0.2152	53.0379
0.0000	0.0800	0.0000	-0.1864	0.0000	-0.1995	53.0246
0.0000	0.0800	0.0000	-0.1886	0.0000	-0.1676	53.0111
0.0000	0.0900	0.0000	-0.1433	0.0000	-0.1517	52.9976
0.0000	0.0900	0.0000	-0.1313	0.0000	-0.1359	52.9792
0.0000	0.0900	0.0000	-0.1328	0.0000	-0.1200	52.9696
0.0000	0.0900	0.0000	-0.1349	0.0000	-0.0882	52.9503
0.0000	0.0900	0.0000	-0.1349	0.0000	-0.0724	52.9503
0.0000	0.1000	0.0000	-0.0803	0.0000	-0.0566	52.9433
0.0000	0.1000	0.0000	-0.0749	0.0000	-0.0407	52.9325
0.0000	0.1100	0.0000	-0.0154	0.0000	-0.0248	52.9307
0.0000	0.1100	0.0000	-0.0144	0.0000	0.0070	52.9297
0.0000	0.1100	0.0000	-0.0162	0.0000	0.0229	52.9286
0.0000	0.1200	0.0000	0.0472	0.0000	0.0387	52.9304
0.0000	0.1200	0.0000	0.0427	0.0000	0.0546	52.9336
0.0000	0.1200	0.0000	0.0402	0.0000	0.0865	52.9395
0.0000	0.1200	0.0000	0.0402	0.0000	0.1023	52.9395
0.0000	0.1300	0.0000	0.0944	0.0000	0.1181	52.9450
0.0000	0.1400	0.0000	0.1636	0.0000	0.1341	52.9635
0.0000	0.1400	0.0000	0.1595	0.0000	0.1499	52.9751
0.0000	0.1400	0.0000	0.1574	0.0000	0.1818	52.9865
0.0000	0.1500	0.0000	0.2029	0.0000	0.1976	52.9979
0.0000	0.1500	0.0000	0.2146	0.0000	0.2134	53.0293
0.0000	0.1500	0.0000	0.2131	0.0000	0.2292	53.0446
0.0000	0.1500	0.0000	0.2118	0.0000	0.2610	53.0599
0.0000	0.1500	0.0000	0.2108	0.0000	0.2769	53.0751
0.0000	0.1600	0.0000	0.2653	0.0000	0.2928	53.0929
0.0000	0.1600	0.0000	0.2706	0.0000	0.3087	53.1319
0.0000	0.1700	0.0000	0.3300	0.0000	0.3245	53.1550
0.0000	0.1700	0.0000	0.3309	0.0000	0.3564	53.1789
0.0000	0.1800	0.0000	0.3762	0.0000	0.3722	53.2027
0.0000	0.1800	0.0000	0.3880	0.0000	0.3881	53.2590
0.0000	0.1800	0.0000	0.3864	0.0000	0.4040	53.2869
0.0000	0.1900	0.0000	0.4429	0.0000	0.4358	53.3181
0.0000	0.1900	0.0000	0.4460	0.0000	0.4516	53.3503
0.0000	0.2000	0.0000	0.4728	0.0000	0.4674	53.3823
0.0000	0.2000	0.0000	0.5023	0.0000	0.4833	53.4550
0.0000	0.2000	0.0000	0.5005	0.0000	0.4992	53.4911
0.0000	0.2100	0.0000	0.5546	0.0000	0.5310	53.5303
0.0000	0.2100	0.0000	0.5600	0.0000	0.5468	53.5706
0.0000	0.2100	0.0000	0.5562	0.0000	0.5627	53.6509
0.0000	0.2100	0.0000	0.5552	0.0000	0.5786	53.6909
0.0000	0.2100	0.0000	0.5542	0.0000	0.6103	53.7707
0.0000	0.2100	0.0000	0.5542	0.0000	0.6262	53.7707
0.0000	0.2200	0.0000	0.6093	0.0000	0.6421	53.8132
0.0000	0.2200	0.0000	0.6153	0.0000	0.6579	53.9018
0.0000	0.2300	0.0000	0.6750	0.0000	0.6739	53.9497
0.0000	0.2300	0.0000	0.6761	0.0000	0.7056	53.9984
0.0000	0.2400	0.0000	0.7214	0.0000	0.7216	54.0472
0.0000	0.2400	0.0000	0.7334	0.0000	0.7374	54.1532
0.0000	0.2400	0.0000	0.7317	0.0000	0.7533	54.2059
0.0000	0.2500	0.0000	0.7910	0.0000	0.7850	54.3190
0.0000	0.2500	0.0000	0.7910	0.0000	0.8009	54.3190
0.0000	0.2600	0.0000	0.8174	0.0000	0.8168	54.3759
0.0000	0.2600	0.0000	0.8468	0.0000	0.8327	54.4981
0.0000	0.2600	0.0000	0.8448	0.0000	0.8485	54.5590
0.0000	0.2700	0.0000	0.8988	0.0000	0.8803	54.6230
0.0000	0.2700	0.0000	0.9038	0.0000	0.8961	54.6881
0.0000	0.2700	0.0000	0.8998	0.0000	0.9120	54.8179
0.0000	0.2700	0.0000	0.8987	0.0000	0.9279	54.8826
0.0000	0.2700	0.0000	0.8975	0.0000	0.9597	55.0118
0.0000	0.2700	0.0000	0.8975	0.0000	0.9756	55.0118
0.0000	0.2800	0.0000	0.9529	0.0000	0.9914	55.0791
0.0000	0.2900	0.0000	1.0225	0.0000	1.0073	55.2212
0.0000	0.2900	0.0000	1.0193	0.0000	1.0231	55.2946
0.0000	0.2900	0.0000	1.0176	0.0000	1.0550	55.3679
0.0000	0.3000	0.0000	1.0630	0.0000	1.0708	55.4413
0.0000	0.3000	0.0000	1.0757	0.0000	1.0867	55.5965
0.0000	0.3100	0.0000	1.1364	0.0000	1.1025	55.6778
0.0000	0.3100	0.0000	1.1321	0.0000	1.1344	55.8411
0.0000	0.3100	0.0000	1.1321	0.0000	1.1502	55.8411
0.0000	0.3200	0.0000	1.1863	0.0000	1.1661	55.9252
0.0000	0.3200	0.0000	1.1885	0.0000	1.1820	56.0965
0.0000	0.3300	0.0000	1.2468	0.0000	1.1978	56.1856
0.0000	0.3300	0.0000	1.2470	0.0000	1.2297	56.2754
0.0000	0.3400	0.0000	1.2909	0.0000	1.2455	56.3652
0.0000	0.3400	0.0000	1.3026	0.0000	1.2613	56.5532
0.0000	0.3400	0.0000	1.3007	0.0000	1.2772	56.6469
0.0000	0.3400	0.0000	1.2981	0.0000	1.3089	56.8340
0.0000	0.3400	0.0000	1.2981	0.0000	1.3248	56.8340
0.0000	0.3400	0.0000	1.2974	0.0000	1.3407	56.9274
0.0000	0.3500	0.0000	1.3605	0.0000	1.3566	57.1182
0.0000	0.3500	0.0000	1.3586	0.0000	1.3724	57.2160
0.0000	0.3500	0.0000	1.3577	0.0000	1.4042	57.3138
0.0000	0.3600	0.0000	1.4030	0.0000	1.4201	57.4116
0.0000	0.3600	0.0000	1.4177	0.0000	1.4360	57.6161
0.0000	0.3700	0.0000	1.4786	0.0000	1.4519	57.7219
0.0000	0.3700	0.0000	1.4752	0.0000	1.4836	57.9346
0.0000	0.3700	0.0000	1.4752	0.0000	1.4996	57.9346
0.0000	0.3800	0.0000	1.5304	0.0000	1.5153	58.0434
0.0000	0.3800	0.0000	1.5318	0.0000	1.5313	58.2641
0.0000	0.3900	0.0000	1.5900	0.0000	1.5471	58.3780
0.0000	0.3900	0.0000	1.5901	0.0000	1.5789	58.4925
0.0000	0.4000	0.0000	1.6330	0.0000	1.5948	58.6070
0.0000	0.4000	0.0000	1.6453	0.0000	1.6106	58.8443
0.0000	0.4000	0.0000	1.6431	0.0000	1.6266	58.9627
0.0000	0.4100	0.0000	1.6993	0.0000	1.6583	59.0843
0.0000	0.4100	0.0000	1.7017	0.0000	1.6742	59.2068
0.0000	0.4200	0.0000	1.7273	0.0000	1.6901	59.3293
0.0000	0.4200	0.0000	1.7579	0.0000	1.7059	59.5826
0.0000	0.4200	0.0000	1.7559	0.0000	1.7218	59.7091
0.0000	0.4300	0.0000	1.8109	0.0000	1.7536	59.8386
0.0000	0.4300	0.0000	1.8152	0.0000	1.7694	59.9693
0.0000	0.4400	0.0000	1.8758	0.0000	1.7853	60.2347
0.0000	0.4400	0.0000	1.8722	0.0000	1.8012	60.3695
0.0000	0.4400	0.0000	1.8690	0.0000	1.8329	60.6388
0.0000	0.4400	0.0000	1.8690	0.0000	1.8489	60.6388
0.0000	0.4500	0.0000	1.9260	0.0000	1.8648	60.7759
0.0000	0.4600	0.0000	1.9903	0.0000	1.8805	61.0575
0.0000	0.4600	0.0000	1.9878	0.0000	1.8964	61.2007
0.0000	0.4600	0.0000	1.9856	0.0000	1.9282	61.3437
0.0000	0.4700	0.0000	2.0283	0.0000	1.9441	61.4867
0.0000	0.4700	0.0000	2.0429	0.0000	1.9599	61.7812
0.0000	0.4800	0.0000	2.1025	0.0000	1.9759	61.9320
0.0000	0.4800	0.0000	2.0989	0.0000	2.0000	62.2345
0.0000	0.4800	0.0000	2.0989	0.0000	2.0000	62.2345
0.0000	0.4700	0.0000	2.0387	0.0000	2.0000	62.3830
0.0000	0.4700	0.0000	2.0341	0.0000	2.0000	62.6759
0.0000	0.4700	0.0000	2.0345	0.0000	2.0000	62.8223
0.0000	0.4700	0.0000	2.0351	0.0000	2.0000	62.9688
0.0000	0.4700	0.0000	2.0359	0.0000	2.0000	63.1154
0.0000	0.4700	0.0000	2.0375	0.0000	2.0000	63.4086
0.0000	0.4700	0.0000	2.0382	0.0000	2.0000	63.5554
0.0000	0.4700	0.0000	2.0388	0.0000	2.0000	63.7022
0.0000	0.4700	0.0000	2.0392	0.0000	2.0000	63.8490
0.0000	0.4700	0.0000	2.0395	0.0000	2.0000	63.9958
0.0000	0.4700	0.0000	2.0398	0.0000	2.0000	64.2896
0.0000	0.4700	0.0000	2.0398	0.0000	2.0000	64.4365
0.0000	0.4700	0.0000	2.0397	0.0000	2.0000	64.5833
0.0000	0.4700	0.0000	2.0395	0.0000	2.0000	64.7302
0.0000	0.4700	0.0000	2.0389	0.0000	2.0000	65.0239
0.0000	0.4700	0.0000	2.0385	0.0000	2.0000	65.1706
0.0000	0.4700	0.0000	2.0377	0.0000	2.0000	65.4641
0.0000	0.4700	0.0000	2.0377	0.0000	2.0000	65.4641
0.0000	0.4700	0.0000	2.0373	0.0000	2.0000	65.6109
0.0000	0.4700	0.0000	2.0365	0.0000	2.0000	65.9042
0.0000	0.4700	0.0000	2.0360	0.0000	2.0000	66.0508
0.0000	0.4700	0.0000	2.0356	0.0000	2.0000	66.1974
0.0000	0.4700	0.0000	2.0352	0.0000	2.0000	66.3439
0.0000	0.4700	0.0000	2.0344	0.0000	2.0000	66.6369
0.0000	0.4700	0.0000	2.0341	0.0000	2.0000	66.7834
0.0000	0.4700	0.0000	2.0335	0.0000	2.0000	67.0762
0.0000	0.4700	0.0000	2.0335	0.0000	2.0000	67.0762
0.0000	0.4700	0.0000	2.0332	0.0000	2.0000	67.2226
0.0000	0.4700	0.0000	2.0328	0.0000	2.0000	67.5154
0.0000	0.4700	0.0000	2.0325	0.0000	2.0000	67.6618
0.0000	0.4700	0.0000	2.0323	0.0000	2.0000	67.8081
0.0000	0.4700	0.0000	2.0321	0.0000	2.0000	67.9544
0.0000	0.4700	0.0000	2.0317	0.0000	2.0000	68.2470
0.0000	0.4700	0.0000	2.0314	0.0000	2.0000	68.3933
0.0000	0.4700	0.0000	2.0309	0.0000	2.0000	68.6858
0.0000	0.4700	0.0000	2.0309	0.0000	2.0000	68.6858
0.0000	0.4700	0.0000	2.0306	0.0000	2.0000	68.8320
0.0000	0.4700	0.0000	2.0301	0.0000	2.0000	69.1244
0.0000	0.4700	0.0000	2.0298	0.0000	2.0000	69.2705
0.0000	0.4700	0.0000	2.0296	0.0000	2.0000	69.4167
0.0000	0.4700	0.0000	2.0293	0.0000	2.0000	69.5628
0.0000	0.4700	0.0000	2.0287	0.0000	2.0000	69.8550
0.0000	0.4700	0.0000	2.0284	0.0000	2.0000	70.0010
0.0000	0.4700	0.0000	2.0278	0.0000	2.0000	70.2931
0.0000	0.4700	0.0000	2.0278	0.0000	2.0000	70.2931
0.0000	0.4700	0.0000	2.0276	0.0000	2.0000	70.4391
0.0000	0.4700	0.0000	2.0270	0.0000	2.0000	70.7310
0.0000	0.4700	0.0000	2.0267	0.0000	2.0000	70.8769
0.0000	0.4700	0.0000	2.0264	0.0000	2.0000	71.0228
0.0000	0.4700	0.0000	2.0261	0.0000	2.0000	71.1687
0.0000	0.4700	0.0000	2.0256	0.0000	2.0000	71.4605
0.0000	0.4700	0.0000	2.0253	0.0000	2.0000	71.6063
0.0000	0.4700	0.0000	2.0250	0.0000	2.0000	71.7521
0.0000	0.4700	0.0000	2.0247	0.0000	2.0000	71.8979
0.0000	0.4700	0.0000	2.0244	0.0000	2.0000	72.0437
0.0000	0.4700	0.0000	2.0239	0.0000	2.0000	72.3352
0.0000	0.4700	0.0000	2.0236	0.0000	2.0000	72.4809
0.0000	0.4700	0.0000	2.0233	0.0000	2.0000	72.6266
0.0000	0.4700	0.0000	2.0230	0.0000	2.0000	72.7722
0.0000	0.4700	0.0000	2.0224	0.0000	2.0000	73.0635
0.0000	0.4700	0.0000	2.0221	0.0000	2.0000	73.2091
0.0000	0.4700	0.0000	2.0216	0.0000	2.0000	73.5003
0.0000	0.4700	0.0000	2.0216	0.0000	2.0000	73.5003
0.0000	0.4700	0.0000	2.0213	0.0000	2.0000	73.6458
0.0000	0.4700	0.0000	2.0207	0.0000	2.0000	73.9368
0.0000	0.4700	0.0000	2.0204	0.0000	2.0000	74.0823
0.0000	0.4700	0.0000	2.0201	0.0000	2.0000	74.2278
0.0000	0.4700	0.0000	2.0198	0.0000	2.0000	74.3732
0.0000	0.4700	0.0000	2.0192	0.0000	2.0000	74.6640
0.0000	0.4700	0.0000	2.0189	0.0000	2.0000	74.8094
0.0000	0.4700	0.0000	2.0183	0.0000	2.0000	75.1001
0.0000	0.4700	0.0000	2.0183	0.0000	2.0000	75.1001
0.0000	0.4700	0.0000	2.0180	0.0000	2.0000	75.2454
0.0000	0.4700	0.0000	2.0174	0.0000	2.0000	75.5359
0.0000	0.4700	0.0000	2.0171	0.0000	2.0000	75.6812
0.0000	0.4700	0.0000	2.0168	0.0000	2.0000	75.8264
0.0000	0.4700	0.0000	2.0165	0.0000	2.0000	75.9716
0.0000	0.4700	0.0000	2.0159	0.0000	2.0000	76.2620
0.0000	0.4700	0.0000	2.0156	0.0000	2.0000	76.4071
0.0000	0.4700	0.0000	2.0150	0.0000	2.0000	76.6973
0.0000	0.4700	0.0000	2.0150	0.0000	2.0000	76.6973
0.0000	0.4700	0.0000	2.0147	0.0000	2.0000	76.8424
0.0000	0.4700	0.0000	2.0141	0.0000	2.0000	77.1325
0.0000	0.4700	0.0000	2.0138	0.0000	2.0000	77.2775
0.0000	0.4700	0.0000	2.0135	0.0000	2.0000	77.4224
0.0000	0.4700	0.0000	2.0132	0.0000	2.0000	77.5674
0.0000	0.4700	0.0000	2.0126	0.0000	2.0000	77.8573
0.0000	0.4700	0.0000	2.0123	0.0000	2.0000	78.0022
0.0000	0.4700	0.0000	2.0117	0.0000	1.9959	78.2919
0.0000	0.4700	0.0000	2.0117	0.0000	1.9799	78.2919
0.0000	0.4700	0.0000	2.0114	0.0000	1.9641	78.4367
0.0000	0.4700	0.0000	2.0107	0.0000	1.9482	78.7263
0.0000	0.4600	0.0000	1.9503	0.0000	1.9324	78.8676
0.0000	0.4600	0.0000	1.9487	0.0000	1.9005	79.0079
0.0000	0.4500	0.0000	1.9091	0.0000	1.8847	79.1481
0.0000	0.4500	0.0000	1.8896	0.0000	1.8688	79.4200
0.0000	0.4500	0.0000	1.8913	0.0000	1.8529	79.5561
0.0000	0.4500	0.0000	1.8937	0.0000	1.8211	79.8287
0.0000	0.4500	0.0000	1.8937	0.0000	1.8053	79.8287
0.0000	0.4400	0.0000	1.8694	0.0000	1.7894	79.9651
0.0000	0.4400	0.0000	1.8341	0.0000	1.7735	80.2292
0.0000	0.4400	0.0000	1.8353	0.0000	1.7577	80.3614
0.0000	0.4300	0.0000	1.7769	0.0000	1.7259	80.4905
0.0000	0.4300	0.0000	1.7753	0.0000	1.7101	80.6183
0.0000	0.4200	0.0000	1.7156	0.0000	1.6942	80.8701
0.0000	0.4200	0.0000	1.7173	0.0000	1.6783	80.9937
0.0000	0.4200	0.0000	1.7201	0.0000	1.6465	81.2413
0.0000	0.4200	0.0000	1.7201	0.0000	1.6306	81.2413
0.0000	0.4100	0.0000	1.6590	0.0000	1.6148	81.3628
0.0000	0.4100	0.0000	1.6609	0.0000	1.5990	81.6020
0.0000	0.4000	0.0000	1.6016	0.0000	1.5831	81.7181
0.0000	0.4000	0.0000	1.6010	0.0000	1.5512	81.8334
0.0000	0.3900	0.0000	1.5621	0.0000	1.5353	81.9486
0.0000	0.3900	0.0000	1.5430	0.0000	1.5195	82.1707
0.0000	0.3900	0.0000	1.5445	0.0000	1.5036	82.2819
0.0000	0.3900	0.0000	1.5463	0.0000	1.4719	82.5045
0.0000	0.3900	0.0000	1.5463	0.0000	1.4561	82.5045
0.0000	0.3800	0.0000	1.5215	0.0000	1.4402	82.6159
0.0000	0.3800	0.0000	1.4852	0.0000	1.4243	82.8299
0.0000	0.3800	0.0000	1.4859	0.0000	1.4084	82.9368
0.0000	0.3700	0.0000	1.4267	0.0000	1.3766	83.0408
0.0000	0.3700	0.0000	1.4249	0.0000	1.3607	83.1434
0.0000	0.3600	0.0000	1.3647	0.0000	1.3449	83.3446
0.0000	0.3600	0.0000	1.3661	0.0000	1.3290	83.4430
0.0000	0.3600	0.0000	1.3686	0.0000	1.2973	83.6399
0.0000	0.3600	0.0000	1.3686	0.0000	1.2814	83.6399
0.0000	0.3500	0.0000	1.3073	0.0000	1.2655	83.7361
0.0000	0.3400	0.0000	1.2479	0.0000	1.2495	83.9207
0.0000	0.3400	0.0000	1.2492	0.0000	1.2338	84.0106
0.0000	0.3400	0.0000	1.2511	0.0000	1.2019	84.1006
0.0000	0.3400	0.0000	1.2526	0.0000	1.1861	84.1908
0.0000	0.3400	0.0000	1.2544	0.0000	1.1703	84.3714
0.0000	0.3300	0.0000	1.1937	0.0000	1.1543	84.4581
0.0000	0.3300	0.0000	1.1943	0.0000	1.1225	84.6300
0.0000	0.3300	0.0000	1.1943	0.0000	1.1066	84.6300
0.0000	0.3200	0.0000	1.1328	0.0000	1.0908	84.7136
0.0000	0.3200	0.0000	1.1349	0.0000	1.0749	84.8770
0.0000	0.3100	0.0000	1.0754	0.0000	1.0591	84.9552
0.0000	0.3100	0.0000	1.0751	0.0000	1.0273	85.0326
0.0000	0.3000	0.0000	1.0367	0.0000	1.0115	85.1100
0.0000	0.3000	0.0000	1.0175	0.0000	0.9956	85.2563
0.0000	0.3000	0.0000	1.0192	0.0000	0.9796	85.3297
0.0000	0.2900	0.0000	0.9599	0.0000	0.9479	85.4690
0.0000	0.2900	0.0000	0.9599	0.0000	0.9321	85.4690
0.0000	0.2900	0.0000	0.9615	0.0000	0.9162	85.5382
0.0000	0.2800	0.0000	0.9021	0.0000	0.9003	85.6730
0.0000	0.2800	0.0000	0.9029	0.0000	0.8845	85.7380
0.0000	0.2800	0.0000	0.9042	0.0000	0.8527	85.8030
0.0000	0.2800	0.0000	0.9052	0.0000	0.8368	85.8682
0.0000	0.2800	0.0000	0.9061	0.0000	0.8209	85.9987
0.0000	0.2700	0.0000	0.8451	0.0000	0.8050	86.0603
0.0000	0.2700	0.0000	0.8453	0.0000	0.7733	86.1819
0.0000	0.2700	0.0000	0.8453	0.0000	0.7574	86.1819
0.0000	0.2600	0.0000	0.7834	0.0000	0.7415	86.2404
0.0000	0.2600	0.0000	0.7855	0.0000	0.7256	86.3535
0.0000	0.2500	0.0000	0.7260	0.0000	0.7098	86.4066
0.0000	0.2500	0.0000	0.7258	0.0000	0.6780	86.4588
0.0000	0.2400	0.0000	0.6876	0.0000	0.6621	86.5110
0.0000	0.2400	0.0000	0.6686	0.0000	0.6462	86.6071
0.0000	0.2400	0.0000	0.6704	0.0000	0.6304	86.6553
0.0000	0.2300	0.0000	0.6117	0.0000	0.5987	86.7004
0.0000	0.2300	0.0000	0.6114	0.0000	0.5828	86.7444
0.0000	0.2200	0.0000	0.5885	0.0000	0.5669	86.7885
0.0000	0.2200	0.0000	0.5545	0.0000	0.5510	86.8682
0.0000	0.2200	0.0000	0.5563	0.0000	0.5352	86.9083
0.0000	0.2200	0.0000	0.5577	0.0000	0.5033	86.9484
0.0000	0.2200	0.0000	0.5586	0.0000	0.4875	86.9886
0.0000	0.2100	0.0000	0.4974	0.0000	0.4716	87.0650
0.0000	0.2100	0.0000	0.4980	0.0000	0.4557	87.1009
0.0000	0.2100	0.0000	0.4995	0.0000	0.4240	87.1728
0.0000	0.2100	0.0000	0.4995	0.0000	0.4081	87.1728
0.0000	0.2000	0.0000	0.4373	0.0000	0.3922	87.2064
0.0000	0.1900	0.0000	0.3776	0.0000	0.3763	87.2656
0.0000	0.1900	0.0000	0.3786	0.0000	0.3605	87.2928
0.0000	0.1900	0.0000	0.3803	0.0000	0.3287	87.3201
0.0000	0.1800	0.0000	0.3422	0.0000	0.3128	87.3475
0.0000	0.1800	0.0000	0.3224	0.0000	0.2970	87.3937
0.0000	0.1700	0.0000	0.2630	0.0000	0.2810	87.4133
0.0000	0.1700	0.0000	0.2660	0.0000	0.2493	87.4513
0.0000	0.1700	0.0000	0.2660	0.0000	0.2335	87.4513
0.0000	0.1600	0.0000	0.2431	0.0000	0.2175	87.4705
0.0000	0.1600	0.0000	0.2085	0.0000	0.2016	87.5005
0.0000	0.1600	0.0000	0.2101	0.0000	0.1857	87.5156
0.0000	0.1600	0.0000	0.2114	0.0000	0.1541	87.5308
0.0000	0.1600	0.0000	0.2122	0.0000	0.1382	87.5461
0.0000	0.1500	0.0000	0.1509	0.0000	0.1223	87.5726
0.0000	0.1500	0.0000	0.1515	0.0000	0.1064	87.5835
0.0000	0.1500	0.0000	0.1530	0.0000	0.0747	87.6054
0.0000	0.1500	0.0000	0.1530	0.0000	0.0587	87.6054
0.0000	0.1400	0.0000	0.0909	0.0000	0.0429	87.6141
0.0000	0.1300	0.0000	0.0314	0.0000	0.0271	87.6234
0.0000	0.1300	0.0000	0.0325	0.0000	0.0112	87.6257
0.0000	0.1300	0.0000	0.0343	0.0000	-0.0206	87.6281
0.0000	0.1200	0.0000	-0.0035	0.0000	-0.0365	87.6306
0.0000	0.1200	0.0000	-0.0233	0.0000	-0.0523	87.6270
0.0000	0.1100	0.0000	-0.0826	0.0000	-0.0682	87.6217
0.0000	0.1100	0.0000	-0.0794	0.0000	-0.1000	87.6100
0.0000	0.1100	0.0000	-0.0794	0.0000	-0.1158	87.6100
0.0000	0.1000	0.0000	-0.1402	0.0000	-0.1318	87.6019
0.0000	0.1000	0.0000	-0.1360	0.0000	-0.1477	87.5821
0.0000	0.1000	0.0000	-0.1343	0.0000	-0.1635	87.5724
0.0000	0.1000	0.0000	-0.1331	0.0000	-0.1953	87.5628
0.0000	0.0900	0.0000	-0.1715	0.0000	-0.2112	87.5532
0.0000	0.0900	0.0000	-0.1928	0.0000	-0.2270	87.5253
0.0000	0.0900	0.0000	-0.1917	0.0000	-0.2429	87.5114
0.0000	0.0800	0.0000	-0.2512	0.0000	-0.2747	87.4944
0.0000	0.0800	0.0000	-0.2520	0.0000	-0.2906	87.4762
0.0000	0.0700	0.0000	-0.2751	0.0000	-0.3064	87.4581
0.0000	0.0700	0.0000	-0.3101	-0.0000	-0.3224	87.4134
0.0000	0.0700	0.0000	-0.3084	-0.0000	-0.3381	87.3911
0.0000	0.0600	0.0000	-0.3672	0.0000	-0.3699	87.3659
0.0000	0.0600	0.0000	-0.3677	0.0000	-0.3858	87.3394
0.0000	0.0500	0.0000	-0.4263	0.0000	-0.4016	87.2826
0.0000	0.0500	0.0000	-0.4246	0.0000	-0.4176	87.2519
0.0000	0.0500	0.0000	-0.4211	-0.0000	-0.4493	87.1911
0.0000	0.0500	0.0000	-0.4211	-0.0000	-0.4652	87.1911
0.0000	0.0400	0.0000	-0.4827	-0.0000	-0.4811	87.1584
0.0000	0.0400	0.0000	-0.4794	0.0000	-0.4969	87.0892
0.0000	0.0400	0.0000	-0.4781	0.0000	-0.5128	87.0547
0.0000	0.0400	0.0000	-0.4771	0.0000	-0.5446	87.0204
0.0000	0.0300	0.0000	-0.5156	-0.0000	-0.5604	86.9859
0.0000	0.0300	0.0000	-0.5373	-0.0000	-0.5763	86.9084
0.0000	0.0300	0.0000	-0.5362	-0.0000	-0.5922	86.8698
0.0000	0.0200	0.0000	-0.5956	-0.0000	-0.6240	86.8279
0.0000	0.0200	0.0000	-0.5964	-0.0000	-0.6398	86.7849
0.0000	0.0100	0.0000	-0.6192	-0.0000	-0.6557	86.7420
0.0000	0.0100	0.0000	-0.6540	-0.0000	-0.6716	86.6477
0.0000	0.0100	0.0000	-0.6521	-0.0000	-0.6874	86.6007
0.0000	0.0000	0.0000	-0.7107	-0.0000	-0.7191	86.5508
0.0000	0.0000	0.0000	-0.7110	-0.0000	-0.7351	86.4995
0.0000	0.0000	0.0100	-0.7184	-0.0000	-0.7510	86.3967
0.0000	0.0000	0.0100	-0.7170	-0.0000	-0.7669	86.3450
0.0000	0.0000	0.0100	-0.7151	-0.0000	-0.7986	86.2419
0.0000	0.0000	0.0100	-0.7151	-0.0000	-0.8145	86.2419
0.0000	0.0000	0.0200	-0.7366	-0.0000	-0.8304	86.1896
0.0000	0.0000	0.0200	-0.7355	-0.0000	-0.8462	86.0836
0.0000	0.0000	0.0200	-0.7353	-0.0000	-0.8621	86.0307
0.0000	0.0000	0.0200	-0.7352	-0.0000	-0.8939	85.9778
0.0000	0.0000	0.0300	-0.7490	-0.0000	-0.9098	85.9248
0.0000	0.0000	0.0300	-0.8033	-0.0000	-0.9257	85.8131
0.0000	0.0000	0.0400	-0.8566	-0.0000	-0.9415	85.7529
0.0000	0.0000	0.0400	-0.8906	-0.0000	-0.9732	85.6268
0.0000	0.0000	0.0400	-0.8906	-0.0000	-0.9892	85.6268
0.0000	0.0000	0.0500	-0.9298	-0.0000	-1.0050	85.5614
0.0000	0.0000	0.0500	-0.9559	-0.0000	-1.0209	85.4253
0.0000	0.0000	0.0500	-0.9607	-0.0000	-1.0368	85.3563
0.0000	0.0000	0.0600	-0.9974	-0.0000	-1.0685	85.2857
0.0000	0.0000	0.0600	-1.0117	-0.0000	-1.0844	85.2133
0.0000	0.0000	0.0700	-1.0625	-0.0000	-1.1003	85.0646
0.0000	0.0000	0.0700	-1.0755	-0.0000	-1.1161	84.9876
0.0000	0.0000	0.0700	-1.0819	-0.0000	-1.1480	84.9099
0.0000	0.0000	0.0700	-1.0856	-0.0000	-1.1638	84.8319
0.0000	0.0000	0.0800	-1.1209	-0.0000	-1.1797	84.7526
0.0000	0.0000	0.0900	-1.1820	-0.0000	-1.1955	84.5874
0.0000	0.0000	0.0900	-1.1979	-0.0000	-1.2114	84.5017
0.0000	0.0000	0.0900	-1.2056	-0.0000	-1.2431	84.4151
0.0000	0.0000	0.0900	-1.2100	-0.0000	-1.2590	84.3282
0.0000	0.0000	0.0900	-1.2148	-0.0000	-1.2749	84.1535
0.0000	0.0000	0.1000	-1.2530	-0.0000	-1.2908	84.0642
0.0000	0.0000	0.1000	-1.2704	-0.0000	-1.3226	83.8823
0.0000	0.0000	0.1000	-1.2704	-0.0000	-1.3385	83.8823
0.0000	0.0000	0.1100	-1.3080	-0.0000	-1.3543	83.7897
0.0000	0.0000	0.1100	-1.3329	-0.0000	-1.3702	83.5992
0.0000	0.0000	0.1200	-1.3770	-0.0000	-1.3860	83.5013
0.0000	0.0000	0.1200	-1.3916	-0.0000	-1.4178	83.4016
0.0000	0.0000	0.1300	-1.4126	-0.0000	-1.4338	83.3011
0.0000	0.0000	0.1300	-1.4566	-0.0000	-1.4496	83.0933
0.0000	0.0000	0.1300	-1.4618	-0.0000	-1.4654	82.9882
0.0000	0.0000	0.1400	-1.5029	-0.0000	-1.4972	82.8813
0.0000	0.0000	0.1400	-1.5164	-0.0000	-1.5000	82.7725
0.0000	0.0000	0.1400	-1.5224	-0.0000	-1.5000	82.6631
0.0000	0.0000	0.1400	-1.5276	-0.0000	-1.5000	82.4434
0.0000	0.0000	0.1400	-1.5289	-0.0000	-1.5000	82.3334
0.0000	0.0000	0.1400	-1.5299	-0.0000	-1.5000	82.2232
0.0000	0.0000	0.1400	-1.5307	-0.0000	-1.5000	82.1130
0.0000	0.0000	0.1400	-1.5323	-0.0000	-1.5000	81.8925
0.0000	0.0000	0.1400	-1.5331	-0.0000	-1.5000	81.7821
0.0000	0.0000	0.1400	-1.5339	-0.0000	-1.5000	81.6717
0.0000	0.0000	0.1400	-1.5347	-0.0000	-1.5000	81.5613
0.0000	0.0000	0.1400	-1.5354	-0.0000	-1.5000	81.4507
0.0000	0.0000	0.1400	-1.5368	-0.0000	-1.5000	81.2295
0.0000	0.0000	0.1400	-1.5380	-0.0000	-1.5000	81.0082
0.0000	0.0000	0.1400	-1.5380	-0.0000	-1.5000	81.0082
0.0000	0.0000	0.1400	-1.5385	-0.0000	-1.5000	80.8974
0.0000	0.0000	0.1400	-1.5391	-0.0000	-1.5000	80.6758
0.0000	0.0000	0.1400	-1.5393	-0.0000	-1.5000	80.5650
0.0000	0.0000	0.1400	-1.5394	-0.0000	-1.5000	80.3433
0.0000	0.0000	0.1400	-1.5394	-0.0000	-1.5000	80.3433
0.0000	0.0000	0.1400	-1.5393	-0.0000	-1.5000	80.2325
0.0000	0.0000	0.1400	-1.5389	-0.0000	-1.5000	80.0109
0.0000	0.0000	0.1400	-1.5386	-0.0000	-1.5000	79.9001
0.0000	0.0000	0.1400	-1.5383	-0.0000	-1.5000	79.7893
0.0000	0.0000	0.1400	-1.5379	-0.0000	-1.5000	79.6786
0.0000	0.0000	0.1400	-1.5372	-0.0000	-1.5000	79.4572
0.0000	0.0000	0.1400	-1.5368	-0.0000	-1.5000	79.3465
0.0000	0.0000	0.1400	-1.5361	-0.0000	-1.5000	79.1253
0.0000	0.0000	0.1400	-1.5361	-0.0000	-1.5000	79.1253
0.0000	0.0000	0.1400	-1.5358	-0.0000	-1.5000	79.0147
0.0000	0.0000	0.1400	-1.5352	-0.0000	-1.5000	78.7936
0.0000	0.0000	0.1400	-1.5346	-0.0000	-1.5000	78.5725
0.0000	0.0000	0.1400	-1.5346	-0.0000	-1.5000	78.5725
0.0000	0.0000	0.1400	-1.5344	-0.0000	-1.5000	78.4620
0.0000	0.0000	0.1400	-1.5338	-0.0000	-1.5000	78.2411
0.0000	0.0000	0.1400	-1.5336	-0.0000	-1.5000	78.1307
0.0000	0.0000	0.1400	-1.5331	-0.0000	-1.5000	77.9099
0.0000	0.0000	0.1400	-1.5331	-0.0000	-1.5000	77.9099
0.0000	0.0000	0.1400	-1.5329	-0.0000	-1.5000	77.7995
0.0000	0.0000	0.1400	-1.5324	-0.0000	-1.5000	77.5788
0.0000	0.0000	0.1400	-1.5322	-0.0000	-1.5000	77.4685
0.0000	0.0000	0.1400	-1.5319	-0.0000	-1.5000	77.3582
0.0000	0.0000	0.1400	-1.5317	-0.0000	-1.5000	77.2479
0.0000	0.0000	0.1400	-1.5312	-0.0000	-1.5000	77.0274
0.0000	0.0000	0.1400	-1.5310	-0.0000	-1.5000	76.9171
0.0000	0.0000	0.1400	-1.5305	-0.0000	-1.5000	76.6967
0.0000	0.0000	0.1400	-1.5305	-0.0000	-1.5000	76.6967
0.0000	0.0000	0.1400	-1.5303	-0.0000	-1.5000	76.5865
0.0000	0.0000	0.1400	-1.5298	-0.0000	-1.5000	76.3662
0.0000	0.0000	0.1400	-1.5295	-0.0000	-1.5000	76.2561
0.0000	0.0000	0.1400	-1.5292	-0.0000	-1.5000	76.1459
0.0000	0.0000	0.1400	-1.5290	-0.0000	-1.5000	76.0359
0.0000	0.0000	0.1400	-1.5285	-0.0000	-1.5000	75.8157
0.0000	0.0000	0.1400	-1.5282	-0.0000	-1.5000	75.7057
0.0000	0.0000	0.1400	-1.5277	-0.0000	-1.5000	75.4856
0.0000	0.0000	0.1400	-1.5277	-0.0000	-1.5000	75.4856
0.0000	0.0000	0.1400	-1.5275	-0.0000	-1.5000	75.3757
0.0000	0.0000	0.1400	-1.5270	-0.0000	-1.5000	75.1557
0.0000	0.0000	0.1400	-1.5267	-0.0000	-1.5000	75.0458
0.0000	0.0000	0.1400	-1.5265	-0.0000	-1.5000	74.9359
0.0000	0.0000	0.1400	-1.5262	-0.0000	-1.5000	74.8260
0.0000	0.0000	0.1400	-1.5257	-0.0000	-1.5000	74.6062
0.0000	0.0000	0.1400	-1.5255	-0.0000	-1.5000	74.4964
0.0000	0.0000	0.1400	-1.5250	-0.0000	-1.5000	74.2768
0.0000	0.0000	0.1400	-1.5250	-0.0000	-1.5000	74.2768
0.0000	0.0000	0.1400	-1.5248	-0.0000	-1.5000	74.1670
0.0000	0.0000	0.1400	-1.5243	-0.0000	-1.5000	73.9474
0.0000	0.0000	0.1400	-1.5241	-0.0000	-1.5000	73.8377
0.0000	0.0000	0.1400	-1.5238	-0.0000	-1.5000	73.7280
0.0000	0.0000	0.1400	-1.5236	-0.0000	-1.5000	73.6183
0.0000	0.0000	0.1400	-1.5231	-0.0000	-1.5000	73.3989
0.0000	0.0000	0.1400	-1.5229	-0.0000	-1.5000	73.2892
0.0000	0.0000	0.1400	-1.5226	-0.0000	-1.5000	73.1796
0.0000	0.0000	0.1400	-1.5224	-0.0000	-1.5000	73.0700
0.0000	0.0000	0.1400	-1.5221	-0.0000	-1.5000	72.9604
0.0000	0.0000	0.1400	-1.5217	-0.0000	-1.5000	72.7412
0.0000	0.0000	0.1400	-1.5214	-0.0000	-1.5000	72.6317
0.0000	0.0000	0.1400	-1.5212	-0.0000	-1.5000	72.5221
0.0000	0.0000	0.1400	-1.5210	-0.0000	-1.5000	72.4126
0.0000	0.0000	0.1400	-1.5205	-0.0000	-1.5000	72.1936
0.0000	0.0000	0.1400	-1.5203	-0.0000	-1.5000	72.0842
0.0000	0.0000	0.1400	-1.5198	-0.0000	-1.5000	71.8653
0.0000	0.0000	0.1400	-1.5198	-0.0000	-1.5000	71.8653
0.0000	0.0000	0.1400	-1.5195	-0.0000	-1.5000	71.7559
0.0000	0.0000	0.1400	-1.5191	-0.0000	-1.5000	71.5371
0.0000	0.0000	0.1400	-1.5189	-0.0000	-1.5000	71.4277
0.0000	0.0000	0.1400	-1.5186	-0.0000	-1.5000	71.3184
0.0000	0.0000	0.1400	-1.5184	-0.0000	-1.5000	71.2090
0.0000	0.0000	0.1400	-1.5179	-0.0000	-1.5000	70.9904
0.0000	0.0000	0.1400	-1.5177	-0.0000	-1.5000	70.8811
0.0000	0.0000	0.1400	-1.5172	-0.0000	-1.5000	70.6626
0.0000	0.0000	0.1400	-1.5172	-0.0000	-1.4903	70.6626
0.0000	0.0000	0.1400	-1.5170	-0.0000	-1.4745	70.5534
0.0000	0.0000	0.1400	-1.5166	-0.0000	-1.4586	70.3350
0.0000	0.0000	0.1400	-1.5163	-0.0000	-1.4428	70.2258
0.0000	0.0000	0.1300	-1.4726	-0.0000	-1.4109	70.1183
0.0000	0.0000	0.1300	-1.4604	-0.0000	-1.3951	70.0128
0.0000	0.0000	0.1200	-1.4043	-0.0000	-1.3792	69.8056
0.0000	0.0000	0.1200	-1.3952	-0.0000	-1.3634	69.7049
0.0000	0.0000	0.1200	-1.3921	-0.0000	-1.3316	69.6046
0.0000	0.0000	0.1200	-1.3911	-0.0000	-1.3157	69.5044
0.0000	0.0000	0.1200	-1.3912	-0.0000	-1.2999	69.3041
0.0000	0.0000	0.1100	-1.3446	-0.0000	-1.2839	69.2062
0.0000	0.0000	0.1100	-1.3321	-0.0000	-1.2521	69.0138
0.0000	0.0000	0.1100	-1.3321	-0.0000	-1.2363	69.0138
0.0000	0.0000	0.1000	-1.2858	-0.0000	-1.2205	68.9193
0.0000	0.0000	0.1000	-1.2701	-0.0000	-1.2045	68.7356
0.0000	0.0000	0.0900	-1.2217	-0.0000	-1.1886	68.6463
0.0000	0.0000	0.0900	-1.2115	-0.0000	-1.1569	68.5588
0.0000	0.0000	0.0800	-1.1909	-0.0000	-1.1410	68.4718
0.0000	0.0000	0.0800	-1.1476	-0.0000	-1.1251	68.3051
0.0000	0.0000	0.0800	-1.1446	-0.0000	-1.1092	68.2226
0.0000	0.0000	0.0700	-1.0869	-0.0000	-1.0775	68.0636
0.0000	0.0000	0.0700	-1.0869	-0.0000	-1.0616	68.0636
0.0000	0.0000	0.0700	-1.0829	-0.0000	-1.0457	67.9855
0.0000	0.0000	0.0600	-1.0324	-0.0000	-1.0299	67.8323
0.0000	0.0000	0.0600	-1.0236	-0.0000	-1.0141	67.7583
0.0000	0.0000	0.0600	-1.0198	-0.0000	-0.9822	67.6848
0.0000	0.0000	0.0600	-1.0180	-0.0000	-0.9664	67.6114
0.0000	0.0000	0.0600	-1.0164	-0.0000	-0.9505	67.4650
0.0000	0.0000	0.0500	-0.9698	-0.0000	-0.9346	67.3940
0.0000	0.0000	0.0500	-0.9557	-0.0000	-0.9028	67.2557
0.0000	0.0000	0.0500	-0.9557	-0.0000	-0.8870	67.2557
0.0000	0.0000	0.0400	-0.9087	-0.0000	-0.8710	67.1886
0.0000	0.0000	0.0400	-0.8922	-0.0000	-0.8553	67.0592
0.0000	0.0000	0.0300	-0.8424	-0.0000	-0.8394	66.9972
0.0000	0.0000	0.0300	-0.8323	-0.0000	-0.8076	66.9370
0.0000	0.0000	0.0200	-0.8111	-0.0000	-0.7917	66.8773
0.0000	0.0000	0.0200	-0.7679	-0.0000	-0.7758	66.7652
0.0000	0.0000	0.0200	-0.7648	-0.0000	-0.7600	66.7100
0.0000	0.0000	0.0100	-0.7180	-0.0000	-0.7282	66.6570
0.0000	0.0000	0.0100	-0.7078	-0.0000	-0.7124	66.6057
0.0000	0.0000	0.0000	-0.6988	-0.0000	-0.6965	66.5549
0.0000	0.0000	0.0000	-0.6649	-0.0000	-0.6806	66.4584
0.0000	0.0000	0.0000	-0.6665	-0.0000	-0.6648	66.4104
0.0000	0.0000	0.0000	-0.6677	-0.0000	-0.6330	66.3624
0.0000	0.0000	0.0000	-0.6685	-0.0000	-0.6171	66.3143
0.0000	0.0100	0.0000	-0.6061	-0.0000	-0.6013	66.2222
0.0000	0.0100	0.0000	-0.6076	-0.0000	-0.5853	66.1785
0.0000	0.0100	0.0000	-0.6084	0.0000	-0.5535	66.1347
0.0000	0.0100	0.0000	-0.6088	0.0000	-0.5377	66.0909
0.0000	0.0200	0.0000	-0.5505	-0.0000	-0.5218	66.0504
0.0000	0.0300	0.0000	-0.4860	-0.0000	-0.5059	65.9756
0.0000	0.0300	0.0000	-0.4875	-0.0000	-0.4901	65.9406
0.0000	0.0300	0.0000	-0.4892	-0.0000	-0.4582	65.9054
0.0000	0.0400	0.0000	-0.4471	-0.0000	-0.4423	65.8703
0.0000	0.0400	0.0000	-0.4310	-0.0000	-0.4266	65.8086
0.0000	0.0500	0.0000	-0.3714	-0.0000	-0.4107	65.7813
0.0000	0.0500	0.0000	-0.3723	-0.0000	-0.3789	65.7546
0.0000	0.0500	0.0000	-0.3744	-0.0000	-0.3629	65.7277
0.0000	0.0500	0.0000	-0.3761	-0.0000	-0.3471	65.7007
0.0000	0.0500	0.0000	-0.3783	0.0000	-0.3313	65.6463
0.0000	0.0500	0.0000	-0.3788	0.0000	-0.3154	65.6191
0.0000	0.0600	0.0000	-0.3216	0.0000	-0.2836	65.5949
0.0000	0.0600	0.0000	-0.3173	0.0000	-0.2677	65.5721
0.0000	0.0700	0.0000	-0.2556	0.0000	-0.2519	65.5305
0.0000	0.0700	0.0000	-0.2578	0.0000	-0.2360	65.5120
0.0000	0.0700	0.0000	-0.2592	0.0000	-0.2043	65.4934
0.0000	0.0700	0.0000	-0.2602	0.0000	-0.1884	65.4747
0.0000	0.0800	0.0000	-0.2035	0.0000	-0.1725	65.4587
0.0000	0.0900	0.0000	-0.1386	0.0000	-0.1567	65.4339
0.0000	0.0900	0.0000	-0.1407	0.0000	-0.1408	65.4239
0.0000	0.0900	0.0000	-0.1428	0.0000	-0.1090	65.4137
0.0000	0.1000	0.0000	-0.1006	0.0000	-0.0931	65.4034
0.0000	0.1000	0.0000	-0.0854	0.0000	-0.0772	65.3915
0.0000	0.1100	0.0000	-0.0258	0.0000	-0.0614	65.3891
0.0000	0.1100	0.0000	-0.0269	0.0000	-0.0295	65.3872
0.0000	0.1100	0.0000	-0.0292	0.0000	-0.0137	65.3852
0.0000	0.1100	0.0000	-0.0308	0.0000	0.0022	65.3830
0.0000	0.1100	0.0000	-0.0329	0.0000	0.0180	65.3784
0.0000	0.1200	0.0000	0.0266	0.0000	0.0339	65.3796
0.0000	0.1200	0.0000	0.0281	0.0000	0.0657	65.3817
0.0000	0.1300	0.0000	0.0710	0.0000	0.0816	65.3838
0.0000	0.1300	0.0000	0.0871	0.0000	0.0975	65.3966
0.0000	0.1300	0.0000	0.0858	0.0000	0.1133	65.4028
0.0000	0.1400	0.0000	0.1458	0.0000	0.1451	65.4229
0.0000	0.1400	0.0000	0.1458	0.0000	0.1609	65.4229
0.0000	0.1500	0.0000	0.1714	0.0000	0.1769	65.4333
0.0000	0.1500	0.0000	0.2032	0.0000	0.1927	65.4628
0.0000	0.1500	0.0000	0.2014	0.0000	0.2086	65.4774
0.0000	0.1600	0.0000	0.2574	0.0000	0.2404	65.4950
0.0000	0.1600	0.0000	0.2606	0.0000	0.2562	65.5138
0.0000	0.1600	0.0000	0.2572	0.0000	0.2721	65.5510
0.0000	0.1700	0.0000	0.3175	0.0000	0.2880	65.5733
0.0000	0.1700	0.0000	0.3169	0.0000	0.3198	65.5962
0.0000	0.1700	0.0000	0.3152	0.0000	0.3356	65.6189
0.0000	0.1800	0.0000	0.3712	0.0000	0.3515	65.6443
0.0000	0.1800	0.0000	0.3732	0.0000	0.3673	65.6982
0.0000	0.1800	0.0000	0.3719	0.0000	0.3832	65.7250
0.0000	0.1800	0.0000	0.3709	0.0000	0.4151	65.7517
0.0000	0.1900	0.0000	0.4143	0.0000	0.4309	65.7785
0.0000	0.1900	0.0000	0.4311	0.0000	0.4468	65.8408
0.0000	0.1900	0.0000	0.4301	0.0000	0.4627	65.8718
0.0000	0.2000	0.0000	0.4905	0.0000	0.4944	65.9415
0.0000	0.2000	0.0000	0.4905	0.0000	0.5103	65.9415
0.0000	0.2100	0.0000	0.5162	0.0000	0.5262	65.9767
0.0000	0.2100	0.0000	0.5482	0.0000	0.5420	66.0559
0.0000	0.2100	0.0000	0.5465	0.0000	0.5579	66.0953
0.0000	0.2200	0.0000	0.6025	0.0000	0.5896	66.1377
0.0000	0.2200	0.0000	0.6056	0.0000	0.6055	66.1814
0.0000	0.2300	0.0000	0.6653	0.0000	0.6214	66.2725
0.0000	0.2300	0.0000	0.6622	0.0000	0.6373	66.3203
0.0000	0.2300	0.0000	0.6585	0.0000	0.6691	66.4153
0.0000	0.2300	0.0000	0.6585	0.0000	0.6850	66.4153
0.0000	0.2400	0.0000	0.7162	0.0000	0.7008	66.4652
0.0000	0.2400	0.0000	0.7166	0.0000	0.7167	66.5685
0.0000	0.2400	0.0000	0.7153	0.0000	0.7326	66.6200
0.0000	0.2400	0.0000	0.7144	0.0000	0.7644	66.6715
0.0000	0.2500	0.0000	0.7577	0.0000	0.7802	66.7230
0.0000	0.2500	0.0000	0.7746	0.0000	0.7961	66.8347
0.0000	0.2600	0.0000	0.8350	0.0000	0.8120	66.8943
0.0000	0.2600	0.0000	0.8345	0.0000	0.8437	66.9544
0.0000	0.2600	0.0000	0.8328	0.0000	0.8595	67.0144
0.0000	0.2700	0.0000	0.8901	0.0000	0.8754	67.0777
0.0000	0.2700	0.0000	0.8901	0.0000	0.8913	67.2061
0.0000	0.2700	0.0000	0.8885	0.0000	0.9071	67.2701
0.0000	0.2800	0.0000	0.9449	0.0000	0.9390	67.3372
0.0000	0.2800	0.0000	0.9480	0.0000	0.9548	67.4054
0.0000	0.2900	0.0000	1.0080	0.0000	0.9707	67.5459
0.0000	0.2900	0.0000	1.0051	0.0000	0.9865	67.6183
0.0000	0.2900	0.0000	1.0016	0.0000	1.0184	67.7627
0.0000	0.2900	0.0000	1.0016	0.0000	1.0342	67.7627
0.0000	0.3000	0.0000	1.0598	0.0000	1.0500	67.8373
0.0000	0.3000	0.0000	1.0598	0.0000	1.0659	67.9900
0.0000	0.3000	0.0000	1.0585	0.0000	1.0818	68.0663
0.0000	0.3000	0.0000	1.0575	0.0000	1.1136	68.1424
0.0000	0.3100	0.0000	1.1002	0.0000	1.1295	68.2186
0.0000	0.3100	0.0000	1.1176	0.0000	1.1454	68.3798
0.0000	0.3200	0.0000	1.1777	0.0000	1.1612	68.4640
0.0000	0.3200	0.0000	1.1772	0.0000	1.1929	68.5488
0.0000	0.3200	0.0000	1.1754	0.0000	1.2089	68.6335
0.0000	0.3300	0.0000	1.2327	0.0000	1.2247	68.7214
0.0000	0.3300	0.0000	1.2324	0.0000	1.2407	68.8991
0.0000	0.3400	0.0000	1.2907	0.0000	1.2565	68.9913
0.0000	0.3400	0.0000	1.2909	0.0000	1.2883	69.0843
0.0000	0.3500	0.0000	1.3318	0.0000	1.3042	69.1773
0.0000	0.3500	0.0000	1.3468	0.0000	1.3200	69.3716
0.0000	0.3500	0.0000	1.3447	0.0000	1.3359	69.4684
0.0000	0.3600	0.0000	1.4033	0.0000	1.3677	69.6696
0.0000	0.3600	0.0000	1.4033	0.0000	1.3835	69.6696
0.0000	0.3700	0.0000	1.4279	0.0000	1.3994	69.7705
0.0000	0.3700	0.0000	1.4598	0.0000	1.4153	69.9809
0.0000	0.3700	0.0000	1.4578	0.0000	1.4311	70.0859
0.0000	0.3700	0.0000	1.4563	0.0000	1.4629	70.1908
0.0000	0.3700	0.0000	1.4552	0.0000	1.4788	70.2955
0.0000	0.3800	0.0000	1.5170	0.0000	1.4946	70.5092
0.0000	0.3800	0.0000	1.5154	0.0000	1.5105	70.6183
0.0000	0.3800	0.0000	1.5143	0.0000	1.5423	70.7273
0.0000	0.3800	0.0000	1.5135	0.0000	1.5582	70.8363
0.0000	0.3900	0.0000	1.5731	0.0000	1.5741	70.9478
0.0000	0.3900	0.0000	1.5732	0.0000	1.5899	71.1744
0.0000	0.4000	0.0000	1.6321	0.0000	1.6058	71.2912
0.0000	0.4000	0.0000	1.6328	0.0000	1.6376	71.4088
0.0000	0.4100	0.0000	1.6731	0.0000	1.6535	71.5264
0.0000	0.4100	0.0000	1.6894	0.0000	1.6693	71.7699
0.0000	0.4100	0.0000	1.6872	0.0000	1.6852	71.8915
0.0000	0.4200	0.0000	1.7455	0.0000	1.7169	72.1419
0.0000	0.4200	0.0000	1.7455	0.0000	1.7328	72.1419
0.0000	0.4300	0.0000	1.7695	0.0000	1.7488	72.2675
0.0000	0.4300	0.0000	1.8012	0.0000	1.7646	72.5270
0.0000	0.4300	0.0000	1.7989	0.0000	1.7804	72.6566
0.0000	0.4300	0.0000	1.7971	0.0000	1.8123	72.7860
0.0000	0.4300	0.0000	1.7957	0.0000	1.8281	72.9153
0.0000	0.4400	0.0000	1.8567	0.0000	1.8439	73.1779
0.0000	0.4400	0.0000	1.8552	0.0000	1.8598	73.3115
0.0000	0.4400	0.0000	1.8530	0.0000	1.8916	73.5784
0.0000	0.4400	0.0000	1.8530	0.0000	1.9074	73.5784
0.0000	0.4500	0.0000	1.9133	0.0000	1.9233	73.7142
0.0000	0.4600	0.0000	1.9742	0.0000	1.9392	73.9937
0.0000	0.4600	0.0000	1.9727	0.0000	1.9551	74.1358
0.0000	0.4600	0.0000	1.9706	0.0000	1.9869	74.2777
0.0000	0.4700	0.0000	2.0102	0.0000	2.0000	74.4196
0.0000	0.4700	0.0000	2.0276	0.0000	2.0000	74.7119
0.0000	0.4700	0.0000	2.0256	0.0000	2.0000	74.8577
0.0000	0.4700	0.0000	2.0240	0.0000	2.0000	75.0035
0.0000	0.4700	0.0000	2.0227	0.0000	2.0000	75.1491
0.0000	0.4700	0.0000	2.0218	0.0000	2.0000	75.2947
0.0000	0.4700	0.0000	2.0206	0.0000	2.0000	75.5856
0.0000	0.4700	0.0000	2.0204	0.0000	2.0000	75.7311
0.0000	0.4700	0.0000	2.0203	0.0000	2.0000	75.8765
0.0000	0.4700	0.0000	2.0204	0.0000	2.0000	76.0220
0.0000	0.4700	0.0000	2.0209	0.0000	2.0000	76.3129
0.0000	0.4700	0.0000	2.0212	0.0000	2.0000	76.4585
0.0000	0.4700	0.0000	2.0217	0.0000	2.0000	76.7496
0.0000	0.4700	0.0000	2.0217	0.0000	2.0000	76.7496
0.0000	0.4700	0.0000	2.0218	0.0000	2.0000	76.8951
0.0000	0.4700	0.0000	2.0218	0.0000	2.0000	77.1863
0.0000	0.4700	0.0000	2.0215	0.0000	2.0000	77.4774
0.0000	0.4700	0.0000	2.0215	0.0000	2.0000	77.4774
0.0000	0.4700	0.0000	2.0213	0.0000	2.0000	77.6230
0.0000	0.4700	0.0000	2.0207	0.0000	2.0000	77.9140
0.0000	0.4700	0.0000	2.0204	0.0000	2.0000	78.0595
0.0000	0.4700	0.0000	2.0197	0.0000	2.0000	78.3504
0.0000	0.4700	0.0000	2.0197	0.0000	2.0000	78.3504
0.0000	0.4700	0.0000	2.0193	0.0000	2.0000	78.4958
0.0000	0.4700	0.0000	2.0185	0.0000	2.0000	78.7865
0.0000	0.4700	0.0000	2.0181	0.0000	2.0000	78.9318
0.0000	0.4700	0.0000	2.0177	0.0000	2.0000	79.0771
0.0000	0.4700	0.0000	2.0173	0.0000	2.0000	79.2224
0.0000	0.4700	0.0000	2.0165	0.0000	2.0000	79.5128
0.0000	0.4700	0.0000	2.0162	0.0000	2.0000	79.6580
0.0000	0.4700	0.0000	2.0155	0.0000	2.0000	79.9483
0.0000	0.4700	0.0000	2.0155	0.0000	2.0000	79.9483
0.0000	0.4700	0.0000	2.0151	0.0000	2.0000	80.0934
0.0000	0.4700	0.0000	2.0145	0.0000	2.0000	80.3835
0.0000	0.4700	0.0000	2.0142	0.0000	2.0000	80.5286
0.0000	0.4700	0.0000	2.0139	0.0000	2.0000	80.6736
0.0000	0.4700	0.0000	2.0136	0.0000	2.0000	80.8186
0.0000	0.4700	0.0000	2.0130	0.0000	2.0000	81.1085
0.0000	0.4700	0.0000	2.0127	0.0000	2.0000	81.2534
0.0000	0.4700	0.0000	2.0124	0.0000	2.0000	81.3983
0.0000	0.4700	0.0000	2.0121	0.0000	2.0000	81.5432
0.0000	0.4700	0.0000	2.0118	0.0000	2.0000	81.6881
0.0000	0.4700	0.0000	2.0112	0.0000	2.0000	81.9778
0.0000	0.4700	0.0000	2.0109	0.0000	2.0000	82.1225
0.0000	0.4700	0.0000	2.0105	0.0000	2.0000	82.2673
0.0000	0.4700	0.0000	2.0102	0.0000	2.0000	82.4121
0.0000	0.4700	0.0000	2.0096	0.0000	2.0000	82.7015
0.0000	0.4700	0.0000	2.0092	0.0000	2.0000	82.8462
0.0000	0.4700	0.0000	2.0086	0.0000	2.0000	83.1355
0.0000	0.4700	0.0000	2.0086	0.0000	2.0000	83.1355
0.0000	0.4700	0.0000	2.0082	0.0000	2.0000	83.2801
0.0000	0.4700	0.0000	2.0076	0.0000	2.0000	83.5692
0.0000	0.4700	0.0000	2.0072	0.0000	2.0000	83.7137
0.0000	0.4700	0.0000	2.0069	0.0000	2.0000	83.8583
0.0000	0.4700	0.0000	2.0066	0.0000	2.0000	84.0027
0.0000	0.4700	0.0000	2.0059	0.0000	2.0000	84.2916
0.0000	0.4700	0.0000	2.0056	0.0000	2.0000	84.4361
0.0000	0.4700	0.0000	2.0049	0.0000	2.0000	84.7248
0.0000	0.4700	0.0000	2.0049	0.0000	2.0000	84.7248
0.0000	0.4700	0.0000	2.0046	0.0000	2.0000	84.8692
0.0000	0.4700	0.0000	2.0039	0.0000	2.0000	85.1578
0.0000	0.4700	0.0000	2.0036	0.0000	2.0000	85.3021
0.0000	0.4700	0.0000	2.0033	0.0000	2.0000	85.4463
0.0000	0.4700	0.0000	2.0029	0.0000	2.0000	85.5905
0.0000	0.4700	0.0000	2.0023	0.0000	2.0000	85.8789
0.0000	0.4700	0.0000	2.0019	0.0000	2.0000	86.0231
0.0000	0.4700	0.0000	2.0012	0.0000	2.0000	86.3113
0.0000	0.4700	0.0000	2.0012	0.0000	2.0000	86.3113
0.0000	0.4700	0.0000	2.0009	0.0000	2.0000	86.4554
0.0000	0.4700	0.0000	2.0002	0.0000	2.0000	86.7435
0.0000	0.4700	0.0000	1.9999	0.0000	2.0000	86.8875
0.0000	0.4700	0.0000	1.9995	0.0000	2.0000	87.0314
0.0000	0.4700	0.0000	1.9992	0.0000	2.0000	87.1754
0.0000	0.4700	0.0000	1.9985	0.0000	2.0000	87.4632
0.0000	0.4700	0.0000	1.9982	0.0000	2.0000	87.6071
0.0000	0.4700	0.0000	1.9975	0.0000	2.0000	87.8948
0.0000	0.4700	0.0000	1.9975	0.0000	2.0000	87.8948
0.0000	0.4700	0.0000	1.9971	0.0000	2.0000	88.0386
0.0000	0.4700	0.0000	1.9965	0.0000	2.0000	88.3262
0.0000	0.4700	0.0000	1.9961	0.0000	2.0000	88.4699
0.0000	0.4700	0.0000	1.9958	0.0000	2.0000	88.6136
0.0000	0.4700	0.0000	1.9954	0.0000	2.0000	88.7573
0.0000	0.4700	0.0000	1.9947	0.0000	2.0000	89.0446
0.0000	0.4700	0.0000	1.9944	0.0000	2.0000	89.1882
0.0000	0.4700	0.0000	1.9937	0.0000	2.0000	89.4753
0.0000	0.4700	0.0000	1.9937	0.0000	2.0000	89.4753
0.0000	0.4700	0.0000	1.9933	0.0000	2.0000	89.6189
0.0000	0.4700	0.0000	1.9926	0.0000	2.0000	89.9059
0.0000	0.4700	0.0000	1.9923	0.0000	2.0000	90.0493
0.0000	0.4700	0.0000	1.9919	0.0000	2.0000	90.1928
0.0000	0.4700	0.0000	1.9916	0.0000	2.0000	90.3362
0.0000	0.4700	0.0000	1.9909	0.0000	1.9849	90.6229
0.0000	0.4700	0.0000	1.9905	0.0000	1.9689	90.7663
0.0000	0.4700	0.0000	1.9898	0.0000	1.9372	91.0528
0.0000	0.4700	0.0000	1.9898	0.0000	1.9213	91.0528
0.0000	0.4700	0.0000	1.9895	0.0000	1.9054	91.1961
0.0000	0.4600	0.0000	1.9273	0.0000	1.8896	91.4786
0.0000	0.4600	0.0000	1.9270	0.0000	1.8737	91.6174
0.0000	0.4600	0.0000	1.9278	0.0000	1.8419	91.7561
0.0000	0.4500	0.0000	1.8904	0.0000	1.8260	91.8949
0.0000	0.4500	0.0000	1.8683	0.0000	1.8102	92.1638
0.0000	0.4400	0.0000	1.8085	0.0000	1.7942	92.2947
0.0000	0.4400	0.0000	1.8115	0.0000	1.7626	92.5554
0.0000	0.4400	0.0000	1.8115	0.0000	1.7467	92.5554
0.0000	0.4300	0.0000	1.7500	0.0000	1.7308	92.6836
0.0000	0.4300	0.0000	1.7548	0.0000	1.7150	92.9362
0.0000	0.4200	0.0000	1.6956	0.0000	1.6990	93.0592
0.0000	0.4200	0.0000	1.6962	0.0000	1.6672	93.1813
0.0000	0.4100	0.0000	1.6600	0.0000	1.6514	93.3035
0.0000	0.4100	0.0000	1.6394	0.0000	1.6355	93.5395
0.0000	0.4100	0.0000	1.6411	0.0000	1.6197	93.6577
0.0000	0.4100	0.0000	1.6430	0.0000	1.5879	93.8943
0.0000	0.4100	0.0000	1.6430	0.0000	1.5720	93.8943
0.0000	0.4000	0.0000	1.6199	0.0000	1.5561	94.0127
0.0000	0.4000	0.0000	1.5816	0.0000	1.5402	94.2406
0.0000	0.4000	0.0000	1.5822	0.0000	1.5244	94.3546
0.0000	0.4000	0.0000	1.5824	0.0000	1.4926	94.4685
0.0000	0.3900	0.0000	1.5443	0.0000	1.4768	94.5824
0.0000	0.3900	0.0000	1.5204	0.0000	1.4609	94.8014
0.0000	0.3800	0.0000	1.4598	0.0000	1.4450	94.9072
0.0000	0.3800	0.0000	1.4612	0.0000	1.4133	95.1175
0.0000	0.3800	0.0000	1.4612	0.0000	1.3974	95.1175
0.0000	0.3700	0.0000	1.3990	0.0000	1.3814	95.2205
0.0000	0.3700	0.0000	1.4027	0.0000	1.3656	95.4223
0.0000	0.3600	0.0000	1.3431	0.0000	1.3497	95.5200
0.0000	0.3600	0.0000	1.3436	0.0000	1.3179	95.6167
0.0000	0.3600	0.0000	1.3453	0.0000	1.3020	95.7136
0.0000	0.3600	0.0000	1.3477	0.0000	1.2862	95.9076
0.0000	0.3600	0.0000	1.3484	0.0000	1.2704	96.0047
0.0000	0.3500	0.0000	1.2872	0.0000	1.2386	96.1913
0.0000	0.3500	0.0000	1.2872	0.0000	1.2227	96.1913
0.0000	0.3400	0.0000	1.2646	0.0000	1.2068	96.2840
0.0000	0.3400	0.0000	1.2278	0.0000	1.1909	96.4609
0.0000	0.3400	0.0000	1.2291	0.0000	1.1751	96.5494
0.0000	0.3300	0.0000	1.1691	0.0000	1.1432	96.6350
0.0000	0.3300	0.0000	1.1690	0.0000	1.1274	96.7192
0.0000	0.3200	0.0000	1.1097	0.0000	1.1115	96.8837
0.0000	0.3200	0.0000	1.1111	0.0000	1.0957	96.9637
0.0000	0.3200	0.0000	1.1139	0.0000	1.0638	97.1240
0.0000	0.3200	0.0000	1.1139	0.0000	1.0480	97.1240
0.0000	0.3100	0.0000	1.0514	0.0000	1.0322	97.2019
0.0000	0.3000	0.0000	0.9933	0.0000	1.0163	97.3499
0.0000	0.3000	0.0000	0.9946	0.0000	1.0005	97.4215
0.0000	0.3000	0.0000	0.9964	0.0000	0.9687	97.4932
0.0000	0.3000	0.0000	0.9978	0.0000	0.9527	97.5650
0.0000	0.3000	0.0000	0.9994	0.0000	0.9369	97.7089
0.0000	0.2900	0.0000	0.9384	0.0000	0.9210	97.7773
0.0000	0.2900	0.0000	0.9391	0.0000	0.8892	97.9125
0.0000	0.2900	0.0000	0.9391	0.0000	0.8733	97.9125
0.0000	0.2800	0.0000	0.9164	0.0000	0.8574	97.9801
0.0000	0.2800	0.0000	0.8789	0.0000	0.8416	98.1068
0.0000	0.2800	0.0000	0.8799	0.0000	0.8258	98.1702
0.0000	0.2700	0.0000	0.8196	0.0000	0.7940	98.2306
0.0000	0.2700	0.0000	0.8195	0.0000	0.7782	98.2896
0.0000	0.2600	0.0000	0.7601	0.0000	0.7622	98.4037
0.0000	0.2600	0.0000	0.7615	0.0000	0.7464	98.4585
0.0000	0.2600	0.0000	0.7644	0.0000	0.7145	98.5685
0.0000	0.2600	0.0000	0.7644	0.0000	0.6987	98.5685
0.0000	0.2500	0.0000	0.7020	0.0000	0.6828	98.6213
0.0000	0.2400	0.0000	0.6441	0.0000	0.6670	98.7189
0.0000	0.2400	0.0000	0.6455	0.0000	0.6512	98.7653
0.0000	0.2400	0.0000	0.6474	0.0000	0.6193	98.8119
0.0000	0.2400	0.0000	0.6490	0.0000	0.6034	98.8586
0.0000	0.2400	0.0000	0.6509	0.0000	0.5876	98.9523
0.0000	0.2300	0.0000	0.5900	0.0000	0.5717	98.9956
0.0000	0.2300	0.0000	0.5900	0.0000	0.5399	99.0381
0.0000	0.2300	0.0000	0.5910	0.0000	0.5241	99.0806
0.0000	0.2200	0.0000	0.5283	0.0000	0.5082	99.1209
0.0000	0.2200	0.0000	0.5317	0.0000	0.4923	99.1974
0.0000	0.2100	0.0000	0.4717	0.0000	0.4765	99.2323
0.0000	0.2100	0.0000	0.4720	0.0000	0.4447	99.2662
0.0000	0.2000	0.0000	0.4361	0.0000	0.4289	99.3002
0.0000	0.2000	0.0000	0.4147	0.0000	0.4130	99.3598
0.0000	0.2000	0.0000	0.4164	0.0000	0.3971	99.3897
0.0000	0.1900	0.0000	0.3568	0.0000	0.3653	99.4166
0.0000	0.1900	0.0000	0.3573	0.0000	0.3494	99.4423
0.0000	0.1800	0.0000	0.3359	0.0000	0.3336	99.4681
0.0000	0.1800	0.0000	0.3002	0.0000	0.3177	99.5113
0.0000	0.1800	0.0000	0.3020	0.0000	0.3019	99.5330
0.0000	0.1800	0.0000	0.3034	0.0000	0.2700	99.5549
0.0000	0.1800	0.0000	0.3043	0.0000	0.2542	99.5768
0.0000	0.1700	0.0000	0.2433	0.0000	0.2382	99.6166
0.0000	0.1700	0.0000	0.2438	0.0000	0.2224	99.6342
0.0000	0.1700	0.0000	0.2453	0.0000	0.1907	99.6694
0.0000	0.1700	0.0000	0.2453	0.0000	0.1748	99.6694
0.0000	0.1600	0.0000	0.1822	0.0000	0.1589	99.6848
0.0000	0.1600	0.0000	0.1851	0.0000	0.1430	99.7114
0.0000	0.1500	0.0000	0.1252	0.0000	0.1113	99.7303
0.0000	0.1500	0.0000	0.1252	0.0000	0.0954	99.7303
0.0000	0.1400	0.0000	0.0893	0.0000	0.0795	99.7393
0.0000	0.1400	0.0000	0.0678	0.0000	0.0637	99.7489
0.0000	0.1400	0.0000	0.0697	0.0000	0.0478	99.7539
0.0000	0.1300	0.0000	0.0102	0.0000	0.0159	99.7557
0.0000	0.1300	0.0000	0.0108	0.0000	0.0002	99.7565
0.0000	0.1200	0.0000	-0.0103	0.0000	-0.0157	99.7573
0.0000	0.1200	0.0000	-0.0458	0.0000	-0.0316	99.7507
0.0000	0.1200	0.0000	-0.0438	0.0000	-0.0475	99.7475
0.0000	0.1200	0.0000	-0.0423	0.0000	-0.0793	99.7444
0.0000	0.1200	0.0000	-0.0412	0.0000	-0.0951	99.7414
0.0000	0.1100	0.0000	-0.1019	0.0000	-0.1111	99.7316
0.0000	0.1100	0.0000	-0.1013	0.0000	-0.1269	99.7242
0.0000	0.1100	0.0000	-0.0996	-0.0000	-0.1586	99.7098
0.0000	0.1100	0.0000	-0.0996	-0.0000	-0.1745	99.7098
0.0000	0.1000	0.0000	-0.1627	-0.0000	-0.1904	99.7004
0.0000	0.0900	0.0000	-0.2210	-0.0000	-0.2063	99.6734
0.0000	0.0900	0.0000	-0.2199	0.0000	-0.2221	99.6575
0.0000	0.0900	0.0000	-0.2180	0.0000	-0.2539	99.6418
0.0000	0.0800	0.0000	-0.2537	0.0000	-0.2698	99.6261
0.0000	0.0800	0.0000	-0.2756	-0.0000	-0.2856	99.5862
0.0000	0.0700	0.0000	-0.3352	0.0000	-0.3016	99.5628
0.0000	0.0700	0.0000	-0.3339	0.0000	-0.3333	99.5387
0.0000	0.0700	0.0000	-0.3317	-0.0000	-0.3491	99.5147
0.0000	0.0600	0.0000	-0.3924	-0.0000	-0.3650	99.4884
0.0000	0.0600	0.0000	-0.3882	-0.0000	-0.3809	99.4322
0.0000	0.0600	0.0000	-0.3865	-0.0000	-0.3968	99.4044
0.0000	0.0600	0.0000	-0.3852	-0.0000	-0.4285	99.3766
0.0000	0.0600	0.0000	-0.3843	-0.0000	-0.4444	99.3489
0.0000	0.0500	0.0000	-0.4454	-0.0000	-0.4604	99.2896
0.0000	0.0500	0.0000	-0.4449	-0.0000	-0.4762	99.2575
0.0000	0.0500	0.0000	-0.4434	-0.0000	-0.5079	99.1936
0.0000	0.0500	0.0000	-0.4434	-0.0000	-0.5238	99.1936
0.0000	0.0400	0.0000	-0.5066	-0.0000	-0.5398	99.1594
0.0000	0.0300	0.0000	-0.5648	-0.0000	-0.5556	99.0829
0.0000	0.0300	0.0000	-0.5636	-0.0000	-0.5714	99.0422
0.0000	0.0300	0.0000	-0.5617	-0.0000	-0.6033	99.0017
0.0000	0.0200	0.0000	-0.5971	-0.0000	-0.6192	98.9613
0.0000	0.0200	0.0000	-0.6189	-0.0000	-0.6350	98.8719
0.0000	0.0100	0.0000	-0.6783	-0.0000	-0.6509	98.8238
0.0000	0.0100	0.0000	-0.6746	-0.0000	-0.6827	98.7263
0.0000	0.0100	0.0000	-0.6746	-0.0000	-0.6986	98.7263
0.0000	0.0000	0.0000	-0.7364	-0.0000	-0.7144	98.6755
0.0000	0.0000	0.0000	-0.7308	-0.0000	-0.7302	98.5700
0.0000	0.0000	0.0000	-0.7276	-0.0000	-0.7620	98.4650
0.0000	0.0000	0.0000	-0.7276	-0.0000	-0.7779	98.4650
0.0000	0.0000	0.0100	-0.7332	-0.0000	-0.7937	98.4127
0.0000	0.0000	0.0100	-0.7366	-0.0000	-0.8096	98.3065
0.0000	0.0000	0.0100	-0.7364	-0.0000	-0.8255	98.2535
0.0000	0.0000	0.0200	-0.7580	-0.0000	-0.8572	98.1448
0.0000	0.0000	0.0200	-0.7580	-0.0000	-0.8731	98.1448
0.0000	0.0000	0.0300	-0.7659	-0.0000	-0.8890	98.0902
0.0000	0.0000	0.0300	-0.8242	-0.0000	-0.9049	97.9756
0.0000	0.0000	0.0300	-0.8413	-0.0000	-0.9207	97.9156
0.0000	0.0000	0.0400	-0.8856	-0.0000	-0.9526	97.8533
0.0000	0.0000	0.0400	-0.9042	-0.0000	-0.9685	97.7889
0.0000	0.0000	0.0500	-0.9585	-0.0000	-0.9844	97.6554
0.0000	0.0000	0.0500	-0.9727	-0.0000	-1.0002	97.5858
0.0000	0.0000	0.0500	-0.9800	-0.0000	-1.0319	97.5155
0.0000	0.0000	0.0500	-0.9839	-0.0000	-1.0478	97.4448
0.0000	0.0000	0.0600	-1.0184	-0.0000	-1.0637	97.3729
0.0000	0.0000	0.0600	-1.0402	-0.0000	-1.0796	97.2244
0.0000	0.0000	0.0600	-1.0445	-0.0000	-1.0954	97.1494
0.0000	0.0000	0.0600	-1.0472	-0.0000	-1.1273	97.0741
0.0000	0.0000	0.0700	-1.0626	-0.0000	-1.1431	96.9986
0.0000	0.0000	0.0700	-1.0995	-0.0000	-1.1590	96.8419
0.0000	0.0000	0.0700	-1.1050	-0.0000	-1.1749	96.7626
0.0000	0.0000	0.0800	-1.1589	-0.0000	-1.2066	96.5984
0.0000	0.0000	0.0800	-1.1589	-0.0000	-1.2225	96.5984
0.0000	0.0000	0.0900	-1.1744	-0.0000	-1.2383	96.5147
0.0000	0.0000	0.0900	-1.2238	-0.0000	-1.2542	96.3407
0.0000	0.0000	0.0900	-1.2341	-0.0000	-1.2860	96.1636
0.0000	0.0000	0.0900	-1.2341	-0.0000	-1.3019	96.1636
0.0000	0.0000	0.1000	-1.2703	-0.0000	-1.3178	96.0736
0.0000	0.0000	0.1100	-1.3322	-0.0000	-1.3336	95.8868
0.0000	0.0000	0.1100	-1.3480	-0.0000	-1.3495	95.7903
0.0000	0.0000	0.1100	-1.3596	-0.0000	-1.3813	95.5951
0.0000	0.0000	0.1100	-1.3596	-0.0000	-1.3971	95.5951
0.0000	0.0000	0.1200	-1.3965	-0.0000	-1.4130	95.4961
0.0000	0.0000	0.1300	-1.4596	-0.0000	-1.4289	95.2912
0.0000	0.0000	0.1300	-1.4742	-0.0000	-1.4447	95.1855
0.0000	0.0000	0.1300	-1.4806	-0.0000	-1.4765	95.0791
0.0000	0.0000	0.1300	-1.4840	-0.0000	-1.4924	94.9724
0.0000	0.0000	0.1300	-1.4872	-0.0000	-1.5000	94.7584
0.0000	0.0000	0.1300	-1.4882	-0.0000	-1.5000	94.6512
0.0000	0.0000	0.1400	-1.5363	-0.0000	-1.5000	94.4323
0.0000	0.0000	0.1400	-1.5363	-0.0000	-1.5000	94.4323
0.0000	0.0000	0.1400	-1.5421	-0.0000	-1.5000	94.3215
0.0000	0.0000	0.1400	-1.5481	-0.0000	-1.5000	94.0989
0.0000	0.0000	0.1400	-1.5499	-0.0000	-1.5000	93.9874
0.0000	0.0000	0.1400	-1.5513	-0.0000	-1.5000	93.8757
0.0000	0.0000	0.1400	-1.5525	-0.0000	-1.5000	93.7640
0.0000	0.0000	0.1400	-1.5543	-0.0000	-1.5000	93.5403
0.0000	0.0000	0.1400	-1.5551	-0.0000	-1.5000	93.4284
0.0000	0.0000	0.1400	-1.5564	-0.0000	-1.5000	93.2043
0.0000	0.0000	0.1400	-1.5564	-0.0000	-1.5000	93.2043
0.0000	0.0000	0.1400	-1.5570	-0.0000	-1.5000	93.0923
0.0000	0.0000	0.1400	-1.5578	-0.0000	-1.5000	92.8680
0.0000	0.0000	0.1400	-1.5581	-0.0000	-1.5000	92.7558
0.0000	0.0000	0.1400	-1.5583	-0.0000	-1.5000	92.6436
0.0000	0.0000	0.1400	-1.5584	-0.0000	-1.5000	92.5314
0.0000	0.0000	0.1400	-1.5584	-0.0000	-1.5000	92.3070
0.0000	0.0000	0.1400	-1.5583	-0.0000	-1.5000	92.1948
0.0000	0.0000	0.1400	-1.5580	-0.0000	-1.5000	91.9704
0.0000	0.0000	0.1400	-1.5580	-0.0000	-1.5000	91.9704
0.0000	0.0000	0.1400	-1.5578	-0.0000	-1.5000	91.8583
0.0000	0.0000	0.1400	-1.5572	-0.0000	-1.5000	91.6340
0.0000	0.0000	0.1400	-1.5569	-0.0000	-1.5000	91.5219
0.0000	0.0000	0.1400	-1.5566	-0.0000	-1.5000	91.4098
0.0000	0.0000	0.1400	-1.5562	-0.0000	-1.5000	91.2977
0.0000	0.0000	0.1400	-1.5556	-0.0000	-1.5000	91.0737
0.0000	0.0000	0.1400	-1.5552	-0.0000	-1.5000	90.9617
0.0000	0.0000	0.1400	-1.5545	-0.0000	-1.5000	90.7378
0.0000	0.0000	0.1400	-1.5545	-0.0000	-1.5000	90.7378
0.0000	0.0000	0.1400	-1.5542	-0.0000	-1.5000	90.6259
0.0000	0.0000	0.1400	-1.5535	-0.0000	-1.5000	90.4021
0.0000	0.0000	0.1400	-1.5532	-0.0000	-1.5000	90.2903
0.0000	0.0000	0.1400	-1.5529	-0.0000	-1.5000	90.1784
0.0000	0.0000	0.1400	-1.5526	-0.0000	-1.5000	90.0666
0.0000	0.0000	0.1400	-1.5520	-0.0000	-1.5000	89.8431
0.0000	0.0000	0.1400	-1.5518	-0.0000	-1.5000	89.7314
0.0000	0.0000	0.1400	-1.5512	-0.0000	-1.5000	89.5080
0.0000	0.0000	0.1400	-1.5512	-0.0000	-1.5000	89.5080
0.0000	0.0000	0.1400	-1.5509	-0.0000	-1.5000	89.3963
0.0000	0.0000	0.1400	-1.5504	-0.0000	-1.5000	89.1730
0.0000	0.0000	0.1400	-1.5501	-0.0000	-1.5000	89.0614
0.0000	0.0000	0.1400	-1.5498	-0.0000	-1.5000	88.9498
0.0000	0.0000	0.1400	-1.5495	-0.0000	-1.5000	88.8382
0.0000	0.0000	0.1400	-1.5489	-0.0000	-1.5000	88.6151
0.0000	0.0000	0.1400	-1.5486	-0.0000	-1.5000	88.5036
0.0000	0.0000	0.1400	-1.5481	-0.0000	-1.5000	88.2806
0.0000	0.0000	0.1400	-1.5481	-0.0000	-1.5000	88.2806
0.0000	0.0000	0.1400	-1.5478	-0.0000	-1.5000	88.1692
0.0000	0.0000	0.1400	-1.5472	-0.0000	-1.5000	87.9463
0.0000	0.0000	0.1400	-1.5469	-0.0000	-1.5000	87.8350
0.0000	0.0000	0.1400	-1.5466	-0.0000	-1.5000	87.7236
0.0000	0.0000	0.1400	-1.5463	-0.0000	-1.5000	87.6122
0.0000	0.0000	0.1400	-1.5457	-0.0000	-1.5000	87.3896
0.0000	0.0000	0.1400	-1.5454	-0.0000	-1.5000	87.2783
0.0000	0.0000	0.1400	-1.5451	-0.0000	-1.5000	87.1671
0.0000	0.0000	0.1400	-1.5448	-0.0000	-1.5000	87.0558
0.0000	0.0000	0.1400	-1.5446	-0.0000	-1.5000	86.9446
0.0000	0.0000	0.1500	-1.5798	-0.0000	-1.5000	86.7204
0.0000	0.0000	0.1500	-1.5878	-0.0000	-1.5000	86.6063
0.0000	0.0000	0.1500	-1.5921	-0.0000	-1.5000	86.4919
0.0000	0.0000	0.1500	-1.5947	-0.0000	-1.5000	86.3771
0.0000	0.0000	0.1500	-1.5973	-0.0000	-1.5000	86.1473
0.0000	0.0000	0.1500	-1.5979	-0.0000	-1.5000	86.0322
0.0000	0.0000	0.1500	-1.5985	-0.0000	-1.5000	85.8021
0.0000	0.0000	0.1500	-1.5985	-0.0000	-1.5000	85.8021
0.0000	0.0000	0.1500	-1.5986	-0.0000	-1.5000	85.6870
0.0000	0.0000	0.1500	-1.5989	-0.0000	-1.5000	85.4567
0.0000	0.0000	0.1500	-1.5990	-0.0000	-1.5000	85.3416
0.0000	0.0000	0.1500	-1.5991	-0.0000	-1.5000	85.2265
0.0000	0.0000	0.1500	-1.5992	-0.0000	-1.5000	85.1113
0.0000	0.0000	0.1500	-1.5994	-0.0000	-1.5000	84.8810
0.0000	0.0000	0.1500	-1.5995	-0.0000	-1.5000	84.7659
0.0000	0.0000	0.1500	-1.5995	-0.0000	-1.5000	84.5356
0.0000	0.0000	0.1500	-1.5995	-0.0000	-1.5000	84.5356
0.0000	0.0000	0.1500	-1.5996	-0.0000	-1.5000	84.4204
0.0000	0.0000	0.1500	-1.5996	-0.0000	-1.5000	84.1901
0.0000	0.0000	0.1500	-1.5995	-0.0000	-1.5000	84.0749
0.0000	0.0000	0.1500	-1.5994	-0.0000	-1.5000	83.9597
0.0000	0.0000	0.1500	-1.5993	-0.0000	-1.5000	83.8446
0.0000	0.0000	0.1500	-1.5989	-0.0000	-1.5000	83.6143
0.0000	0.0000	0.1500	-1.5987	-0.0000	-1.5000	83.4992
0.0000	0.0000	0.1500	-1.5985	-0.0000	-1.5000	83.3841
0.0000	0.0000	0.1500	-1.5982	-0.0000	-1.5000	83.2690
0.0000	0.0000	0.1500	-1.5979	-0.0000	-1.5000	83.1540
0.0000	0.0000	0.1500	-1.5973	-0.0000	-1.5000	82.9239
0.0000	0.0000	0.1500	-1.5969	-0.0000	-1.5000	82.8089
0.0000	0.0000	0.1500	-1.5966	-0.0000	-1.5000	82.6939
0.0000	0.0000	0.1500	-1.5963	-0.0000	-1.5000	82.5790
0.0000	0.0000	0.1500	-1.5957	-0.0000	-1.4951	82.3492
0.0000	0.0000	0.1500	-1.5954	-0.0000	-1.4793	82.2343
0.0000	0.0000	0.1400	-1.5508	-0.0000	-1.4475	82.1212
0.0000	0.0000	0.1400	-1.5390	-0.0000	-1.4316	82.0101
0.0000	0.0000	0.1300	-1.5256	-0.0000	-1.4158	81.8994
0.0000	0.0000	0.1300	-1.4733	-0.0000	-1.3999	81.6855
0.0000	0.0000	0.1300	-1.4695	-0.0000	-1.3681	81.4737
0.0000	0.0000	0.1300	-1.4695	-0.0000	-1.3523	81.4737
0.0000	0.0000	0.1200	-1.4260	-0.0000	-1.3364	81.3693
0.0000	0.0000	0.1100	-1.3581	-0.0000	-1.3205	81.1682
0.0000	0.0000	0.1100	-1.3496	-0.0000	-1.3047	81.0708
0.0000	0.0000	0.1100	-1.3469	-0.0000	-1.2729	80.9738
0.0000	0.0000	0.1100	-1.3463	-0.0000	-1.2570	80.8768
0.0000	0.0000	0.1000	-1.3030	-0.0000	-1.2411	80.7812
0.0000	0.0000	0.1000	-1.2873	-0.0000	-1.2252	80.5950
0.0000	0.0000	0.1000	-1.2857	-0.0000	-1.2094	80.5024
0.0000	0.0000	0.1000	-1.2850	-0.0000	-1.1777	80.4099
0.0000	0.0000	0.0900	-1.2693	-0.0000	-1.1618	80.3174
0.0000	0.0000	0.0900	-1.2278	-0.0000	-1.1458	80.1390
0.0000	0.0000	0.0800	-1.1755	-0.0000	-1.1300	80.0530
0.0000	0.0000	0.0800	-1.1647	-0.0000	-1.0982	79.9689
0.0000	0.0000	0.0800	-1.1602	-0.0000	-1.0824	79.8852
0.0000	0.0000	0.0700	-1.1142	-0.0000	-1.0665	79.8030
0.0000	0.0000	0.0700	-1.0970	-0.0000	-1.0505	79.6441
0.0000	0.0000	0.0600	-1.0475	-0.0000	-1.0348	79.5673
0.0000	0.0000	0.0600	-1.0370	-0.0000	-1.0029	79.4923
0.0000	0.0000	0.0500	-1.0170	-0.0000	-0.9871	79.4179
0.0000	0.0000	0.0500	-0.9727	-0.0000	-0.9712	79.2762
0.0000	0.0000	0.0500	-0.9696	-0.0000	-0.9553	79.2063
0.0000	0.0000	0.0400	-0.9232	-0.0000	-0.9236	79.1385
0.0000	0.0000	0.0400	-0.9129	-0.0000	-0.9077	79.0724
0.0000	0.0000	0.0400	-0.9087	-0.0000	-0.8918	79.0069
0.0000	0.0000	0.0400	-0.9061	-0.0000	-0.8758	78.8763
0.0000	0.0000	0.0400	-0.9053	-0.0000	-0.8442	78.7458
0.0000	0.0000	0.0400	-0.9053	-0.0000	-0.8283	78.7458
0.0000	0.0000	0.0300	-0.8633	-0.0000	-0.8123	78.6820
0.0000	0.0000	0.0300	-0.8463	-0.0000	-0.7965	78.5592
0.0000	0.0000	0.0200	-0.7956	-0.0000	-0.7807	78.5006
0.0000	0.0000	0.0200	-0.7805	-0.0000	-0.7489	78.3874
0.0000	0.0000	0.0200	-0.7805	-0.0000	-0.7330	78.3874
0.0000	0.0000	0.0100	-0.7350	-0.0000	-0.7172	78.3325
0.0000	0.0000	0.0100	-0.7177	-0.0000	-0.7013	78.2282
0.0000	0.0000	0.0000	-0.6806	-0.0000	-0.6854	78.1780
0.0000	0.0000	0.0000	-0.6771	-0.0000	-0.6537	78.1293
0.0000	0.0100	0.0000	-0.6379	-0.0000	-0.6377	78.0806
0.0000	0.0100	0.0000	-0.6193	-0.0000	-0.6219	77.9917
0.0000	0.0100	0.0000	-0.6211	-0.0000	-0.6060	77.9470
0.0000	0.0200	0.0000	-0.5621	-0.0000	-0.5742	77.8652
0.0000	0.0200	0.0000	-0.5621	-0.0000	-0.5584	77.8652
0.0000	0.0200	0.0000	-0.5638	-0.0000	-0.5425	77.8246
0.0000	0.0200	0.0000	-0.5662	-0.0000	-0.5266	77.7433
0.0000	0.0200	0.0000	-0.5669	-0.0000	-0.5108	77.7025
0.0000	0.0300	0.0000	-0.5080	-0.0000	-0.4790	77.6647
0.0000	0.0300	0.0000	-0.5055	-0.0000	-0.4632	77.6283
0.0000	0.0400	0.0000	-0.4446	-0.0000	-0.4473	77.5596
0.0000	0.0400	0.0000	-0.4458	-0.0000	-0.4314	77.5276
0.0000	0.0400	0.0000	-0.4480	-0.0000	-0.3997	77.4632
0.0000	0.0400	0.0000	-0.4480	-0.0000	-0.3838	77.4632
0.0000	0.0500	0.0000	-0.3871	-0.0000	-0.3679	77.4334
0.0000	0.0600	0.0000	-0.3268	-0.0000	-0.3519	77.3816
0.0000	0.0600	0.0000	-0.3281	-0.0000	-0.3362	77.3580
0.0000	0.0600	0.0000	-0.3301	-0.0000	-0.3043	77.3343
0.0000	0.0700	0.0000	-0.2906	-0.0000	-0.2885	77.3106
0.0000	0.0700	0.0000	-0.2725	-0.0000	-0.2725	77.2716
0.0000	0.0800	0.0000	-0.2132	-0.0000	-0.2568	77.2557
0.0000	0.0800	0.0000	-0.2161	-0.0000	-0.2249	77.2249
0.0000	0.0800	0.0000	-0.2161	-0.0000	-0.2091	77.2249
0.0000	0.0800	0.0000	-0.2178	-0.0000	-0.1932	77.2093
0.0000	0.0800	0.0000	-0.2198	0.0000	-0.1774	77.1777
0.0000	0.0900	0.0000	-0.1601	0.0000	-0.1615	77.1654
0.0000	0.0900	0.0000	-0.1589	0.0000	-0.1297	77.1540
0.0000	0.0900	0.0000	-0.1599	-0.0000	-0.1139	77.1425
0.0000	0.1000	0.0000	-0.0987	0.0000	-0.0980	77.1235
0.0000	0.1000	0.0000	-0.0999	0.0000	-0.0821	77.1164
0.0000	0.1000	0.0000	-0.1018	0.0000	-0.0504	77.1019
0.0000	0.1000	0.0000	-0.1018	0.0000	-0.0344	77.1019
0.0000	0.1100	0.0000	-0.0410	0.0000	-0.0185	77.0970
0.0000	0.1200	0.0000	0.0197	0.0000	-0.0026	77.0950
0.0000	0.1200	0.0000	0.0183	0.0000	0.0132	77.0964
0.0000	0.1200	0.0000	0.0164	0.0000	0.0450	77.0976
0.0000	0.1300	0.0000	0.0561	0.0000	0.0608	77.0989
0.0000	0.1300	0.0000	0.0738	0.0000	0.0766	77.1098
0.0000	0.1400	0.0000	0.1331	0.0000	0.0926	77.1188
0.0000	0.1400	0.0000	0.1299	0.0000	0.1243	77.1378
0.0000	0.1400	0.0000	0.1299	0.0000	0.1402	77.1378
0.0000	0.1400	0.0000	0.1282	0.0000	0.1561	77.1471
0.0000	0.1400	0.0000	0.1259	0.0000	0.1719	77.1653
0.0000	0.1500	0.0000	0.1856	0.0000	0.1878	77.1779
0.0000	0.1500	0.0000	0.1867	0.0000	0.2196	77.1913
0.0000	0.1600	0.0000	0.2269	0.0000	0.2354	77.2048
0.0000	0.1600	0.0000	0.2455	0.0000	0.2514	77.2404
0.0000	0.1600	0.0000	0.2442	0.0000	0.2672	77.2580
0.0000	0.1700	0.0000	0.3039	0.0000	0.2990	77.3008
0.0000	0.1700	0.0000	0.3039	0.0000	0.3148	77.3008
0.0000	0.1800	0.0000	0.3282	0.0000	0.3307	77.3227
0.0000	0.1800	0.0000	0.3614	0.0000	0.3467	77.3748
0.0000	0.1800	0.0000	0.3596	0.0000	0.3625	77.4008
0.0000	0.1900	0.0000	0.4172	0.0000	0.3942	77.4297
0.0000	0.1900	0.0000	0.4187	0.0000	0.4101	77.4599
0.0000	0.2000	0.0000	0.4777	0.0000	0.4259	77.5241
0.0000	0.2000	0.0000	0.4756	0.0000	0.4419	77.5584
0.0000	0.2000	0.0000	0.4721	0.0000	0.4737	77.6266
0.0000	0.2000	0.0000	0.4721	0.0000	0.4896	77.6266
0.0000	0.2000	0.0000	0.4710	0.0000	0.5055	77.6605
0.0000	0.2000	0.0000	0.4699	0.0000	0.5212	77.7282
0.0000	0.2100	0.0000	0.5300	0.0000	0.5371	77.7655
0.0000	0.2100	0.0000	0.5314	0.0000	0.5689	77.8038
0.0000	0.2200	0.0000	0.5719	0.0000	0.5848	77.8422
0.0000	0.2200	0.0000	0.5908	0.0000	0.6007	77.9274
0.0000	0.2200	0.0000	0.5894	0.0000	0.6165	77.9699
0.0000	0.2300	0.0000	0.6479	0.0000	0.6483	78.0156
0.0000	0.2300	0.0000	0.6491	0.0000	0.6642	78.0624
0.0000	0.2400	0.0000	0.6731	0.0000	0.6801	78.1091
0.0000	0.2400	0.0000	0.7060	0.0000	0.6960	78.2109
0.0000	0.2400	0.0000	0.7040	0.0000	0.7118	78.2616
0.0000	0.2500	0.0000	0.7614	0.0000	0.7436	78.3154
0.0000	0.2500	0.0000	0.7626	0.0000	0.7594	78.3703
0.0000	0.2600	0.0000	0.8212	0.0000	0.7753	78.4840
0.0000	0.2600	0.0000	0.8189	0.0000	0.7911	78.5430
0.0000	0.2600	0.0000	0.8152	0.0000	0.8229	78.6606
0.0000	0.2600	0.0000	0.8152	0.0000	0.8389	78.6606
0.0000	0.2600	0.0000	0.8140	0.0000	0.8547	78.7192
0.0000	0.2700	0.0000	0.8745	0.0000	0.8705	78.8402
0.0000	0.2700	0.0000	0.8739	0.0000	0.8864	78.9031
0.0000	0.2700	0.0000	0.8729	0.0000	0.9182	78.9660
0.0000	0.2800	0.0000	0.9133	0.0000	0.9342	79.0289
0.0000	0.2800	0.0000	0.9326	0.0000	0.9501	79.1634
0.0000	0.2900	0.0000	0.9924	0.0000	0.9659	79.2342
0.0000	0.2900	0.0000	0.9900	0.0000	0.9976	79.3770
0.0000	0.2900	0.0000	0.9900	0.0000	1.0134	79.3770
0.0000	0.3000	0.0000	1.0501	0.0000	1.0293	79.4507
0.0000	0.3000	0.0000	1.0470	0.0000	1.0453	79.6016
0.0000	0.3100	0.0000	1.1055	0.0000	1.0611	79.6804
0.0000	0.3100	0.0000	1.1054	0.0000	1.0929	79.7601
0.0000	0.3100	0.0000	1.1032	0.0000	1.1088	79.8395
0.0000	0.3200	0.0000	1.1622	0.0000	1.1247	80.0023
0.0000	0.3200	0.0000	1.1603	0.0000	1.1405	80.0858
0.0000	0.3200	0.0000	1.1570	0.0000	1.1722	80.2526
0.0000	0.3200	0.0000	1.1570	0.0000	1.1881	80.2526
0.0000	0.3300	0.0000	1.2176	0.0000	1.2040	80.3383
0.0000	0.3300	0.0000	1.2155	0.0000	1.2198	80.5134
0.0000	0.3300	0.0000	1.2143	0.0000	1.2357	80.6009
0.0000	0.3300	0.0000	1.2134	0.0000	1.2676	80.6882
0.0000	0.3400	0.0000	1.2537	0.0000	1.2834	80.7757
0.0000	0.3400	0.0000	1.2736	0.0000	1.2993	80.9592
0.0000	0.3500	0.0000	1.3335	0.0000	1.3151	81.0546
0.0000	0.3500	0.0000	1.3331	0.0000	1.3469	81.1506
0.0000	0.3500	0.0000	1.3314	0.0000	1.3628	81.2465
0.0000	0.3600	0.0000	1.3918	0.0000	1.3786	81.3447
0.0000	0.3600	0.0000	1.3884	0.0000	1.3945	81.5448
0.0000	0.3700	0.0000	1.4470	0.0000	1.4105	81.6482
0.0000	0.3700	0.0000	1.4467	0.0000	1.4422	81.7524
0.0000	0.3800	0.0000	1.4848	0.0000	1.4580	81.8566
0.0000	0.3800	0.0000	1.5023	0.0000	1.4739	82.0732
0.0000	0.3800	0.0000	1.5000	0.0000	1.4899	82.1812
0.0000	0.3900	0.0000	1.5583	0.0000	1.5216	82.4046
0.0000	0.3900	0.0000	1.5583	0.0000	1.5375	82.4046
0.0000	0.3900	0.0000	1.5562	0.0000	1.5534	82.5167
0.0000	0.3900	0.0000	1.5532	0.0000	1.5692	82.7404
0.0000	0.3900	0.0000	1.5524	0.0000	1.5850	82.8522
0.0000	0.4000	0.0000	1.6115	0.0000	1.6169	82.9670
0.0000	0.4000	0.0000	1.6131	0.0000	1.6327	83.0831
0.0000	0.4100	0.0000	1.6732	0.0000	1.6485	83.3193
0.0000	0.4100	0.0000	1.6719	0.0000	1.6645	83.4398
0.0000	0.4100	0.0000	1.6691	0.0000	1.6962	83.6802
0.0000	0.4100	0.0000	1.6691	0.0000	1.7121	83.6802
0.0000	0.4200	0.0000	1.7304	0.0000	1.7279	83.8027
0.0000	0.4200	0.0000	1.7275	0.0000	1.7439	84.0516
0.0000	0.4300	0.0000	1.7865	0.0000	1.7597	84.1794
0.0000	0.4300	0.0000	1.7864	0.0000	1.7915	84.3081
0.0000	0.4400	0.0000	1.8241	0.0000	1.8074	84.4367
0.0000	0.4400	0.0000	1.8424	0.0000	1.8232	84.7023
0.0000	0.4400	0.0000	1.8402	0.0000	1.8392	84.8348
0.0000	0.4500	0.0000	1.8984	0.0000	1.8709	85.1071
0.0000	0.4500	0.0000	1.8984	0.0000	1.8867	85.1071
0.0000	0.4600	0.0000	1.9205	0.0000	1.9026	85.2437
0.0000	0.4600	0.0000	1.9541	0.0000	1.9185	85.5252
0.0000	0.4600	0.0000	1.9501	0.0000	1.9504	85.8061
0.0000	0.4600	0.0000	1.9501	0.0000	1.9661	85.8061
0.0000	0.4600	0.0000	1.9488	0.0000	1.9821	85.9464
0.0000	0.4700	0.0000	2.0091	0.0000	1.9979	86.2310
0.0000	0.4700	0.0000	2.0082	0.0000	2.0000	86.3756
