CMDdriver	GasFeedback	BrakeFeedback	AccX	AccY	CMD_acc	GpsSpeed
0.0000	0.4900	0.0000	2.9137	0.0000	0.2500	40.2057
0.0000	0.1000	0.0000	-0.1525	-0.0000	2.5000	40.3842
0.0000	0.5200	0.0000	1.0926	-0.0000	2.5000	40.3919
0.0000	0.5200	0.0000	2.7865	-0.0000	2.5000	40.7918
0.0000	0.5000	0.0000	2.5709	-0.0000	2.5000	40.9861
0.0000	0.5000	0.0000	2.5787	-0.0000	2.5000	41.1722
0.0000	0.5000	0.0000	2.5433	-0.0000	2.5000	41.3558
0.0000	0.5000	0.0000	2.5212	-0.0000	2.5000	41.5376
0.0000	0.5000	0.0000	2.4933	0.0000	2.5000	41.8972
0.0000	0.5021	0.0000	2.5054	0.0000	2.5000	42.0763
0.0000	0.5000	0.0000	2.4792	0.0000	2.5000	42.2557
0.0000	0.5067	0.0000	2.5331	0.0000	2.5000	42.4345
0.0000	0.5000	0.0000	2.4957	0.0000	2.5000	42.7962
0.0000	0.5014	0.0000	2.5222	0.0000	2.5000	42.9767
0.0000	0.5000	0.0000	2.5184	0.0000	2.5000	43.1583
0.0000	0.5000	0.0000	2.5341	0.0000	2.5000	43.3403
0.0000	0.5000	0.0000	2.5445	0.0000	2.5000	43.5231
0.0000	0.5000	0.0000	2.5600	0.0000	2.5000	43.8908
0.0000	0.5000	0.0000	2.5656	0.0000	2.5000	44.0754
0.0000	0.5000	0.0000	2.5699	0.0000	2.5000	44.2604
0.0000	0.5000	0.0000	2.5729	0.0000	2.5000	44.4456
0.0000	0.5000	0.0000	2.5756	0.0000	2.5000	44.8165
0.0000	0.5000	0.0000	2.5755	-0.0000	2.5000	45.0020
0.0000	0.5000	0.0000	2.5749	-0.0000	2.5000	45.1875
0.0000	0.5000	0.0000	2.5736	-0.0000	2.5000	45.3729
0.0000	0.5000	0.0000	2.5720	-0.0000	2.5000	45.5582
0.0000	0.5000	0.0000	2.5687	-0.0000	2.5000	45.9283
0.0000	0.5000	0.0000	2.5670	-0.0000	2.5000	46.1132
0.0000	0.5000	0.0000	2.5653	-0.0000	2.5000	46.2980
0.0000	0.5000	0.0000	2.5636	-0.0000	2.5000	46.4826
0.0000	0.5000	0.0000	2.5601	-0.0000	2.5000	46.8515
0.0000	0.5000	0.0000	2.5586	-0.0000	2.5000	47.0358
0.0000	0.5000	0.0000	2.5572	-0.0000	2.5000	47.2199
0.0000	0.5000	0.0000	2.5559	-0.0000	2.5000	47.4040
0.0000	0.5000	0.0000	2.5549	-0.0000	2.5000	47.5880
0.0000	0.5000	0.0000	2.5536	0.0000	2.5000	47.9557
0.0000	0.5000	0.0000	2.5532	0.0000	2.5000	48.1396
0.0000	0.5000	0.0000	2.5531	0.0000	2.5000	48.3234
0.0000	0.5000	0.0000	2.5532	0.0000	2.5000	48.5072
0.0000	0.5000	0.0000	2.5538	0.0000	2.5000	48.8749
0.0000	0.5000	0.0000	2.5542	0.0000	2.5000	49.0588
0.0000	0.5000	0.0000	2.5545	0.0000	2.5000	49.2427
0.0000	0.5000	0.0000	2.5547	0.0000	2.5000	49.4266
0.0000	0.5000	0.0000	2.5548	0.0000	2.5000	49.6106
0.0000	0.5000	0.0000	2.5549	0.0000	2.5000	49.9785
0.0000	0.5000	0.0000	2.5547	0.0000	2.5000	50.1624
0.0000	0.5000	0.0000	2.5545	0.0000	2.5000	50.3464
0.0000	0.5000	0.0000	2.5543	0.0000	2.5000	50.5303
0.0000	0.5000	0.0000	2.5537	0.0000	2.5000	50.8981
0.0000	0.5000	0.0000	2.5533	-0.0000	2.5000	51.0819
0.0000	0.5000	0.0000	2.5529	-0.0000	2.5000	51.2657
0.0000	0.5000	0.0000	2.5525	-0.0000	2.5000	51.4495
0.0000	0.5000	0.0000	2.5522	-0.0000	2.5000	51.6333
0.0000	0.5000	0.0000	2.5514	-0.0000	2.5000	52.0008
0.0000	0.5000	0.0000	2.5511	-0.0000	2.5000	52.1845
0.0000	0.5000	0.0000	2.5508	-0.0000	2.5000	52.3681
0.0000	0.5000	0.0000	2.5504	-0.0000	2.5000	52.5518
0.0000	0.5000	0.0000	2.5498	-0.0000	2.5000	52.9190
0.0000	0.5000	0.0000	2.5495	-0.0000	2.5000	53.1025
0.0000	0.5000	0.0000	2.5492	-0.0000	2.5000	53.2861
0.0000	0.5000	0.0000	2.5489	-0.0000	2.5000	53.4696
0.0000	0.5000	0.0000	2.5486	-0.0000	2.5000	53.6531
0.0000	0.5000	0.0000	2.5481	-0.0000	2.5000	54.0201
0.0000	0.4900	0.0000	2.4661	0.0000	2.5000	54.2022
0.0000	0.5009	0.0000	2.5746	0.0000	2.5000	54.3819
0.0000	0.4900	0.0000	2.4871	0.0000	2.5000	54.5657
0.0000	0.4941	0.0000	2.5137	0.0000	2.5000	54.9253
0.0000	0.4900	0.0000	2.4811	0.0000	2.5000	55.1056
0.0000	0.4960	0.0000	2.5380	0.0000	2.5000	55.2853
0.0000	0.4900	0.0000	2.4806	0.0000	2.5000	55.4669
0.0000	0.4962	0.0000	2.5150	0.0000	2.5000	55.6460
0.0000	0.4900	0.0000	2.4875	0.0000	2.5000	56.0064
0.0000	0.4940	0.0000	2.5200	0.0000	2.5000	56.1860
0.0000	0.4900	0.0000	2.4799	0.0000	2.5000	56.3666
0.0000	0.4964	0.0000	2.5261	0.0000	2.5000	56.5458
0.0000	0.4900	0.0000	2.4844	0.0000	2.5000	56.9069
0.0000	0.4950	0.0000	2.5241	0.0000	2.5000	57.0867
0.0000	0.4900	0.0000	2.4750	0.0000	2.5000	57.2674
0.0000	0.4980	0.0000	2.5430	0.0000	2.5000	57.4467
0.0000	0.4900	0.0000	2.4992	0.0000	2.5000	57.6292
0.0000	0.4902	0.0000	2.4848	0.0000	2.5000	57.9869
0.0000	0.4949	0.0000	2.5219	0.0000	2.5000	58.1664
0.0000	0.4900	0.0000	2.4741	0.0000	2.5000	58.3470
0.0000	0.4983	0.0000	2.5320	0.0000	2.5000	58.5259
0.0000	0.4900	0.0000	2.4792	0.0000	2.5000	58.8871
0.0000	0.4967	0.0000	2.5319	0.0000	2.5000	59.0668
0.0000	0.4900	0.0000	2.4674	0.0000	2.5000	59.2477
0.0000	0.5004	0.0000	2.5550	0.0000	2.5000	59.4267
0.0000	0.4900	0.0000	2.4998	0.0000	2.5000	59.6101
0.0000	0.4901	0.0000	2.4794	0.0000	2.5000	59.9670
0.0000	0.4966	0.0000	2.5316	0.0000	2.5000	60.1464
0.0000	0.4900	0.0000	2.4680	0.0000	2.5000	60.3274
0.0000	0.5002	0.0000	2.5391	0.0000	2.5000	60.5060
0.0000	0.4900	0.0000	2.4754	0.0000	2.5000	60.8677
0.0000	0.4979	0.0000	2.5373	0.0000	2.5000	61.0473
0.0000	0.4900	0.0000	2.4622	0.0000	2.5000	61.2284
0.0000	0.5021	0.0000	2.5622	0.0000	2.5000	61.4072
0.0000	0.4900	0.0000	2.5000	0.0000	2.5000	61.5910
0.0000	0.4900	0.0000	2.4755	0.0000	2.5000	61.9474
0.0000	0.4978	0.0000	2.5380	0.0000	2.5000	62.1267
0.0000	0.4900	0.0000	2.4632	0.0000	2.5000	62.3079
0.0000	0.5018	0.0000	2.5437	0.0000	2.5000	62.4863
0.0000	0.4900	0.0000	2.4717	0.0000	2.5000	62.8481
0.0000	0.4990	0.0000	2.5422	0.0000	2.5000	63.0277
0.0000	0.4900	0.0000	2.4571	0.0000	2.5000	63.2089
0.0000	0.5037	0.0000	2.5688	0.0000	2.5000	63.3875
0.0000	0.4900	0.0000	2.5000	0.0000	2.5000	63.5719
0.0000	0.4900	0.0000	2.4716	0.0000	2.5000	63.9276
0.0000	0.4991	0.0000	2.5435	0.0000	2.5000	64.1068
0.0000	0.4900	0.0000	2.4583	0.0000	2.5000	64.2882
0.0000	0.5033	0.0000	2.5480	0.0000	2.5000	64.4664
0.0000	0.4900	0.0000	2.4679	0.0000	2.5000	64.8284
0.0000	0.5003	0.0000	2.5474	0.0000	2.5000	65.0078
0.0000	0.4900	0.0000	2.4518	0.0000	2.5000	65.1892
0.0000	0.5054	0.0000	2.5753	0.0000	2.5000	65.3676
0.0000	0.4900	0.0000	2.5001	0.0000	2.5000	65.5524
0.0000	0.4900	0.0000	2.4676	0.0000	2.5000	65.9076
0.0000	0.5004	0.0000	2.5490	0.0000	2.5000	66.0866
0.0000	0.4900	0.0000	2.4535	0.0000	2.5000	66.2683
0.0000	0.5049	0.0000	2.5519	0.0000	2.5000	66.4462
0.0000	0.4900	0.0000	2.4639	0.0000	2.5000	66.8084
0.0000	0.5015	0.0000	2.5525	0.0000	2.5000	66.9877
0.0000	0.4900	0.0000	2.4466	0.0000	2.5000	67.1693
0.0000	0.5071	0.0000	2.5814	0.0000	2.5000	67.3474
0.0000	0.4900	0.0000	2.5002	0.0000	2.5000	67.5327
0.0000	0.4900	0.0000	2.4635	0.0000	2.5000	67.8873
0.0000	0.5017	0.0000	2.5546	0.0000	2.5000	68.0662
0.0000	0.4900	0.0000	2.4488	0.0000	2.5000	68.2481
0.0000	0.5064	0.0000	2.5555	0.0000	2.5000	68.4257
0.0000	0.4900	0.0000	2.5241	0.0000	2.5000	68.6106
0.0000	0.4900	0.0000	2.4617	0.0000	2.5000	68.9652
0.0000	0.5023	0.0000	2.5573	0.0000	2.5000	69.1437
0.0000	0.4900	0.0000	2.4556	0.0000	2.5000	69.3260
0.0000	0.5042	0.0000	2.5198	0.0000	2.5000	69.5032
0.0000	0.4900	0.0000	2.4599	0.0000	2.5000	69.8625
0.0000	0.5028	0.0000	2.5594	0.0000	2.5000	70.0412
0.0000	0.4900	0.0000	2.4447	0.0000	2.5000	70.2233
0.0000	0.5077	0.0000	2.5579	0.0000	2.5000	70.4007
0.0000	0.4900	0.0000	2.4560	0.0000	2.5000	70.7630
0.0000	0.5041	0.0000	2.5625	0.0000	2.5000	70.9421
0.0000	0.4900	0.0000	2.4362	0.0000	2.5000	71.1240
0.0000	0.5100	0.0000	2.5898	0.0000	2.5000	71.3017
0.0000	0.4900	0.0000	2.4992	0.0000	2.5000	71.4876
0.0000	0.4903	0.0000	2.4564	0.0000	2.5000	71.8411
0.0000	0.5039	0.0000	2.5618	0.0000	2.5000	72.0197
0.0000	0.4900	0.0000	2.4396	0.0000	2.5000	72.2019
0.0000	0.5093	0.0000	2.5612	0.0000	2.5000	72.3789
0.0000	0.4900	0.0000	2.4516	0.0000	2.5000	72.7413
0.0000	0.5055	0.0000	2.5680	0.0000	2.5000	72.9203
0.0000	0.4900	0.0000	2.4309	0.0000	2.5000	73.1024
0.0000	0.5100	0.0000	2.5841	0.0000	2.5000	73.2797
0.0000	0.4900	0.0000	2.4957	0.0000	2.5000	73.4653
0.0000	0.4914	0.0000	2.4593	0.0000	2.5000	73.8191
0.0000	0.5030	0.0000	2.5484	0.0000	2.5000	73.9976
0.0000	0.4900	0.0000	2.4375	0.0000	2.5000	74.1791
0.0000	0.5100	0.0000	2.5597	0.0000	2.5000	74.3559
0.0000	0.4900	0.0000	2.4478	0.0000	2.5000	74.7181
0.0000	0.5067	0.0000	2.5725	0.0000	2.5000	74.8969
0.0000	0.4900	0.0000	2.4263	0.0000	2.5000	75.0792
0.0000	0.5100	0.0000	2.5784	0.0000	2.5000	75.2561
0.0000	0.4900	0.0000	2.4922	0.0000	2.5000	75.4415
0.0000	0.4925	0.0000	2.4621	0.0000	2.5000	75.7952
0.0000	0.5021	0.0000	2.5351	0.0000	2.5000	75.9737
0.0000	0.4900	0.0000	2.4348	0.0000	2.5000	76.1546
0.0000	0.5100	0.0000	2.5543	0.0000	2.5000	76.3310
0.0000	0.4900	0.0000	2.4437	0.0000	2.5000	76.6926
0.0000	0.5080	0.0000	2.5773	0.0000	2.5000	76.8713
0.0000	0.4900	0.0000	2.4214	0.0000	2.5000	77.0537
0.0000	0.5100	0.0000	2.5726	0.0000	2.5000	77.2304
0.0000	0.4900	0.0000	2.4884	0.0000	2.5000	77.4154
0.0000	0.4937	0.0000	2.4654	0.0000	2.5000	77.7690
0.0000	0.5011	0.0000	2.5207	0.0000	2.5000	77.9474
0.0000	0.4900	0.0000	2.4321	0.0000	2.5000	78.1275
0.0000	0.5100	0.0000	2.5489	0.0000	2.5000	78.3037
0.0000	0.4900	0.0000	2.4396	0.0000	2.5000	78.6647
0.0000	0.5093	0.0000	2.5822	0.0000	2.5000	78.8432
0.0000	0.4900	0.0000	2.4166	0.0000	2.5000	79.0258
0.0000	0.5100	0.0000	2.5668	0.0000	2.5000	79.2021
0.0000	0.4900	0.0000	2.4845	0.0000	2.5000	79.3868
0.0000	0.4950	0.0000	2.4683	0.0000	2.5000	79.7409
0.0000	0.5001	0.0000	2.5071	0.0000	2.5000	79.9193
0.0000	0.4900	0.0000	2.4288	0.0000	2.5000	80.0987
0.0000	0.5100	0.0000	2.5432	0.0000	2.5000	80.2745
0.0000	0.4900	0.0000	2.4352	0.0000	2.5000	80.6348
0.0000	0.5100	0.0000	2.5820	0.0000	2.5000	80.8131
0.0000	0.4900	0.0000	2.4126	0.0000	2.5000	80.9957
0.0000	0.5100	0.0000	2.5610	0.0000	2.5000	81.1716
0.0000	0.4900	0.0000	2.4806	0.0000	2.5000	81.3559
0.0000	0.4962	0.0000	2.4715	0.0000	2.5000	81.7102
0.0000	0.4991	0.0000	2.4929	0.0000	2.5000	81.8885
0.0000	0.4923	0.0000	2.4414	0.0000	2.5000	82.0674
0.0000	0.5088	0.0000	2.5330	0.0000	2.5000	82.2438
0.0000	0.4900	0.0000	2.4307	0.0000	2.5000	82.6028
0.0000	0.5100	0.0000	2.5768	0.0000	2.5000	82.7807
0.0000	0.4900	0.0000	2.4092	0.0000	2.5000	82.9630
0.0000	0.5100	0.0000	2.5553	0.0000	2.5000	83.1386
0.0000	0.4900	0.0000	2.4766	0.0000	2.5000	83.3226
0.0000	0.4975	0.0000	2.4754	0.0000	-2.0000	83.6762
0.0000	0.0000	0.2800	-1.0650	0.0000	-2.0000	83.8224
0.0000	0.0000	0.2800	-1.6431	0.0000	-2.0000	83.7158
0.0000	0.0000	0.2800	-1.9240	0.0000	-2.0000	83.5886
0.0000	0.0000	0.2800	-2.1742	0.0000	-2.0000	83.2875
0.0000	0.0000	0.2600	-2.0713	0.0000	-2.0000	83.1328
0.0000	0.0000	0.2600	-1.9979	0.0000	-2.0000	82.9857
0.0000	0.0000	0.2800	-1.9881	0.0000	-2.0000	82.8427
0.0000	0.0000	0.2800	-1.9897	0.0000	-2.0000	82.6980
0.0000	0.0000	0.2800	-1.9489	0.0000	-2.0000	82.4117
0.0000	0.0000	0.2800	-1.9383	0.0000	-2.0000	82.2704
0.0000	0.0000	0.2800	-1.9344	0.0000	-2.0000	82.1298
0.0000	0.0000	0.2800	-1.9370	0.0000	-2.0000	81.9895
0.0000	0.0000	0.2800	-1.9682	-0.0000	-2.0000	81.7074
0.0000	0.0000	0.2800	-1.9868	-0.0000	-2.0000	81.5650
0.0000	0.0000	0.2800	-2.0029	-0.0000	-2.0000	81.4214
0.0000	0.0000	0.2791	-2.0224	-0.0000	-2.0000	81.2768
0.0000	0.0000	0.2728	-2.0321	-0.0000	-2.0000	81.1310
0.0000	0.0000	0.2697	-2.0258	-0.0000	-2.0000	80.8403
0.0000	0.0000	0.2717	-2.0432	-0.0000	-2.0000	80.6944
0.0000	0.0000	0.2662	-2.0410	-0.0000	-2.0000	80.5473
0.0000	0.0000	0.2669	-2.0427	-0.0000	-2.0000	80.4008
0.0000	0.0000	0.2663	-2.0487	-0.0000	-2.0000	80.2538
0.0000	0.0000	0.2644	-2.0431	-0.0000	-2.0000	79.9597
0.0000	0.0000	0.2662	-2.0471	-0.0000	-2.0000	79.8127
0.0000	0.0000	0.2649	-2.0438	-0.0000	-2.0000	79.6655
0.0000	0.0000	0.2660	-2.0407	-0.0000	-2.0000	79.5185
0.0000	0.0000	0.2670	-2.0365	-0.0000	-2.0000	79.2249
0.0000	0.0000	0.2683	-2.0359	-0.0000	-2.0000	79.0783
0.0000	0.0000	0.2685	-2.0327	-0.0000	-2.0000	78.9319
0.0000	0.0000	0.2695	-2.0314	-0.0000	-2.0000	78.7856
0.0000	0.0000	0.2700	-2.0293	-0.0000	-2.0000	78.4931
0.0000	0.0000	0.2706	-2.0300	-0.0000	-2.0000	78.3470
0.0000	0.0000	0.2704	-2.0290	-0.0000	-2.0000	78.2008
0.0000	0.0000	0.2707	-2.0292	-0.0000	-2.0000	78.0547
0.0000	0.0000	0.2707	-2.0291	-0.0000	-2.0000	77.9085
0.0000	0.0000	0.2707	-2.0289	-0.0000	-2.0000	77.6163
0.0000	0.0000	0.2708	-2.0291	-0.0000	-2.0000	77.4702
0.0000	0.0000	0.2707	-2.0291	-0.0000	-2.0000	77.3241
0.0000	0.0000	0.2707	-2.0289	-0.0000	-2.0000	77.1779
0.0000	0.0000	0.2708	-2.0292	-0.0000	-2.0000	76.8857
0.0000	0.0000	0.2707	-2.0292	-0.0000	-2.0000	76.7396
0.0000	0.0000	0.2707	-2.0295	-0.0000	-2.0000	76.5935
0.0000	0.0000	0.2706	-2.0296	-0.0000	-2.0000	76.4474
0.0000	0.0000	0.2705	-2.0297	-0.0000	-2.0000	76.3012
0.0000	0.0000	0.2705	-2.0300	-0.0000	-2.0000	76.0089
0.0000	0.0000	0.2704	-2.0299	-0.0000	-2.0000	75.8628
0.0000	0.0000	0.2704	-2.0300	-0.0000	-2.0000	75.7166
0.0000	0.0000	0.2704	-2.0301	-0.0000	-2.0000	75.5705
0.0000	0.0000	0.2704	-2.0302	-0.0000	-2.0000	75.2782
0.0000	0.0000	0.2703	-2.0300	-0.0000	-2.0000	75.1320
0.0000	0.0000	0.2704	-2.0300	-0.0000	-2.0000	74.9859
0.0000	0.0000	0.2704	-2.0296	-0.0000	-2.0000	74.8397
0.0000	0.0000	0.2705	-2.0294	-0.0000	-2.0000	74.6936
0.0000	0.0000	0.2706	-2.0289	-0.0000	-2.0000	74.4014
0.0000	0.0000	0.2708	-2.0289	-0.0000	-2.0000	74.2553
0.0000	0.0000	0.2708	-2.0285	-0.0000	-2.0000	74.1093
0.0000	0.0000	0.2709	-2.0284	-0.0000	-2.0000	73.9632
0.0000	0.0000	0.2709	-2.0281	-0.0000	-2.0000	73.6711
0.0000	0.0000	0.2710	-2.0282	-0.0000	-2.0000	73.5251
0.0000	0.0000	0.2710	-2.0279	-0.0000	-2.0000	73.3791
0.0000	0.0000	0.2711	-2.0279	-0.0000	-2.0000	73.2331
0.0000	0.0000	0.2711	-2.0278	-0.0000	-2.0000	73.0871
0.0000	0.0000	0.2711	-2.0276	-0.0000	-2.0000	72.7951
0.0000	0.0000	0.2712	-2.0276	-0.0000	-2.0000	72.6491
0.0000	0.0000	0.2712	-2.0275	-0.0000	-2.0000	72.5031
0.0000	0.0000	0.2712	-2.0274	-0.0000	-2.0000	72.3571
0.0000	0.0000	0.2712	-2.0272	-0.0000	-2.0000	72.0652
0.0000	0.0000	0.2713	-2.0272	-0.0000	-2.0000	71.9193
0.0000	0.0000	0.2713	-2.0270	-0.0000	-2.0000	71.7733
0.0000	0.0000	0.2713	-2.0270	-0.0000	-2.0000	71.6274
0.0000	0.0000	0.2714	-2.0269	-0.0000	-2.0000	71.4814
0.0000	0.0000	0.2714	-2.0266	-0.0000	-2.0000	71.1896
0.0000	0.0000	0.2715	-2.0267	-0.0000	-2.0000	71.0436
0.0000	0.0000	0.2715	-2.0265	-0.0000	-2.0000	70.8977
0.0000	0.0000	0.2715	-2.0264	-0.0000	-2.0000	70.7518
0.0000	0.0000	0.2716	-2.0261	-0.0000	-2.0000	70.4600
0.0000	0.0000	0.2716	-2.0262	-0.0000	-2.0000	70.3142
0.0000	0.0000	0.2716	-2.0259	-0.0000	-2.0000	70.1683
0.0000	0.0000	0.2717	-2.0259	-0.0000	-2.0000	70.0224
0.0000	0.0000	0.2717	-2.0258	-0.0000	-2.0000	69.8766
0.0000	0.0000	0.2718	-2.0255	-0.0000	-2.0000	69.5849
0.0000	0.0000	0.2718	-2.0255	-0.0000	-2.0000	69.4390
0.0000	0.0000	0.2718	-2.0253	-0.0000	-2.0000	69.2932
0.0000	0.0000	0.2719	-2.0253	-0.0000	-2.0000	69.1474
0.0000	0.0000	0.2719	-2.0251	-0.0000	-2.0000	68.8558
0.0000	0.0000	0.2720	-2.0251	-0.0000	-2.0000	68.7100
0.0000	0.0000	0.2720	-2.0249	-0.0000	-2.0000	68.5642
0.0000	0.0000	0.2720	-2.0249	-0.0000	-2.0000	68.4184
0.0000	0.0000	0.2720	-2.0247	-0.0000	-2.0000	68.2726
0.0000	0.0000	0.2721	-2.0245	-0.0000	-2.0000	67.9810
0.0000	0.0000	0.2722	-2.0245	-0.0000	-2.0000	67.8353
0.0000	0.0000	0.2721	-2.0244	-0.0000	-2.0000	67.6895
0.0000	0.0000	0.2722	-2.0243	-0.0000	-2.0000	67.5438
0.0000	0.0000	0.2722	-2.0241	-0.0000	-2.0000	67.2523
0.0000	0.0000	0.2723	-2.0241	-0.0000	-2.0000	67.1065
0.0000	0.0000	0.2723	-2.0239	-0.0000	-2.0000	66.9608
0.0000	0.0000	0.2724	-2.0239	-0.0000	-2.0000	66.8151
0.0000	0.0000	0.2724	-2.0237	-0.0000	-2.0000	66.6694
0.0000	0.0000	0.2724	-2.0235	-0.0000	-2.0000	66.3780
0.0000	0.0000	0.2725	-2.0236	-0.0000	-2.0000	66.2323
0.0000	0.0000	0.2725	-2.0234	-0.0000	-2.0000	66.0866
0.0000	0.0000	0.2725	-2.0233	-0.0000	-2.0000	65.9409
0.0000	0.0000	0.2725	-2.0231	-0.0000	-2.0000	65.6496
0.0000	0.0000	0.2726	-2.0231	-0.0000	-2.0000	65.5039
0.0000	0.0000	0.2726	-2.0229	-0.0000	-2.0000	65.3583
0.0000	0.0000	0.2727	-2.0229	-0.0000	-2.0000	65.2126
0.0000	0.0000	0.2727	-2.0227	-0.0000	-2.0000	65.0670
0.0000	0.0000	0.2727	-2.0225	-0.0000	-2.0000	64.7757
0.0000	0.0000	0.2728	-2.0226	-0.0000	-2.0000	64.6301
0.0000	0.0000	0.2728	-2.0224	-0.0000	-2.0000	64.4845
0.0000	0.0000	0.2728	-2.0223	-0.0000	-2.0000	64.3389
0.0000	0.0000	0.2729	-2.0221	-0.0000	-2.0000	64.0477
0.0000	0.0000	0.2729	-2.0221	-0.0000	-2.0000	63.9021
0.0000	0.0000	0.2729	-2.0219	-0.0000	-2.0000	63.7565
0.0000	0.0000	0.2730	-2.0219	-0.0000	-2.0000	63.6109
0.0000	0.0000	0.2730	-2.0218	-0.0000	-2.0000	63.4653
0.0000	0.0000	0.2730	-2.0216	-0.0000	-2.0000	63.1742
0.0000	0.0000	0.2731	-2.0216	-0.0000	-2.0000	63.0287
0.0000	0.0000	0.2731	-2.0214	-0.0000	-2.0000	62.8831
0.0000	0.0000	0.2731	-2.0214	-0.0000	-2.0000	62.7376
0.0000	0.0000	0.2732	-2.0212	-0.0000	-2.0000	62.4465
0.0000	0.0000	0.2732	-2.0212	-0.0000	-2.0000	62.3010
0.0000	0.0000	0.2732	-2.0210	-0.0000	-2.0000	62.1555
0.0000	0.0000	0.2733	-2.0210	-0.0000	-2.0000	62.0100
0.0000	0.0000	0.2733	-2.0209	-0.0000	-2.0000	61.8645
0.0000	0.0000	0.2733	-2.0207	-0.0000	-2.0000	61.5735
0.0000	0.0000	0.2734	-2.0207	-0.0000	-2.0000	61.4280
0.0000	0.0000	0.2734	-2.0205	-0.0000	-2.0000	61.2825
0.0000	0.0000	0.2734	-2.0205	-0.0000	-2.0000	61.1370
0.0000	0.0000	0.2735	-2.0202	-0.0000	-2.0000	60.8461
0.0000	0.0000	0.2735	-2.0203	-0.0000	-2.0000	60.7006
0.0000	0.0000	0.2735	-2.0201	-0.0000	-2.0000	60.5552
0.0000	0.0000	0.2736	-2.0201	-0.0000	-2.0000	60.4097
0.0000	0.0000	0.2736	-2.0199	-0.0000	-2.0000	60.2643
0.0000	0.0000	0.2736	-2.0198	-0.0000	-2.0000	59.9734
0.0000	0.0000	0.2737	-2.0198	-0.0000	-2.0000	59.8280
0.0000	0.0000	0.2737	-2.0196	-0.0000	-2.0000	59.6826
0.0000	0.0000	0.2737	-2.0196	-0.0000	-2.0000	59.5372
0.0000	0.0000	0.2737	-2.0193	-0.0000	-2.0000	59.2464
0.0000	0.0000	0.2738	-2.0194	-0.0000	-2.0000	59.1010
0.0000	0.0000	0.2738	-2.0192	-0.0000	-2.0000	58.9556
0.0000	0.0000	0.2739	-2.0192	-0.0000	-2.0000	58.8102
0.0000	0.0000	0.2739	-2.0191	-0.0000	-2.0000	58.6649
0.0000	0.0000	0.2739	-2.0189	-0.0000	-2.0000	58.3741
0.0000	0.0000	0.2740	-2.0189	-0.0000	-2.0000	58.2288
0.0000	0.0000	0.2740	-2.0187	-0.0000	-2.0000	58.0834
0.0000	0.0000	0.2740	-2.0187	-0.0000	-2.0000	57.9381
0.0000	0.0000	0.2840	-2.0613	-0.0000	-2.0000	57.6450
0.0000	0.0000	0.2704	-2.0118	-0.0000	-2.0000	57.4972
0.0000	0.0000	0.2862	-2.0579	-0.0000	-2.0000	57.3520
0.0000	0.0000	0.2715	-2.0299	-0.0000	-2.0000	57.2037
0.0000	0.0000	0.2804	-2.0223	-0.0000	-2.0000	57.0585
0.0000	0.0000	0.2829	-2.0574	-0.0000	-2.0000	56.7640
0.0000	0.0000	0.2716	-2.0166	-0.0000	-2.0000	56.6163
0.0000	0.0000	0.2847	-2.0497	-0.0000	-2.0000	56.4709
0.0000	0.0000	0.2741	-2.0393	-0.0000	-2.0000	56.3230
0.0000	0.0000	0.2774	-2.0313	-0.0000	-2.0000	56.0310
0.0000	0.0000	0.2800	-2.0410	-0.0000	-2.0000	55.8845
0.0000	0.0000	0.2769	-2.0335	-0.0000	-2.0000	55.7376
0.0000	0.0000	0.2793	-2.0400	-0.0000	-2.0000	55.5911
0.0000	0.0000	0.2772	-2.0388	-0.0000	-2.0000	55.4442
0.0000	0.0000	0.2776	-2.0366	-0.0000	-2.0000	55.1509
0.0000	0.0000	0.2783	-2.0387	-0.0000	-2.0000	55.0042
0.0000	0.0000	0.2776	-2.0369	-0.0000	-2.0000	54.8575
0.0000	0.0000	0.2782	-2.0379	-0.0000	-2.0000	54.7108
0.0000	0.0000	0.2779	-2.0376	-0.0000	-2.0000	54.4173
0.0000	0.0000	0.2780	-2.0378	-0.0000	-2.0000	54.2706
0.0000	0.0000	0.2779	-2.0375	-0.0000	-2.0000	54.1239
0.0000	0.0000	0.2780	-2.0376	-0.0000	-2.0000	53.9772
0.0000	0.0000	0.2780	-2.0374	-0.0000	-2.0000	53.8305
0.0000	0.0000	0.2780	-2.0372	-0.0000	-2.0000	53.5372
0.0000	0.0000	0.2781	-2.0373	-0.0000	-2.0000	53.3905
0.0000	0.0000	0.2781	-2.0370	-0.0000	-2.0000	53.2438
0.0000	0.0000	0.2781	-2.0370	-0.0000	-2.0000	53.0971
0.0000	0.0000	0.2781	-2.0368	-0.0000	-2.0000	52.8038
0.0000	0.0000	0.2782	-2.0369	-0.0000	-2.0000	52.6572
0.0000	0.0000	0.2782	-2.0367	-0.0000	-2.0000	52.5105
0.0000	0.0000	0.2783	-2.0367	-0.0000	-2.0000	52.3639
0.0000	0.0000	0.2783	-2.0366	-0.0000	-2.0000	52.2172
0.0000	0.0000	0.2783	-2.0364	-0.0000	-2.0000	51.9240
0.0000	0.0000	0.2784	-2.0364	-0.0000	-2.0000	51.7774
0.0000	0.0000	0.2783	-2.0362	-0.0000	-2.0000	51.6308
0.0000	0.0000	0.2784	-2.0362	-0.0000	-2.0000	51.4841
0.0000	0.0000	0.2784	-2.0360	-0.0000	-2.0000	51.1909
0.0000	0.0000	0.2785	-2.0361	-0.0000	-2.0000	51.0443
0.0000	0.0000	0.2785	-2.0359	-0.0000	-2.0000	50.8978
0.0000	0.0000	0.2785	-2.0359	-0.0000	-2.0000	50.7512
0.0000	0.0000	0.2785	-2.0358	-0.0000	-2.0000	50.6046
0.0000	0.0000	0.2785	-2.0356	-0.0000	-2.0000	50.3114
0.0000	0.0000	0.2786	-2.0357	-0.0000	-2.0000	50.1649
0.0000	0.0000	0.2786	-2.0355	-0.0000	-2.0000	50.0183
0.0000	0.0000	0.2786	-2.0355	-0.0000	-2.0000	49.8718
0.0000	0.0000	0.2786	-2.0353	-0.0000	-2.0000	49.5787
0.0000	0.0000	0.2787	-2.0353	-0.0000	-2.0000	49.4321
0.0000	0.0000	0.2787	-2.0352	-0.0000	-2.0000	49.2856
0.0000	0.0000	0.2788	-2.0352	-0.0000	-2.0000	49.1391
0.0000	0.0000	0.2787	-2.0351	-0.0000	2.5000	48.9925
0.0000	0.5200	0.0000	2.3745	-0.0000	2.5000	48.9492
0.0000	0.5200	0.0000	2.8982	-0.0000	2.5000	49.1505
0.0000	0.5000	0.0000	2.7328	-0.0000	2.5000	49.3589
0.0000	0.5000	0.0000	2.7168	-0.0000	2.5000	49.5558
0.0000	0.5000	0.0000	2.6048	-0.0000	2.5000	49.9371
0.0000	0.5000	0.0000	2.5475	-0.0000	2.5000	50.1209
0.0000	0.5000	0.0000	2.4940	-0.0000	2.5000	50.3006
0.0000	0.5019	0.0000	2.4624	-0.0000	2.5000	50.4766
0.0000	0.5120	0.0000	2.4711	0.0000	2.5000	50.6507
0.0000	0.5092	0.0000	2.4323	0.0000	2.5000	51.0005
0.0000	0.5200	0.0000	2.5222	0.0000	2.5000	51.1761
0.0000	0.5000	0.0000	2.3411	0.0000	2.5000	51.3542
0.0000	0.5200	0.0000	2.5353	0.0000	2.5000	51.5264
0.0000	0.5000	0.0000	2.4487	0.0000	2.5000	51.8853
0.0000	0.5164	0.0000	2.6105	0.0000	2.5000	52.0659
0.0000	0.5000	0.0000	2.4690	0.0000	2.5000	52.2513
0.0000	0.5099	0.0000	2.6027	0.0000	2.5000	52.4331
0.0000	0.5000	0.0000	2.5631	0.0000	2.5000	52.6205
0.0000	0.5000	0.0000	2.5698	0.0000	2.5000	52.9891
0.0000	0.5000	0.0000	2.5777	0.0000	2.5000	53.1747
0.0000	0.5000	0.0000	2.5828	0.0000	2.5000	53.3607
0.0000	0.5000	0.0000	2.5853	0.0000	2.5000	53.5469
0.0000	0.5000	0.0000	2.5843	0.0000	2.5000	53.9196
0.0000	0.5000	0.0000	2.5815	0.0000	2.5000	54.1057
0.0000	0.4900	0.0000	2.4943	0.0000	2.5000	54.2904
0.0000	0.4918	0.0000	2.5249	0.0000	2.5000	54.4714
0.0000	0.4900	0.0000	2.5116	0.0000	2.5000	54.6530
0.0000	0.4900	0.0000	2.5019	0.0000	2.5000	55.0138
0.0000	0.4900	0.0000	2.4987	0.0000	2.5000	55.1938
0.0000	0.4904	0.0000	2.4988	0.0000	2.5000	55.3736
0.0000	0.4904	0.0000	2.4947	0.0000	2.5000	55.5533
0.0000	0.4917	0.0000	2.4976	0.0000	2.5000	55.9127
0.0000	0.4908	0.0000	2.4876	0.0000	2.5000	56.0922
0.0000	0.4940	0.0000	2.5136	0.0000	2.5000	56.2716
0.0000	0.4900	0.0000	2.4757	0.0000	2.5000	56.4518
0.0000	0.4978	0.0000	2.5139	0.0000	2.5000	56.6303
0.0000	0.4900	0.0000	2.4758	0.0000	2.5000	56.9909
0.0000	0.4978	0.0000	2.5403	0.0000	2.5000	57.1703
0.0000	0.4900	0.0000	2.4637	0.0000	2.5000	57.3516
0.0000	0.5016	0.0000	2.5487	0.0000	2.5000	57.5302
0.0000	0.4900	0.0000	2.4767	0.0000	2.5000	57.8926
0.0000	0.4975	0.0000	2.5377	0.0000	2.5000	58.0724
0.0000	0.4900	0.0000	2.4661	0.0000	2.5000	58.2536
0.0000	0.5008	0.0000	2.5599	0.0000	2.5000	58.4327
0.0000	0.4900	0.0000	2.5025	0.0000	2.5000	58.6164
0.0000	0.4900	0.0000	2.4821	0.0000	2.5000	58.9737
0.0000	0.4957	0.0000	2.5284	0.0000	2.5000	59.1531
0.0000	0.4900	0.0000	2.4727	0.0000	2.5000	59.3341
0.0000	0.4987	0.0000	2.5341	0.0000	2.5000	59.5129
0.0000	0.4900	0.0000	2.4790	0.0000	2.5000	59.8744
0.0000	0.4967	0.0000	2.5318	0.0000	2.5000	60.0541
0.0000	0.4900	0.0000	2.4671	0.0000	2.5000	60.2350
0.0000	0.5005	0.0000	2.5544	0.0000	2.5000	60.4140
0.0000	0.4900	0.0000	2.4994	0.0000	2.5000	60.5973
0.0000	0.4902	0.0000	2.4789	0.0000	2.5000	60.9541
0.0000	0.4967	0.0000	2.5310	0.0000	2.5000	61.1335
0.0000	0.4900	0.0000	2.4665	0.0000	2.5000	61.3144
0.0000	0.5007	0.0000	2.5398	0.0000	2.5000	61.4929
0.0000	0.4900	0.0000	2.4734	0.0000	2.5000	61.8545
0.0000	0.4985	0.0000	2.5399	0.0000	2.5000	62.0341
0.0000	0.4900	0.0000	2.4592	0.0000	2.5000	62.2153
0.0000	0.5031	0.0000	2.5662	0.0000	2.5000	62.3940
0.0000	0.4900	0.0000	2.4999	0.0000	2.5000	62.5781
0.0000	0.4900	0.0000	2.4732	0.0000	2.5000	62.9341
0.0000	0.4986	0.0000	2.5412	0.0000	2.5000	63.1133
0.0000	0.4900	0.0000	2.4602	0.0000	2.5000	63.2947
0.0000	0.5027	0.0000	2.5466	0.0000	2.5000	63.4729
0.0000	0.4900	0.0000	2.4697	0.0000	2.5000	63.8349
0.0000	0.4997	0.0000	2.5450	0.0000	2.5000	64.0144
0.0000	0.4900	0.0000	2.4545	0.0000	2.5000	64.1958
0.0000	0.5046	0.0000	2.5722	0.0000	2.5000	64.3743
0.0000	0.4900	0.0000	2.5001	0.0000	2.5000	64.5588
0.0000	0.4900	0.0000	2.4698	0.0000	2.5000	64.9143
0.0000	0.4997	0.0000	2.5460	0.0000	2.5000	65.0934
0.0000	0.4900	0.0000	2.4562	0.0000	2.5000	65.2750
0.0000	0.5040	0.0000	2.5497	0.0000	2.5000	65.4530
0.0000	0.4900	0.0000	2.4661	0.0000	2.5000	65.8151
0.0000	0.5009	0.0000	2.5497	0.0000	2.5000	65.9944
0.0000	0.4900	0.0000	2.4494	0.0000	2.5000	66.1759
0.0000	0.5062	0.0000	2.5780	0.0000	2.5000	66.3542
0.0000	0.4900	0.0000	2.5001	0.0000	2.5000	66.5392
0.0000	0.4900	0.0000	2.4656	0.0000	2.5000	66.8941
0.0000	0.5010	0.0000	2.5518	0.0000	2.5000	67.0731
0.0000	0.4900	0.0000	2.4511	0.0000	2.5000	67.2549
0.0000	0.5056	0.0000	2.5537	0.0000	2.5000	67.4326
0.0000	0.4900	0.0000	2.4619	0.0000	2.5000	67.7949
0.0000	0.5022	0.0000	2.5551	0.0000	2.5000	67.9741
0.0000	0.4900	0.0000	2.4439	0.0000	2.5000	68.1558
0.0000	0.5079	0.0000	2.5844	0.0000	2.5000	68.3338
0.0000	0.4900	0.0000	2.5002	0.0000	2.5000	68.5193
0.0000	0.4900	0.0000	2.4614	0.0000	2.5000	68.8736
0.0000	0.5024	0.0000	2.5575	0.0000	2.5000	69.0524
0.0000	0.4900	0.0000	2.4463	0.0000	2.5000	69.2344
0.0000	0.5072	0.0000	2.5572	0.0000	2.5000	69.4119
0.0000	0.4900	0.0000	2.4579	0.0000	2.5000	69.7743
0.0000	0.5035	0.0000	2.5602	0.0000	2.5000	69.9534
0.0000	0.4900	0.0000	2.4388	0.0000	2.5000	70.1353
0.0000	0.5096	0.0000	2.5900	0.0000	2.5000	70.3130
0.0000	0.4900	0.0000	2.5003	0.0000	2.5000	70.4990
0.0000	0.4900	0.0000	2.4572	0.0000	2.5000	70.8527
0.0000	0.5037	0.0000	2.5630	0.0000	2.5000	71.0313
0.0000	0.4900	0.0000	2.4417	0.0000	2.5000	71.2136
0.0000	0.5087	0.0000	2.5603	0.0000	2.5000	71.3908
0.0000	0.4900	0.0000	2.4538	0.0000	2.5000	71.7532
0.0000	0.5048	0.0000	2.5653	0.0000	2.5000	71.9322
0.0000	0.4900	0.0000	2.4336	0.0000	2.5000	72.1143
0.0000	0.5100	0.0000	2.5870	0.0000	2.5000	72.2917
0.0000	0.4900	0.0000	2.4976	0.0000	2.5000	72.4776
0.0000	0.4908	0.0000	2.4578	0.0000	2.5000	72.8310
0.0000	0.5035	0.0000	2.5554	0.0000	2.5000	73.0095
0.0000	0.4900	0.0000	2.4387	0.0000	2.5000	73.1914
0.0000	0.5096	0.0000	2.5603	0.0000	2.5000	73.3683
0.0000	0.4900	0.0000	2.4498	0.0000	2.5000	73.7306
0.0000	0.5061	0.0000	2.5701	0.0000	2.5000	73.9095
0.0000	0.4900	0.0000	2.4287	0.0000	2.5000	74.0917
0.0000	0.5100	0.0000	2.5813	0.0000	2.5000	74.2689
0.0000	0.4900	0.0000	2.4940	0.0000	2.5000	74.4543
0.0000	0.4919	0.0000	2.4608	0.0000	2.5000	74.8077
0.0000	0.5025	0.0000	2.5417	0.0000	2.5000	74.9862
0.0000	0.4900	0.0000	2.4363	0.0000	2.5000	75.1674
0.0000	0.5100	0.0000	2.5571	0.0000	2.5000	75.3440
0.0000	0.4900	0.0000	2.4458	0.0000	2.5000	75.7059
0.0000	0.5073	0.0000	2.5748	0.0000	2.5000	75.8846
0.0000	0.4900	0.0000	2.4239	0.0000	2.5000	76.0670
0.0000	0.5100	0.0000	2.5755	0.0000	2.5000	76.2438
0.0000	0.4900	0.0000	2.4903	0.0000	2.5000	76.4290
0.0000	0.4931	0.0000	2.4636	0.0000	2.5000	76.7828
0.0000	0.5016	0.0000	2.5282	0.0000	2.5000	76.9612
0.0000	0.4900	0.0000	2.4334	0.0000	2.5000	77.1417
0.0000	0.5100	0.0000	2.5516	0.0000	2.5000	77.3180
0.0000	0.4900	0.0000	2.4416	0.0000	2.5000	77.6793
0.0000	0.5087	0.0000	2.5797	0.0000	2.5000	77.8579
0.0000	0.4900	0.0000	2.4190	0.0000	2.5000	78.0405
0.0000	0.5100	0.0000	2.5697	0.0000	2.5000	78.2169
0.0000	0.4900	0.0000	2.4864	0.0000	2.5000	78.4017
0.0000	0.4943	0.0000	2.4668	0.0000	2.5000	78.7556
0.0000	0.5006	0.0000	2.5139	0.0000	2.5000	78.9340
0.0000	0.4900	0.0000	2.4305	0.0000	2.5000	79.1138
0.0000	0.5100	0.0000	2.5461	0.0000	2.5000	79.2898
0.0000	0.4900	0.0000	2.4374	0.0000	2.5000	79.6504
0.0000	0.5100	0.0000	2.5846	0.0000	2.5000	79.8288
0.0000	0.4900	0.0000	2.4142	0.0000	2.5000	80.0116
0.0000	0.5100	0.0000	2.5639	0.0000	2.5000	80.1877
0.0000	0.4900	0.0000	2.4825	0.0000	2.5000	80.3722
0.0000	0.4956	0.0000	2.4701	0.0000	2.5000	80.7252
0.0000	0.4996	0.0000	2.4998	0.0000	2.5000	80.9035
0.0000	0.4900	0.0000	2.4279	0.0000	2.5000	81.0825
0.0000	0.5100	0.0000	2.5407	0.0000	2.5000	81.2582
0.0000	0.4900	0.0000	2.4332	0.0000	2.5000	81.6182
0.0000	0.5100	0.0000	2.5796	0.0000	2.5000	81.7963
0.0000	0.4900	0.0000	2.4110	0.0000	2.5000	81.9788
0.0000	0.5100	0.0000	2.5582	0.0000	2.5000	82.1546
0.0000	0.4900	0.0000	2.4787	0.0000	2.5000	82.3387
0.0000	0.4968	0.0000	2.4732	0.0000	2.5000	82.6916
0.0000	0.4986	0.0000	2.4863	0.0000	2.5000	82.8699
0.0000	0.4944	0.0000	2.4548	0.0000	2.5000	83.0485
0.0000	0.5045	0.0000	2.5099	0.0000	2.5000	83.2256
0.0000	0.4900	0.0000	2.4288	0.0000	2.5000	83.5823
0.0000	0.5100	0.0000	2.5746	0.0000	2.5000	83.7600
0.0000	0.4900	0.0000	2.4079	0.0000	2.5000	83.9422
0.0000	0.5100	0.0000	2.5527	0.0000	2.5000	84.1176
0.0000	0.4900	0.0000	2.4748	0.0000	2.5000	84.3014
0.0000	0.4981	0.0000	2.4763	0.0000	2.5000	84.6542
0.0000	0.4976	0.0000	2.4730	0.0000	2.5000	84.8324
0.0000	0.4987	0.0000	2.4803	0.0000	2.5000	85.0106
0.0000	0.4963	0.0000	2.4671	0.0000	2.5000	85.1891
0.0000	0.5005	0.0000	2.4901	0.0000	2.5000	85.5457
0.0000	0.4932	0.0000	2.4364	0.0000	2.5000	85.7240
0.0000	0.5100	0.0000	2.5648	0.0000	2.5000	85.9013
0.0000	0.4900	0.0000	2.4242	0.0000	2.5000	86.0841
0.0000	0.5100	0.0000	2.4987	0.0000	2.5000	86.2585
0.0000	0.4904	0.0000	2.4237	0.0000	2.5000	86.6170
0.0000	0.5100	0.0000	2.5666	0.0000	2.5000	86.7937
0.0000	0.4900	0.0000	2.4085	0.0000	2.5000	86.9758
0.0000	0.5100	0.0000	2.5220	0.0000	2.5000	87.1503
0.0000	0.4900	0.0000	2.4970	0.0000	2.5000	87.3336
0.0000	0.4910	0.0000	2.4245	0.0000	2.5000	87.6828
0.0000	0.5100	0.0000	2.5623	0.0000	2.5000	87.8590
0.0000	0.4900	0.0000	2.4215	0.0000	2.5000	88.0416
0.0000	0.5100	0.0000	2.4942	0.0000	2.5000	88.2157
0.0000	0.4919	0.0000	2.4287	0.0000	2.5000	88.5742
0.0000	0.5100	0.0000	2.5598	0.0000	2.5000	88.7511
0.0000	0.4900	0.0000	2.4053	0.0000	2.5000	88.9329
0.0000	0.5100	0.0000	2.5166	0.0000	2.5000	89.1070
0.0000	0.4900	0.0000	2.4136	0.0000	2.5000	89.4641
0.0000	0.5100	0.0000	2.5574	0.0000	2.5000	89.6406
0.0000	0.4900	0.0000	2.3960	0.0000	2.5000	89.8218
0.0000	0.5100	0.0000	2.5344	0.0000	2.5000	89.9961
0.0000	0.4900	0.0000	2.4615	0.0000	2.5000	90.1788
0.0000	0.5023	0.0000	2.4883	0.0000	2.5000	90.5326
0.0000	0.4937	0.0000	2.4256	0.0000	2.5000	90.7107
0.0000	0.5100	0.0000	2.5426	0.0000	2.5000	90.8869
0.0000	0.4900	0.0000	2.4339	0.0000	2.5000	91.0691
0.0000	0.5100	0.0000	2.5331	0.0000	2.5000	91.4245
0.0000	0.4900	0.0000	2.3898	0.0000	2.5000	91.6041
0.0000	0.5100	0.0000	2.5490	0.0000	-2.0000	91.7790
0.0000	0.0000	0.2800	0.9800	0.0000	-2.0000	91.9551
0.0000	0.0000	0.2800	-1.5970	0.0000	-2.0000	91.8701
0.0000	0.0000	0.2800	-2.1394	0.0000	-2.0000	91.5976
0.0000	0.0000	0.2600	-2.1408	0.0000	-2.0000	91.4417
0.0000	0.0000	0.2600	-2.0873	0.0000	-2.0000	91.2893
0.0000	0.0000	0.2600	-2.0282	0.0000	-2.0000	91.1407
0.0000	0.0000	0.2710	-1.9673	0.0000	-2.0000	90.8522
0.0000	0.0000	0.2800	-1.9709	0.0000	-2.0000	90.7097
0.0000	0.0000	0.2800	-1.9622	0.0000	-2.0000	90.5666
0.0000	0.0000	0.2800	-1.9552	0.0000	-2.0000	90.4242
0.0000	0.0000	0.2800	-1.9521	0.0000	-2.0000	90.2822
0.0000	0.0000	0.2800	-1.9687	0.0000	-2.0000	89.9986
0.0000	0.0000	0.2800	-1.9843	0.0000	-2.0000	89.8559
0.0000	0.0000	0.2800	-2.0028	-0.0000	-2.0000	89.7122
0.0000	0.0000	0.2791	-2.0176	-0.0000	-2.0000	89.5675
0.0000	0.0000	0.2744	-2.0332	-0.0000	-2.0000	89.4219
0.0000	0.0000	0.2694	-2.0201	0.0000	-2.0000	89.1319
0.0000	0.0000	0.2736	-2.0464	-0.0000	-2.0000	88.9864
0.0000	0.0000	0.2651	-2.0456	-0.0000	-2.0000	88.8390
0.0000	0.0000	0.2654	-2.0429	-0.0000	-2.0000	88.6924
0.0000	0.0000	0.2663	-2.0621	-0.0000	-2.0000	88.3976
0.0000	0.0000	0.2601	-2.0462	-0.0000	-2.0000	88.2495
0.0000	0.0000	0.2652	-2.0518	-0.0000	-2.0000	88.1026
0.0000	0.0000	0.2634	-2.0531	-0.0000	-2.0000	87.9549
0.0000	0.0000	0.2630	-2.0471	-0.0000	-2.0000	87.6598
0.0000	0.0000	0.2649	-2.0476	-0.0000	-2.0000	87.5125
0.0000	0.0000	0.2648	-2.0430	-0.0000	-2.0000	87.3653
0.0000	0.0000	0.2663	-2.0416	-0.0000	-2.0000	87.2183
0.0000	0.0000	0.2667	-2.0393	-0.0000	-2.0000	87.0714
0.0000	0.0000	0.2674	-2.0362	-0.0000	-2.0000	86.7779
0.0000	0.0000	0.2684	-2.0369	-0.0000	-2.0000	86.6313
0.0000	0.0000	0.2682	-2.0351	-0.0000	-2.0000	86.4846
0.0000	0.0000	0.2688	-2.0355	-0.0000	-2.0000	86.3380
0.0000	0.0000	0.2686	-2.0356	-0.0000	-2.0000	86.1914
0.0000	0.0000	0.2686	-2.0348	-0.0000	-2.0000	85.8983
0.0000	0.0000	0.2689	-2.0353	-0.0000	-2.0000	85.7517
0.0000	0.0000	0.2687	-2.0351	-0.0000	-2.0000	85.6052
0.0000	0.0000	0.2688	-2.0352	-0.0000	-2.0000	85.4586
0.0000	0.0000	0.2687	-2.0350	0.0000	-2.0000	85.1655
0.0000	0.0000	0.2688	-2.0352	-0.0000	-2.0000	85.0190
0.0000	0.0000	0.2687	-2.0353	-0.0000	-2.0000	84.8724
0.0000	0.0000	0.2687	-2.0355	-0.0000	-2.0000	84.7259
0.0000	0.0000	0.2686	-2.0359	-0.0000	-2.0000	84.4327
0.0000	0.0000	0.2685	-2.0358	-0.0000	-2.0000	84.2861
0.0000	0.0000	0.2686	-2.0360	-0.0000	-2.0000	84.1396
0.0000	0.0000	0.2685	-2.0360	-0.0000	-2.0000	83.9930
0.0000	0.0000	0.2685	-2.0361	-0.0000	-2.0000	83.8464
0.0000	0.0000	0.2685	-2.0362	-0.0000	-2.0000	83.5532
0.0000	0.0000	0.2684	-2.0361	-0.0000	-2.0000	83.4066
0.0000	0.0000	0.2684	-2.0361	-0.0000	-2.0000	83.2600
0.0000	0.0000	0.2685	-2.0360	-0.0000	-2.0000	83.1134
0.0000	0.0000	0.2685	-2.0356	-0.0000	-2.0000	82.9669
0.0000	0.0000	0.2686	-2.0351	-0.0000	-2.0000	82.6738
0.0000	0.0000	0.2688	-2.0350	-0.0000	-2.0000	82.5272
0.0000	0.0000	0.2688	-2.0347	-0.0000	-2.0000	82.3807
0.0000	0.0000	0.2689	-2.0344	0.0000	-2.0000	82.2343
0.0000	0.0000	0.2690	-2.0342	-0.0000	-2.0000	81.9413
0.0000	0.0000	0.2691	-2.0341	-0.0000	-2.0000	81.7948
0.0000	0.0000	0.2691	-2.0339	-0.0000	-2.0000	81.6484
0.0000	0.0000	0.2691	-2.0338	-0.0000	-2.0000	81.5020
0.0000	0.0000	0.2692	-2.0336	-0.0000	-2.0000	81.2091
0.0000	0.0000	0.2693	-2.0336	-0.0000	-2.0000	81.0627
0.0000	0.0000	0.2692	-2.0334	-0.0000	-2.0000	80.9163
0.0000	0.0000	0.2693	-2.0334	-0.0000	-2.0000	80.7699
0.0000	0.0000	0.2693	-2.0333	-0.0000	-2.0000	80.6235
0.0000	0.0000	0.2693	-2.0331	-0.0000	-2.0000	80.3307
0.0000	0.0000	0.2694	-2.0331	-0.0000	-2.0000	80.1843
0.0000	0.0000	0.2694	-2.0329	-0.0000	-2.0000	80.0379
0.0000	0.0000	0.2695	-2.0328	-0.0000	-2.0000	79.8916
0.0000	0.0000	0.2695	-2.0326	-0.0000	-2.0000	79.5989
0.0000	0.0000	0.2696	-2.0326	-0.0000	-2.0000	79.4525
0.0000	0.0000	0.2696	-2.0324	-0.0000	-2.0000	79.3062
0.0000	0.0000	0.2696	-2.0323	-0.0000	-2.0000	79.1599
0.0000	0.0000	0.2697	-2.0322	-0.0000	-2.0000	79.0135
0.0000	0.0000	0.2697	-2.0319	-0.0000	-2.0000	78.7209
0.0000	0.0000	0.2698	-2.0319	-0.0000	-2.0000	78.5746
0.0000	0.0000	0.2698	-2.0317	-0.0000	-2.0000	78.4283
0.0000	0.0000	0.2699	-2.0316	-0.0000	-2.0000	78.2821
0.0000	0.0000	0.2699	-2.0313	0.0000	-2.0000	77.9895
0.0000	0.0000	0.2700	-2.0313	-0.0000	-2.0000	77.8433
0.0000	0.0000	0.2700	-2.0311	-0.0000	-2.0000	77.6970
0.0000	0.0000	0.2700	-2.0311	-0.0000	-2.0000	77.5508
0.0000	0.0000	0.2701	-2.0309	-0.0000	-2.0000	77.4046
0.0000	0.0000	0.2701	-2.0307	-0.0000	-2.0000	77.1121
0.0000	0.0000	0.2702	-2.0307	-0.0000	-2.0000	76.9659
0.0000	0.0000	0.2702	-2.0305	-0.0000	-2.0000	76.8197
0.0000	0.0000	0.2702	-2.0304	-0.0000	-2.0000	76.6735
0.0000	0.0000	0.2703	-2.0302	-0.0000	-2.0000	76.3812
0.0000	0.0000	0.2703	-2.0302	-0.0000	-2.0000	76.2350
0.0000	0.0000	0.2703	-2.0300	-0.0000	-2.0000	76.0888
0.0000	0.0000	0.2704	-2.0299	-0.0000	-2.0000	75.9427
0.0000	0.0000	0.2704	-2.0298	-0.0000	-2.0000	75.7965
0.0000	0.0000	0.2705	-2.0296	-0.0000	-2.0000	75.5042
0.0000	0.0000	0.2705	-2.0296	-0.0000	-2.0000	75.3581
0.0000	0.0000	0.2705	-2.0294	-0.0000	-2.0000	75.2120
0.0000	0.0000	0.2706	-2.0293	-0.0000	-2.0000	75.0659
0.0000	0.0000	0.2706	-2.0290	-0.0000	-2.0000	74.7737
0.0000	0.0000	0.2707	-2.0291	-0.0000	-2.0000	74.6276
0.0000	0.0000	0.2707	-2.0289	-0.0000	-2.0000	74.4815
0.0000	0.0000	0.2708	-2.0288	-0.0000	-2.0000	74.3354
0.0000	0.0000	0.2708	-2.0287	-0.0000	-2.0000	74.1894
0.0000	0.0000	0.2708	-2.0284	-0.0000	-2.0000	73.8972
0.0000	0.0000	0.2709	-2.0285	-0.0000	-2.0000	73.7512
0.0000	0.0000	0.2709	-2.0283	-0.0000	-2.0000	73.6052
0.0000	0.0000	0.2710	-2.0282	-0.0000	-2.0000	73.4591
0.0000	0.0000	0.2710	-2.0281	-0.0000	-2.0000	73.3131
0.0000	0.0000	0.2710	-2.0278	-0.0000	-2.0000	73.0211
0.0000	0.0000	0.2711	-2.0278	-0.0000	-2.0000	72.8751
0.0000	0.0000	0.2711	-2.0277	-0.0000	-2.0000	72.7291
0.0000	0.0000	0.2711	-2.0275	-0.0000	-2.0000	72.5831
0.0000	0.0000	0.2712	-2.0274	-0.0000	-2.0000	72.2911
0.0000	0.0000	0.2712	-2.0273	-0.0000	-2.0000	72.1452
0.0000	0.0000	0.2713	-2.0272	-0.0000	-2.0000	71.9992
0.0000	0.0000	0.2713	-2.0271	-0.0000	-2.0000	71.8532
0.0000	0.0000	0.2713	-2.0268	-0.0000	-2.0000	71.5614
0.0000	0.0000	0.2714	-2.0269	-0.0000	-2.0000	71.4154
0.0000	0.0000	0.2714	-2.0267	-0.0000	-2.0000	71.2695
0.0000	0.0000	0.2715	-2.0266	-0.0000	-2.0000	71.1236
0.0000	0.0000	0.2715	-2.0265	-0.0000	-2.0000	70.9777
0.0000	0.0000	0.2715	-2.0263	-0.0000	-2.0000	70.6859
0.0000	0.0000	0.2716	-2.0263	-0.0000	-2.0000	70.5400
0.0000	0.0000	0.2716	-2.0261	-0.0000	-2.0000	70.3941
0.0000	0.0000	0.2717	-2.0260	-0.0000	-2.0000	70.2482
0.0000	0.0000	0.2717	-2.0258	-0.0000	-2.0000	69.9565
0.0000	0.0000	0.2717	-2.0258	-0.0000	-2.0000	69.8106
0.0000	0.0000	0.2717	-2.0256	-0.0000	-2.0000	69.6648
0.0000	0.0000	0.2718	-2.0256	-0.0000	-2.0000	69.5189
0.0000	0.0000	0.2718	-2.0255	-0.0000	-2.0000	69.3731
0.0000	0.0000	0.2719	-2.0252	-0.0000	-2.0000	69.0814
0.0000	0.0000	0.2719	-2.0253	-0.0000	-2.0000	68.9356
0.0000	0.0000	0.2719	-2.0250	-0.0000	-2.0000	68.7898
0.0000	0.0000	0.2720	-2.0250	-0.0000	-2.0000	68.6440
0.0000	0.0000	0.2720	-2.0247	-0.0000	-2.0000	68.3524
0.0000	0.0000	0.2721	-2.0248	-0.0000	-2.0000	68.2067
0.0000	0.0000	0.2721	-2.0246	-0.0000	-2.0000	68.0609
0.0000	0.0000	0.2721	-2.0246	-0.0000	-2.0000	67.9151
0.0000	0.0000	0.2721	-2.0244	-0.0000	-2.0000	67.7694
0.0000	0.0000	0.2722	-2.0242	-0.0000	-2.0000	67.4778
0.0000	0.0000	0.2723	-2.0242	-0.0000	-2.0000	67.3321
0.0000	0.0000	0.2722	-2.0240	-0.0000	-2.0000	67.1864
0.0000	0.0000	0.2723	-2.0240	-0.0000	-2.0000	67.0406
0.0000	0.0000	0.2723	-2.0237	-0.0000	-2.0000	66.7492
0.0000	0.0000	0.2724	-2.0238	-0.0000	-2.0000	66.6035
0.0000	0.0000	0.2724	-2.0236	-0.0000	-2.0000	66.4578
0.0000	0.0000	0.2725	-2.0236	-0.0000	-2.0000	66.3121
0.0000	0.0000	0.2725	-2.0234	-0.0000	-2.0000	66.1664
0.0000	0.0000	0.2725	-2.0232	-0.0000	-2.0000	65.8751
0.0000	0.0000	0.2726	-2.0232	-0.0000	-2.0000	65.7294
0.0000	0.0000	0.2726	-2.0230	-0.0000	-2.0000	65.5837
0.0000	0.0000	0.2726	-2.0230	0.0000	-2.0000	65.4381
0.0000	0.0000	0.2726	-2.0228	-0.0000	-2.0000	65.1468
0.0000	0.0000	0.2727	-2.0228	-0.0000	-2.0000	65.0011
0.0000	0.0000	0.2727	-2.0226	-0.0000	-2.0000	64.8555
0.0000	0.0000	0.2728	-2.0226	-0.0000	-2.0000	64.7099
0.0000	0.0000	0.2728	-2.0224	-0.0000	-2.0000	64.5642
0.0000	0.0000	0.2728	-2.0222	-0.0000	-2.0000	64.2730
0.0000	0.0000	0.2729	-2.0223	-0.0000	-2.0000	64.1274
0.0000	0.0000	0.2729	-2.0221	-0.0000	-2.0000	63.9818
0.0000	0.0000	0.2729	-2.0220	-0.0000	-2.0000	63.8362
0.0000	0.0000	0.2730	-2.0219	-0.0000	-2.0000	63.6907
0.0000	0.0000	0.2730	-2.0217	-0.0000	-2.0000	63.3995
0.0000	0.0000	0.2730	-2.0217	-0.0000	-2.0000	63.2540
0.0000	0.0000	0.2730	-2.0216	-0.0000	-2.0000	63.1084
0.0000	0.0000	0.2731	-2.0215	-0.0000	-2.0000	62.9628
0.0000	0.0000	0.2731	-2.0213	-0.0000	-2.0000	62.6718
0.0000	0.0000	0.2732	-2.0213	-0.0000	-2.0000	62.5262
0.0000	0.0000	0.2732	-2.0211	-0.0000	-2.0000	62.3807
0.0000	0.0000	0.2732	-2.0211	-0.0000	-2.0000	62.2352
0.0000	0.0000	0.2733	-2.0209	-0.0000	-2.0000	61.9442
0.0000	0.0000	0.2733	-2.0209	-0.0000	-2.0000	61.7987
0.0000	0.0000	0.2733	-2.0207	-0.0000	-2.0000	61.6532
0.0000	0.0000	0.2734	-2.0207	-0.0000	-2.0000	61.5077
0.0000	0.0000	0.2734	-2.0206	-0.0000	-2.0000	61.3622
0.0000	0.0000	0.2734	-2.0204	0.0000	-2.0000	61.0712
0.0000	0.0000	0.2735	-2.0204	-0.0000	-2.0000	60.9258
0.0000	0.0000	0.2735	-2.0202	-0.0000	-2.0000	60.7803
0.0000	0.0000	0.2735	-2.0202	-0.0000	-2.0000	60.6349
0.0000	0.0000	0.2735	-2.0199	-0.0000	-2.0000	60.3440
0.0000	0.0000	0.2736	-2.0200	-0.0000	-2.0000	60.1985
0.0000	0.0000	0.2736	-2.0198	-0.0000	-2.0000	60.0531
0.0000	0.0000	0.2737	-2.0198	-0.0000	-2.0000	59.9077
0.0000	0.0000	0.2737	-2.0197	-0.0000	-2.0000	59.7623
0.0000	0.0000	0.2737	-2.0195	-0.0000	-2.0000	59.4715
0.0000	0.0000	0.2738	-2.0195	-0.0000	-2.0000	59.3261
0.0000	0.0000	0.2738	-2.0193	-0.0000	-2.0000	59.1807
0.0000	0.0000	0.2738	-2.0193	-0.0000	-2.0000	59.0353
0.0000	0.0000	0.2738	-2.0191	-0.0000	-2.0000	58.7445
0.0000	0.0000	0.2739	-2.0191	-0.0000	-2.0000	58.5991
0.0000	0.0000	0.2739	-2.0189	-0.0000	-2.0000	58.4538
0.0000	0.0000	0.2739	-2.0189	-0.0000	-2.0000	58.3084
0.0000	0.0000	0.2739	-2.0188	-0.0000	-2.0000	58.1631
0.0000	0.0000	0.2740	-2.0186	-0.0000	-2.0000	57.8724
0.0000	0.0000	0.2840	-2.0554	-0.0000	-2.0000	57.7265
0.0000	0.0000	0.2723	-2.0247	-0.0000	-2.0000	57.5787
0.0000	0.0000	0.2821	-2.0354	-0.0000	-2.0000	57.4332
0.0000	0.0000	0.2787	-2.0492	-0.0000	-2.0000	57.2858
0.0000	0.0000	0.2743	-2.0229	-0.0000	2.5000	56.9932
0.0000	0.5100	0.0000	0.9130	-0.0000	2.5000	56.8685
0.0000	0.5100	0.0000	2.7468	-0.0000	2.5000	57.0431
0.0000	0.4900	0.0000	2.7684	-0.0000	2.5000	57.2462
0.0000	0.4900	0.0000	2.6305	-0.0000	2.5000	57.6318
0.0000	0.4900	0.0000	2.5737	-0.0000	2.5000	57.8183
0.0000	0.4900	0.0000	2.5184	-0.0000	2.5000	58.0002
0.0000	0.4900	0.0000	2.4626	0.0000	2.5000	58.1778
0.0000	0.5020	0.0000	2.4465	0.0000	2.5000	58.5268
0.0000	0.5071	0.0000	2.4467	0.0000	2.5000	58.7004
0.0000	0.5071	0.0000	2.4158	0.0000	2.5000	58.8735
0.0000	0.5100	0.0000	2.4332	0.0000	2.5000	59.0460
0.0000	0.5100	0.0000	2.4333	0.0000	2.5000	59.2201
0.0000	0.5100	0.0000	2.4627	0.0000	2.5000	59.5711
0.0000	0.5019	0.0000	2.4238	0.0000	2.5000	59.7480
0.0000	0.5100	0.0000	2.5284	0.0000	2.5000	59.9250
0.0000	0.4900	0.0000	2.4192	0.0000	2.5000	60.1066
0.0000	0.5100	0.0000	2.5871	0.0000	2.5000	60.4666
0.0000	0.4900	0.0000	2.4468	0.0000	2.5000	60.6503
0.0000	0.5070	0.0000	2.6252	0.0000	2.5000	60.8309
0.0000	0.4900	0.0000	2.4838	0.0000	2.5000	61.0176
0.0000	0.4952	0.0000	2.5241	0.0000	2.5000	61.1976
0.0000	0.4900	0.0000	2.5108	0.0000	2.5000	61.5618
0.0000	0.4900	0.0000	2.5119	0.0000	2.5000	61.7429
0.0000	0.4900	0.0000	2.5111	0.0000	2.5000	61.9239
0.0000	0.4900	0.0000	2.5088	0.0000	2.5000	62.1048
0.0000	0.4900	0.0000	2.5015	0.0000	2.5000	62.4658
0.0000	0.4900	0.0000	2.4979	0.0000	2.5000	62.6458
0.0000	0.4907	0.0000	2.4996	0.0000	2.5000	62.8256
0.0000	0.4901	0.0000	2.4907	0.0000	2.5000	63.0053
0.0000	0.4930	0.0000	2.4996	0.0000	2.5000	63.1846
0.0000	0.4901	0.0000	2.4791	0.0000	2.5000	63.5435
0.0000	0.4967	0.0000	2.5277	0.0000	2.5000	63.7226
0.0000	0.4900	0.0000	2.4615	0.0000	2.5000	63.9032
0.0000	0.5023	0.0000	2.5400	0.0000	2.5000	64.0812
0.0000	0.4900	0.0000	2.4614	0.0000	2.5000	64.4419
0.0000	0.5024	0.0000	2.5556	0.0000	2.5000	64.6211
0.0000	0.4900	0.0000	2.4398	0.0000	2.5000	64.8026
0.0000	0.5093	0.0000	2.5944	0.0000	2.5000	64.9806
0.0000	0.4900	0.0000	2.4996	0.0000	2.5000	65.1665
0.0000	0.4901	0.0000	2.4626	0.0000	2.5000	65.5207
0.0000	0.5020	0.0000	2.5572	0.0000	2.5000	65.6996
0.0000	0.4900	0.0000	2.4482	0.0000	2.5000	65.8816
0.0000	0.5066	0.0000	2.5604	0.0000	2.5000	66.0593
0.0000	0.4900	0.0000	2.4641	0.0000	2.5000	66.4223
0.0000	0.5015	0.0000	2.5533	0.0000	2.5000	66.6016
0.0000	0.4900	0.0000	2.4485	0.0000	2.5000	66.7833
0.0000	0.5065	0.0000	2.5798	0.0000	2.5000	66.9616
0.0000	0.4900	0.0000	2.5014	0.0000	2.5000	67.1468
0.0000	0.4900	0.0000	2.4663	0.0000	2.5000	67.5018
0.0000	0.5008	0.0000	2.5505	0.0000	2.5000	67.6808
0.0000	0.4900	0.0000	2.4523	0.0000	2.5000	67.8625
0.0000	0.5053	0.0000	2.5515	0.0000	2.5000	68.0403
0.0000	0.4900	0.0000	2.4619	0.0000	2.5000	68.4024
0.0000	0.5022	0.0000	2.5547	0.0000	2.5000	68.5816
0.0000	0.4900	0.0000	2.4437	0.0000	2.5000	68.7633
0.0000	0.5080	0.0000	2.5837	0.0000	2.5000	68.9413
0.0000	0.4900	0.0000	2.4997	0.0000	2.5000	69.1267
0.0000	0.4901	0.0000	2.4606	0.0000	2.5000	69.4809
0.0000	0.5026	0.0000	2.5577	0.0000	2.5000	69.6597
0.0000	0.4900	0.0000	2.4446	0.0000	2.5000	69.8417
0.0000	0.5077	0.0000	2.5582	0.0000	2.5000	70.0190
0.0000	0.4900	0.0000	2.4561	0.0000	2.5000	70.3814
0.0000	0.5040	0.0000	2.5626	0.0000	2.5000	70.5605
0.0000	0.4900	0.0000	2.4365	0.0000	2.5000	70.7424
0.0000	0.5100	0.0000	2.5906	0.0000	2.5000	70.9201
0.0000	0.4900	0.0000	2.4997	0.0000	2.5000	71.1061
0.0000	0.4901	0.0000	2.4563	0.0000	2.5000	71.4596
0.0000	0.5040	0.0000	2.5635	0.0000	2.5000	71.6382
0.0000	0.4900	0.0000	2.4403	0.0000	2.5000	71.8205
0.0000	0.5091	0.0000	2.5611	0.0000	2.5000	71.9976
0.0000	0.4900	0.0000	2.4526	0.0000	2.5000	72.3601
0.0000	0.5052	0.0000	2.5667	0.0000	2.5000	72.5390
0.0000	0.4900	0.0000	2.4323	0.0000	2.5000	72.7211
0.0000	0.5100	0.0000	2.5854	0.0000	2.5000	72.8985
0.0000	0.4900	0.0000	2.4966	0.0000	2.5000	73.0842
0.0000	0.4911	0.0000	2.4586	0.0000	2.5000	73.4379
0.0000	0.5033	0.0000	2.5518	0.0000	2.5000	73.6164
0.0000	0.4900	0.0000	2.4380	0.0000	2.5000	73.7981
0.0000	0.5098	0.0000	2.5599	0.0000	2.5000	73.9750
0.0000	0.4900	0.0000	2.4486	0.0000	2.5000	74.3372
0.0000	0.5065	0.0000	2.5715	0.0000	2.5000	74.5160
0.0000	0.4900	0.0000	2.4272	0.0000	2.5000	74.6983
0.0000	0.5100	0.0000	2.5795	0.0000	2.5000	74.8753
0.0000	0.4900	0.0000	2.4928	0.0000	2.5000	75.0607
0.0000	0.4923	0.0000	2.4615	0.0000	2.5000	75.4145
0.0000	0.5023	0.0000	2.5377	0.0000	2.5000	75.5930
0.0000	0.4900	0.0000	2.4353	0.0000	2.5000	75.7740
0.0000	0.5100	0.0000	2.5553	0.0000	2.5000	75.9505
0.0000	0.4900	0.0000	2.4445	0.0000	2.5000	76.3122
0.0000	0.5078	0.0000	2.5765	0.0000	2.5000	76.4908
0.0000	0.4900	0.0000	2.4223	0.0000	2.5000	76.6733
0.0000	0.5100	0.0000	2.5737	0.0000	2.5000	76.8500
0.0000	0.4900	0.0000	2.4891	0.0000	2.5000	77.0350
0.0000	0.4935	0.0000	2.4647	0.0000	2.5000	77.3888
0.0000	0.5013	0.0000	2.5235	0.0000	2.5000	77.5672
0.0000	0.4900	0.0000	2.4326	0.0000	2.5000	77.7475
0.0000	0.5100	0.0000	2.5499	0.0000	2.5000	77.9237
0.0000	0.4900	0.0000	2.4404	0.0000	2.5000	78.2847
0.0000	0.5091	0.0000	2.5812	-0.0000	2.5000	78.4633
0.0000	0.4900	0.0000	2.4176	0.0000	2.5000	78.6459
0.0000	0.5100	0.0000	2.5680	0.0000	2.5000	78.8223
0.0000	0.4900	0.0000	2.4853	0.0000	2.5000	79.0070
0.0000	0.4947	0.0000	2.4682	0.0000	2.5000	79.3604
0.0000	0.5002	0.0000	2.5089	0.0000	2.5000	79.5387
0.0000	0.4900	0.0000	2.4298	0.0000	2.5000	79.7182
0.0000	0.5100	0.0000	2.5445	0.0000	2.5000	79.8941
0.0000	0.4900	0.0000	2.5143	0.0000	2.5000	80.0788
0.0000	0.4900	0.0000	2.4367	0.0000	2.5000	80.4300
0.0000	0.5100	0.0000	2.5855	0.0000	2.5000	80.6073
0.0000	0.4900	0.0000	2.4351	0.0000	2.5000	80.7912
0.0000	0.5100	0.0000	2.5143	0.0000	2.5000	80.9665
0.0000	0.4900	0.0000	2.4344	0.0000	2.5000	81.3268
0.0000	0.5100	0.0000	2.5828	0.0000	2.5000	81.5044
0.0000	0.4900	0.0000	2.4183	-0.0000	2.5000	81.6875
0.0000	0.5100	0.0000	2.5375	0.0000	2.5000	81.8629
0.0000	0.4900	0.0000	2.4307	0.0000	2.5000	82.2225
0.0000	0.5100	0.0000	2.5770	0.0000	2.5000	82.4004
0.0000	0.4900	0.0000	2.4091	0.0000	2.5000	82.5827
0.0000	0.5100	0.0000	2.5558	0.0000	2.5000	82.7583
0.0000	0.4900	0.0000	2.4768	0.0000	2.5000	82.9423
0.0000	0.4974	0.0000	2.4751	0.0000	2.5000	83.2965
0.0000	0.4980	0.0000	2.4789	0.0000	2.5000	83.4747
0.0000	0.4967	0.0000	2.4697	0.0000	2.5000	83.6531
0.0000	0.4997	0.0000	2.4856	0.0000	2.5000	83.8310
0.0000	0.4946	0.0000	2.4563	0.0000	2.5000	84.1872
0.0000	0.5040	0.0000	2.5241	0.0000	2.5000	84.3654
0.0000	0.4900	0.0000	2.4128	0.0000	2.5000	84.5452
0.0000	0.5100	0.0000	2.5514	0.0000	2.5000	84.7206
0.0000	0.4900	0.0000	2.4740	0.0000	2.5000	84.9044
0.0000	0.4983	0.0000	2.4769	0.0000	2.5000	85.2571
0.0000	0.4974	0.0000	2.4701	0.0000	2.5000	85.4354
0.0000	0.4996	0.0000	2.4855	0.0000	2.5000	85.6134
0.0000	0.4946	0.0000	2.4582	0.0000	2.5000	85.7922
0.0000	0.5034	0.0000	2.4732	0.0000	2.5000	85.9687
0.0000	0.4986	0.0000	2.4761	0.0000	2.5000	86.3265
0.0000	0.4977	0.0000	2.4688	0.0000	2.5000	86.5046
0.0000	0.5000	0.0000	2.4835	0.0000	2.5000	86.6825
0.0000	0.4953	0.0000	2.4652	0.0000	2.5000	86.8613
0.0000	0.5011	0.0000	2.4893	0.0000	2.5000	87.2170
0.0000	0.4934	0.0000	2.4328	0.0000	2.5000	87.3954
0.0000	0.5100	0.0000	2.5534	0.0000	2.5000	87.5721
0.0000	0.4900	0.0000	2.4412	0.0000	2.5000	87.7550
0.0000	0.5088	0.0000	2.4601	0.0000	2.5000	87.9289
0.0000	0.5028	0.0000	2.4961	-0.0000	2.5000	88.2897
0.0000	0.4912	0.0000	2.4126	0.0000	2.5000	88.4684
0.0000	0.5100	0.0000	2.5377	0.0000	2.5000	88.6435
0.0000	0.4900	0.0000	2.4637	0.0000	2.5000	88.8264
0.0000	0.5016	0.0000	2.4861	0.0000	2.5000	89.1789
0.0000	0.4944	0.0000	2.4346	0.0000	2.5000	89.3571
0.0000	0.5100	0.0000	2.5465	0.0000	2.5000	89.5338
0.0000	0.4900	0.0000	2.4369	0.0000	2.5000	89.7163
0.0000	0.5100	0.0000	2.5368	0.0000	2.5000	90.0723
0.0000	0.4900	0.0000	2.3931	0.0000	2.5000	90.2521
0.0000	0.5100	0.0000	2.5533	0.0000	2.5000	90.4273
0.0000	0.4900	0.0000	2.4144	0.0000	2.5000	90.6092
0.0000	0.5100	0.0000	2.4851	0.0000	2.5000	90.7827
0.0000	0.4948	0.0000	2.4390	0.0000	2.5000	91.1413
0.0000	0.5095	0.0000	2.5443	0.0000	2.5000	91.3185
0.0000	0.4900	0.0000	2.3993	0.0000	2.5000	91.4996
0.0000	0.5100	0.0000	2.5082	0.0000	2.5000	91.6731
0.0000	0.4900	0.0000	2.4068	0.0000	2.5000	92.0292
0.0000	0.5100	0.0000	2.5501	0.0000	2.5000	92.2053
0.0000	0.4900	0.0000	2.3910	0.0000	2.5000	92.3859
0.0000	0.5100	0.0000	2.5267	0.0000	2.5000	92.5598
0.0000	0.4900	0.0000	2.4559	0.0000	2.5000	92.7420
0.0000	0.5041	0.0000	2.4926	0.0000	2.5000	93.0971
0.0000	0.4924	0.0000	2.4077	0.0000	2.5000	93.2752
0.0000	0.5100	0.0000	2.5355	0.0000	2.5000	93.4503
0.0000	0.4900	0.0000	2.4284	0.0000	2.5000	93.6320
0.0000	0.5100	0.0000	2.5262	0.0000	2.5000	93.9865
0.0000	0.4900	0.0000	2.3839	0.0000	2.5000	94.1656
0.0000	0.5100	0.0000	2.5412	0.0000	2.5000	94.3400
0.0000	0.4900	0.0000	2.4062	0.0000	2.5000	94.5212
0.0000	0.5100	0.0000	2.4733	0.0000	2.5000	94.6940
0.0000	0.4985	0.0000	2.4518	0.0000	2.5000	95.0503
0.0000	0.5054	0.0000	2.5003	0.0000	2.5000	95.2276
0.0000	0.4900	0.0000	2.3925	0.0000	2.5000	95.4063
0.0000	0.5100	0.0000	2.4968	0.0000	2.5000	95.5792
0.0000	0.4910	0.0000	2.4031	0.0000	2.5000	95.9342
0.0000	0.5100	0.0000	2.5378	0.0000	2.5000	96.1098
0.0000	0.4900	0.0000	2.3828	0.0000	2.5000	96.2898
0.0000	0.5100	0.0000	2.5145	0.0000	2.5000	96.4628
0.0000	0.4900	0.0000	2.4465	0.0000	2.5000	96.6443
0.0000	0.5071	0.0000	2.5003	0.0000	2.5000	96.9963
0.0000	0.4900	0.0000	2.3795	0.0000	2.5000	97.1745
0.0000	0.5100	0.0000	2.5252	0.0000	2.5000	97.3478
0.0000	0.4900	0.0000	2.4199	0.0000	2.5000	97.5288
0.0000	0.5100	0.0000	2.5157	0.0000	2.5000	97.8818
0.0000	0.4900	0.0000	2.3748	0.0000	2.5000	98.0602
0.0000	0.5200	0.0000	2.6034	0.0000	2.5000	98.2345
0.0000	0.5000	0.0000	2.4606	0.0000	2.5000	98.4196
0.0000	0.5126	0.0000	2.4954	0.0000	2.5000	98.5960
0.0000	0.5015	0.0000	2.4566	0.0000	2.5000	98.9529
0.0000	0.5139	0.0000	2.5435	0.0000	2.5000	99.1311
0.0000	0.5100	0.0000	2.5081	0.0000	2.5000	99.3134
0.0000	0.5100	0.0000	2.5072	0.0000	2.5000	99.4939
0.0000	0.5100	0.0000	2.5051	0.0000	-2.0000	99.8547
0.0000	0.0000	0.2700	-1.0158	0.0000	-2.0000	99.9974
0.0000	0.0000	0.2700	-1.6755	0.0000	-2.0000	99.8891
0.0000	0.0000	0.2700	-1.9586	0.0000	-2.0000	99.7590
0.0000	0.0000	0.2700	-2.1424	0.0000	-2.0000	99.6117
0.0000	0.0000	0.2500	-2.0580	-0.0000	-2.0000	99.3057
0.0000	0.0000	0.2514	-1.9875	-0.0000	-2.0000	99.1598
0.0000	0.0000	0.2700	-1.9787	-0.0000	-2.0000	99.0175
0.0000	0.0000	0.2700	-1.9717	-0.0000	-2.0000	98.8739
0.0000	0.0000	0.2700	-1.9480	-0.0000	-2.0000	98.7314
0.0000	0.0000	0.2700	-1.9179	0.0000	-2.0000	98.4504
0.0000	0.0000	0.2700	-1.9139	0.0000	-2.0000	98.3112
0.0000	0.0000	0.2700	-1.9163	0.0000	-2.0000	98.1723
0.0000	0.0000	0.2700	-1.9313	0.0000	-2.0000	98.0330
0.0000	0.0000	0.2700	-1.9655	0.0000	-2.0000	97.7521
0.0000	0.0000	0.2700	-1.9814	0.0000	-2.0000	97.6101
0.0000	0.0000	0.2700	-2.0030	0.0000	-2.0000	97.4670
0.0000	0.0000	0.2691	-2.0217	-0.0000	-2.0000	97.3225
0.0000	0.0000	0.2631	-2.0272	-0.0000	-2.0000	97.0315
0.0000	0.0000	0.2613	-2.0313	-0.0000	-2.0000	96.8858
0.0000	0.0000	0.2600	-2.0354	-0.0000	-2.0000	96.7398
0.0000	0.0000	0.2587	-2.0381	-0.0000	-2.0000	96.5935
0.0000	0.0000	0.2578	-2.0393	-0.0000	-2.0000	96.4470
0.0000	0.0000	0.2574	-2.0385	-0.0000	-2.0000	96.1540
0.0000	0.0000	0.2577	-2.0384	-0.0000	-2.0000	96.0074
0.0000	0.0000	0.2577	-2.0368	-0.0000	-2.0000	95.8608
0.0000	0.0000	0.2582	-2.0337	-0.0000	-2.0000	95.7144
0.0000	0.0000	0.2592	-2.0304	-0.0000	-2.0000	95.5681
0.0000	0.0000	0.2603	-2.0268	-0.0000	-2.0000	95.2758
0.0000	0.0000	0.2614	-2.0258	-0.0000	-2.0000	95.1300
0.0000	0.0000	0.2618	-2.0237	-0.0000	-2.0000	94.9842
0.0000	0.0000	0.2624	-2.0222	-0.0000	-2.0000	94.8385
0.0000	0.0000	0.2629	-2.0218	-0.0000	-2.0000	94.5472
0.0000	0.0000	0.2630	-2.0215	-0.0000	-2.0000	94.4016
0.0000	0.0000	0.2631	-2.0212	-0.0000	-2.0000	94.2560
0.0000	0.0000	0.2632	-2.0211	-0.0000	-2.0000	94.1105
0.0000	0.0000	0.2632	-2.0211	-0.0000	-2.0000	93.9649
0.0000	0.0000	0.2633	-2.0212	-0.0000	-2.0000	93.6738
0.0000	0.0000	0.2632	-2.0212	-0.0000	-2.0000	93.5282
0.0000	0.0000	0.2632	-2.0210	-0.0000	-2.0000	93.3827
0.0000	0.0000	0.2633	-2.0210	-0.0000	-2.0000	93.2372
0.0000	0.0000	0.2633	-2.0214	-0.0000	-2.0000	92.9461
0.0000	0.0000	0.2632	-2.0214	-0.0000	-2.0000	92.8005
0.0000	0.0000	0.2632	-2.0216	-0.0000	-2.0000	92.6550
0.0000	0.0000	0.2631	-2.0217	-0.0000	-2.0000	92.5094
0.0000	0.0000	0.2630	-2.0218	-0.0000	-2.0000	92.2183
0.0000	0.0000	0.2630	-2.0219	-0.0000	-2.0000	92.0727
0.0000	0.0000	0.2630	-2.0219	-0.0000	-2.0000	91.9272
0.0000	0.0000	0.2730	-2.0449	-0.0000	-2.0000	91.7814
0.0000	0.0000	0.2656	-2.0550	-0.0000	-2.0000	91.6334
0.0000	0.0000	0.2624	-2.0247	-0.0000	-2.0000	91.3400
0.0000	0.0000	0.2721	-2.0509	-0.0000	-2.0000	91.1940
0.0000	0.0000	0.2637	-2.0380	-0.0000	-2.0000	91.0461
0.0000	0.0000	0.2678	-2.0366	-0.0000	-2.0000	90.8998
0.0000	0.0000	0.2683	-2.0445	-0.0000	-2.0000	90.6057
0.0000	0.0000	0.2658	-2.0382	-0.0000	-2.0000	90.4586
0.0000	0.0000	0.2678	-2.0418	-0.0000	-2.0000	90.3119
0.0000	0.0000	0.2666	-2.0400	-0.0000	-2.0000	90.1648
0.0000	0.0000	0.2672	-2.0399	-0.0000	-2.0000	90.0180
0.0000	0.0000	0.2672	-2.0406	-0.0000	-2.0000	89.7242
0.0000	0.0000	0.2670	-2.0400	-0.0000	-2.0000	89.5772
0.0000	0.0000	0.2672	-2.0402	-0.0000	-2.0000	89.4304
0.0000	0.0000	0.2671	-2.0400	-0.0000	-2.0000	89.2835
0.0000	0.0000	0.2672	-2.0398	-0.0000	-2.0000	88.9897
0.0000	0.0000	0.2673	-2.0398	-0.0000	-2.0000	88.8429
0.0000	0.0000	0.2673	-2.0397	-0.0000	-2.0000	88.6960
0.0000	0.0000	0.2673	-2.0396	-0.0000	-2.0000	88.5492
0.0000	0.0000	0.2673	-2.0395	-0.0000	-2.0000	88.4023
0.0000	0.0000	0.2674	-2.0392	-0.0000	-2.0000	88.1086
0.0000	0.0000	0.2674	-2.0392	-0.0000	-2.0000	87.9618
0.0000	0.0000	0.2674	-2.0390	-0.0000	-2.0000	87.8150
0.0000	0.0000	0.2675	-2.0389	-0.0000	-2.0000	87.6682
0.0000	0.0000	0.2675	-2.0386	-0.0000	-2.0000	87.3746
0.0000	0.0000	0.2676	-2.0387	-0.0000	-2.0000	87.2278
0.0000	0.0000	0.2676	-2.0384	-0.0000	-2.0000	87.0810
0.0000	0.0000	0.2677	-2.0383	-0.0000	-2.0000	86.9343
0.0000	0.0000	0.2677	-2.0382	-0.0000	-2.0000	86.7875
0.0000	0.0000	0.2678	-2.0379	-0.0000	-2.0000	86.4940
0.0000	0.0000	0.2679	-2.0379	-0.0000	-2.0000	86.3473
0.0000	0.0000	0.2679	-2.0376	-0.0000	-2.0000	86.2006
0.0000	0.0000	0.2680	-2.0375	-0.0000	-2.0000	86.0539
0.0000	0.0000	0.2680	-2.0372	-0.0000	-2.0000	85.7605
0.0000	0.0000	0.2681	-2.0372	-0.0000	-2.0000	85.6138
0.0000	0.0000	0.2681	-2.0370	-0.0000	-2.0000	85.4672
0.0000	0.0000	0.2682	-2.0369	-0.0000	-2.0000	85.3205
0.0000	0.0000	0.2682	-2.0368	-0.0000	-2.0000	85.1738
0.0000	0.0000	0.2682	-2.0365	-0.0000	-2.0000	84.8806
0.0000	0.0000	0.2683	-2.0366	-0.0000	-2.0000	84.7339
0.0000	0.0000	0.2683	-2.0364	-0.0000	-2.0000	84.5873
0.0000	0.0000	0.2684	-2.0363	-0.0000	-2.0000	84.4407
0.0000	0.0000	0.2684	-2.0360	-0.0000	-2.0000	84.1475
0.0000	0.0000	0.2685	-2.0360	-0.0000	-2.0000	84.0009
0.0000	0.0000	0.2685	-2.0358	-0.0000	-2.0000	83.8543
0.0000	0.0000	0.2685	-2.0357	-0.0000	-2.0000	83.7078
0.0000	0.0000	0.2686	-2.0356	-0.0000	-2.0000	83.5612
0.0000	0.0000	0.2686	-2.0353	-0.0000	-2.0000	83.2681
0.0000	0.0000	0.2687	-2.0353	-0.0000	-2.0000	83.1215
0.0000	0.0000	0.2687	-2.0351	-0.0000	-2.0000	82.9750
0.0000	0.0000	0.2688	-2.0350	-0.0000	-2.0000	82.8285
0.0000	0.0000	0.2688	-2.0347	-0.0000	-2.0000	82.5354
0.0000	0.0000	0.2689	-2.0348	-0.0000	-2.0000	82.3890
0.0000	0.0000	0.2689	-2.0345	-0.0000	-2.0000	82.2425
0.0000	0.0000	0.2689	-2.0345	-0.0000	-2.0000	82.0960
0.0000	0.0000	0.2690	-2.0343	-0.0000	-2.0000	81.9495
0.0000	0.0000	0.2690	-2.0341	-0.0000	-2.0000	81.6566
0.0000	0.0000	0.2691	-2.0341	-0.0000	-2.0000	81.5101
0.0000	0.0000	0.2691	-2.0339	-0.0000	-2.0000	81.3637
0.0000	0.0000	0.2692	-2.0338	-0.0000	-2.0000	81.2172
0.0000	0.0000	0.2692	-2.0335	-0.0000	-2.0000	80.9244
0.0000	0.0000	0.2693	-2.0335	-0.0000	-2.0000	80.7780
0.0000	0.0000	0.2693	-2.0333	-0.0000	-2.0000	80.6316
0.0000	0.0000	0.2693	-2.0332	-0.0000	-2.0000	80.4852
0.0000	0.0000	0.2694	-2.0331	-0.0000	-2.0000	80.3388
0.0000	0.0000	0.2694	-2.0328	0.0000	-2.0000	80.0460
0.0000	0.0000	0.2695	-2.0329	-0.0000	-2.0000	79.8997
0.0000	0.0000	0.2695	-2.0326	-0.0000	-2.0000	79.7533
0.0000	0.0000	0.2696	-2.0326	-0.0000	-2.0000	79.6070
0.0000	0.0000	0.2696	-2.0323	-0.0000	-2.0000	79.3143
0.0000	0.0000	0.2697	-2.0323	-0.0000	-2.0000	79.1680
0.0000	0.0000	0.2697	-2.0321	-0.0000	-2.0000	79.0217
0.0000	0.0000	0.2697	-2.0321	-0.0000	-2.0000	78.8754
0.0000	0.0000	0.2697	-2.0319	-0.0000	-2.0000	78.7291
0.0000	0.0000	0.2698	-2.0317	-0.0000	-2.0000	78.4365
0.0000	0.0000	0.2699	-2.0317	-0.0000	-2.0000	78.2902
0.0000	0.0000	0.2699	-2.0315	-0.0000	-2.0000	78.1439
0.0000	0.0000	0.2699	-2.0314	-0.0000	-2.0000	77.9977
0.0000	0.0000	0.2700	-2.0311	-0.0000	-2.0000	77.7052
0.0000	0.0000	0.2700	-2.0311	-0.0000	-2.0000	77.5589
0.0000	0.0000	0.2700	-2.0309	-0.0000	-2.0000	77.4127
0.0000	0.0000	0.2701	-2.0309	-0.0000	-2.0000	77.2665
0.0000	0.0000	0.2701	-2.0307	-0.0000	-2.0000	77.1202
0.0000	0.0000	0.2702	-2.0305	-0.0000	-2.0000	76.8278
0.0000	0.0000	0.2702	-2.0305	-0.0000	-2.0000	76.6816
0.0000	0.0000	0.2702	-2.0303	-0.0000	-2.0000	76.5355
0.0000	0.0000	0.2703	-2.0302	-0.0000	-2.0000	76.3893
0.0000	0.0000	0.2703	-2.0300	-0.0000	-2.0000	76.0969
0.0000	0.0000	0.2704	-2.0300	-0.0000	-2.0000	75.9508
0.0000	0.0000	0.2704	-2.0298	-0.0000	-2.0000	75.8046
0.0000	0.0000	0.2705	-2.0297	-0.0000	-2.0000	75.6585
0.0000	0.0000	0.2705	-2.0296	-0.0000	-2.0000	75.5124
0.0000	0.0000	0.2705	-2.0293	-0.0000	-2.0000	75.2201
0.0000	0.0000	0.2706	-2.0294	-0.0000	-2.0000	75.0740
0.0000	0.0000	0.2706	-2.0292	-0.0000	-2.0000	74.9279
0.0000	0.0000	0.2707	-2.0291	-0.0000	-2.0000	74.7818
0.0000	0.0000	0.2707	-2.0288	-0.0000	-2.0000	74.4896
0.0000	0.0000	0.2708	-2.0289	-0.0000	-2.0000	74.3436
0.0000	0.0000	0.2708	-2.0287	-0.0000	-2.0000	74.1975
0.0000	0.0000	0.2708	-2.0286	-0.0000	-2.0000	74.0514
0.0000	0.0000	0.2708	-2.0285	-0.0000	-2.0000	73.9054
0.0000	0.0000	0.2709	-2.0282	-0.0000	-2.0000	73.6133
0.0000	0.0000	0.2710	-2.0283	-0.0000	-2.0000	73.4673
0.0000	0.0000	0.2710	-2.0281	-0.0000	-2.0000	73.3212
0.0000	0.0000	0.2710	-2.0280	-0.0000	-2.0000	73.1752
0.0000	0.0000	0.2710	-2.0277	-0.0000	-2.0000	72.8832
0.0000	0.0000	0.2711	-2.0278	-0.0000	-2.0000	72.7372
0.0000	0.0000	0.2711	-2.0276	-0.0000	-2.0000	72.5912
0.0000	0.0000	0.2712	-2.0275	-0.0000	-2.0000	72.4452
0.0000	0.0000	0.2712	-2.0274	-0.0000	-2.0000	72.2993
0.0000	0.0000	0.2712	-2.0271	-0.0000	-2.0000	72.0073
0.0000	0.0000	0.2713	-2.0272	-0.0000	-2.0000	71.8614
0.0000	0.0000	0.2713	-2.0270	-0.0000	-2.0000	71.7154
0.0000	0.0000	0.2714	-2.0269	-0.0000	-2.0000	71.5695
0.0000	0.0000	0.2714	-2.0267	-0.0000	-2.0000	71.2776
0.0000	0.0000	0.2715	-2.0267	-0.0000	-2.0000	71.1317
0.0000	0.0000	0.2715	-2.0265	-0.0000	-2.0000	70.9858
0.0000	0.0000	0.2715	-2.0264	-0.0000	-2.0000	70.8399
0.0000	0.0000	0.2715	-2.0263	-0.0000	-2.0000	70.6940
0.0000	0.0000	0.2716	-2.0261	-0.0000	-2.0000	70.4022
0.0000	0.0000	0.2717	-2.0261	-0.0000	-2.0000	70.2563
0.0000	0.0000	0.2716	-2.0259	-0.0000	-2.0000	70.1105
0.0000	0.0000	0.2717	-2.0258	-0.0000	-2.0000	69.9646
0.0000	0.0000	0.2717	-2.0256	-0.0000	-2.0000	69.6729
0.0000	0.0000	0.2718	-2.0256	-0.0000	-2.0000	69.5271
0.0000	0.0000	0.2718	-2.0254	-0.0000	-2.0000	69.3812
0.0000	0.0000	0.2719	-2.0254	-0.0000	-2.0000	69.2354
0.0000	0.0000	0.2719	-2.0253	-0.0000	-2.0000	69.0896
0.0000	0.0000	0.2719	-2.0250	-0.0000	-2.0000	68.7980
0.0000	0.0000	0.2720	-2.0251	-0.0000	-2.0000	68.6522
0.0000	0.0000	0.2720	-2.0249	-0.0000	-2.0000	68.5064
0.0000	0.0000	0.2720	-2.0248	-0.0000	-2.0000	68.3606
0.0000	0.0000	0.2721	-2.0246	-0.0000	-2.0000	68.0690
0.0000	0.0000	0.2721	-2.0246	-0.0000	-2.0000	67.9232
0.0000	0.0000	0.2721	-2.0244	0.0000	-2.0000	67.7775
0.0000	0.0000	0.2722	-2.0244	-0.0000	-2.0000	67.6317
0.0000	0.0000	0.2722	-2.0242	-0.0000	-2.0000	67.4860
0.0000	0.0000	0.2722	-2.0240	-0.0000	-2.0000	67.1945
0.0000	0.0000	0.2723	-2.0241	-0.0000	-2.0000	67.0488
0.0000	0.0000	0.2723	-2.0239	-0.0000	-2.0000	66.9030
0.0000	0.0000	0.2724	-2.0238	-0.0000	-2.0000	66.7573
0.0000	0.0000	0.2724	-2.0237	-0.0000	-2.0000	66.6116
0.0000	0.0000	0.2724	-2.0235	-0.0000	-2.0000	66.3202
0.0000	0.0000	0.2725	-2.0235	-0.0000	-2.0000	66.1745
0.0000	0.0000	0.2725	-2.0233	-0.0000	-2.0000	66.0288
0.0000	0.0000	0.2725	-2.0232	-0.0000	-2.0000	65.8832
0.0000	0.0000	0.2726	-2.0231	-0.0000	-2.0000	65.5918
0.0000	0.0000	0.2726	-2.0230	-0.0000	-2.0000	65.4462
0.0000	0.0000	0.2726	-2.0229	-0.0000	2.5000	65.3005
0.0000	0.5100	0.0000	-0.9850	-0.0000	2.5000	65.1579
0.0000	0.5100	0.0000	2.8281	-0.0000	2.5000	65.4957
0.0000	0.4900	0.0000	2.6466	-0.0000	2.5000	65.6961
0.0000	0.4900	0.0000	2.6235	-0.0000	2.5000	65.8865
0.0000	0.4900	0.0000	2.5669	-0.0000	2.5000	66.0725
0.0000	0.4900	0.0000	2.5112	-0.0000	2.5000	66.2539
0.0000	0.4900	0.0000	2.4039	-0.0000	2.5000	66.6038
0.0000	0.5100	0.0000	2.5165	-0.0000	2.5000	66.7757
0.0000	0.4900	0.0000	2.2927	-0.0000	2.5000	66.9499
0.0000	0.5100	0.0000	2.4163	0.0000	2.5000	67.1145
0.0000	0.5100	0.0000	2.4188	0.0000	2.5000	67.4604
0.0000	0.5100	0.0000	2.4296	0.0000	2.5000	67.6340
0.0000	0.5100	0.0000	2.4464	0.0000	2.5000	67.8090
0.0000	0.5072	0.0000	2.4507	0.0000	2.5000	67.9856
0.0000	0.5058	0.0000	2.4719	0.0000	2.5000	68.1630
0.0000	0.4990	0.0000	2.4750	0.0000	2.5000	68.5192
0.0000	0.4980	0.0000	2.4883	0.0000	2.5000	68.6983
0.0000	0.4937	0.0000	2.4750	0.0000	2.5000	68.8782
0.0000	0.4980	0.0000	2.5177	0.0000	2.5000	69.0577
0.0000	0.4900	0.0000	2.5114	0.0000	2.5000	69.2400
0.0000	0.4900	0.0000	2.4946	0.0000	2.5000	69.5990
0.0000	0.4917	0.0000	2.5110	0.0000	2.5000	69.7792
0.0000	0.4900	0.0000	2.4976	0.0000	2.5000	69.9600
0.0000	0.4908	0.0000	2.5000	0.0000	2.5000	70.1400
0.0000	0.4900	0.0000	2.4910	0.0000	2.5000	70.4999
0.0000	0.4929	0.0000	2.5090	0.0000	2.5000	70.6796
0.0000	0.4900	0.0000	2.4797	0.0000	2.5000	70.8597
0.0000	0.4965	0.0000	2.5147	0.0000	2.5000	71.0384
0.0000	0.4900	0.0000	2.4696	0.0000	2.5000	71.3978
0.0000	0.4997	0.0000	2.5386	0.0000	2.5000	71.5769
0.0000	0.4900	0.0000	2.4477	0.0000	2.5000	71.7577
0.0000	0.5067	0.0000	2.5687	0.0000	2.5000	71.9354
0.0000	0.4900	0.0000	2.4898	0.0000	2.5000	72.1197
0.0000	0.4933	0.0000	2.4680	0.0000	2.5000	72.4736
0.0000	0.5002	0.0000	2.5198	0.0000	2.5000	72.6520
0.0000	0.4900	0.0000	2.4333	0.0000	2.5000	72.8320
0.0000	0.5100	0.0000	2.5547	0.0000	2.5000	73.0083
0.0000	0.4900	0.0000	2.4417	0.0000	2.5000	73.3695
0.0000	0.5087	0.0000	2.5826	0.0000	2.5000	73.5482
0.0000	0.4900	0.0000	2.4191	0.0000	2.5000	73.7309
0.0000	0.5100	0.0000	2.5774	0.0000	2.5000	73.9076
0.0000	0.4900	0.0000	2.4909	0.0000	2.5000	74.0928
0.0000	0.4929	0.0000	2.4670	0.0000	2.5000	74.4464
0.0000	0.5006	0.0000	2.5264	0.0000	2.5000	74.6251
0.0000	0.4900	0.0000	2.4399	0.0000	2.5000	74.8056
0.0000	0.5092	0.0000	2.5556	0.0000	2.5000	74.9824
0.0000	0.4900	0.0000	2.4489	0.0000	2.5000	75.3444
0.0000	0.5064	0.0000	2.5707	0.0000	2.5000	75.5232
0.0000	0.4900	0.0000	2.4281	0.0000	2.5000	75.7055
0.0000	0.5100	0.0000	2.5786	0.0000	2.5000	75.8825
0.0000	0.4900	0.0000	2.4928	0.0000	2.5000	76.0679
0.0000	0.4923	0.0000	2.4606	0.0000	2.5000	76.4216
0.0000	0.5026	0.0000	2.5385	0.0000	2.5000	76.6000
0.0000	0.4900	0.0000	2.4340	0.0000	2.5000	76.7810
0.0000	0.5100	0.0000	2.5529	0.0000	2.5000	76.9574
0.0000	0.4900	0.0000	2.4424	0.0000	2.5000	77.3188
0.0000	0.5084	0.0000	2.5788	0.0000	2.5000	77.4974
0.0000	0.4900	0.0000	2.4197	0.0000	2.5000	77.6799
0.0000	0.5100	0.0000	2.5704	0.0000	2.5000	77.8564
