-2.87892
-2.70529
-2.53166
-2.35804
-2.18441
-2.01078
-1.83715
-1.66353
-1.4899
-1.31627
-1.14264
-0.969016
-0.795388
-0.62176
-0.448133
-0.236935
-0.0580331
0.120869
0.29977
0.478672
0.657573
0.836475
1.01538
1.19428
1.37318
1.55208
1.73098
1.90988
2.08879
2.26769
2.44659
2.62549
2.80439
2.98329
3.1622
3.3411
3.6106
3.6106
3.78449
3.95837
4.13226
4.30614
4.48003
4.65391
4.8278
5.137
5.31387
5.49074
5.66762
5.84449
6.02136
6.19823
6.3751
6.68935
7.0337
7.2616
7.42258
7.6716
7.82595
7.94902
8.1538
8.2827
8.38277
8.54885
8.6412
8.68881
8.78365
8.8002
8.86985
8.86225
8.8849
8.8527
8.80165
8.7584
8.71514
8.65975
8.60607
8.50585
8.3741
8.2312
8.14777
8.06433
7.9809
7.89746
7.81403
7.7306
7.64716
7.56373
7.48029
7.39686
7.31028
7.2392
