-37.9366
-37.8374
-37.7381
-37.6388
-37.5396
-37.4403
-37.341
-37.2418
-37.1425
-37.0432
-36.944
-36.8447
-36.7454
-36.6462
-36.5469
-36.4262
-36.3368
-36.2474
-36.1579
-36.0685
-35.9791
-35.8897
-35.8003
-35.7109
-35.6215
-35.5321
-35.4427
-35.3533
-35.2638
-35.1744
-35.085
-34.9956
-34.9062
-34.8168
-34.7274
-34.638
-34.5033
-34.5033
-34.4045
-34.3057
-34.2068
-34.108
-34.0092
-33.9104
-33.8116
-33.6359
-33.5425
-33.4492
-33.3558
-33.2624
-33.1691
-33.0757
-32.9824
-32.8165
-32.5982
-32.3843
-32.2657
-32.0821
-31.922
-31.7644
-31.5021
-31.2438
-31.0706
-30.7832
-30.5089
-30.3146
-29.9277
-29.6854
-29.2598
-28.9942
-28.5914
-28.394
-28.081
-27.8857
-27.6904
-27.4404
-27.2477
-26.888
-26.5324
-26.1767
-25.995
-25.8132
-25.6314
-25.4497
-25.2679
-25.0861
-24.9044
-24.7226
-24.5408
-24.3591
-24.1705
-23.7733
