-34.8168
-34.7274
-34.638
-34.5033
-34.5033
-34.4186
-34.3339
-34.2492
-34.1645
-34.0798
-33.9951
-33.9105
-33.7466
-33.6655
-33.5844
-33.5033
-33.4222
-33.3411
-33.26
-33.1789
-33.0978
-33.0167
-32.8958
-32.8267
-32.7576
-32.6613
-32.4624
-32.4103
-32.3583
-32.3049
-32.2826
-32.2508
-32.2362
-32.2215
-32.206
-32.2074
-32.2383
-32.2758
-32.3466
-32.437
-32.4867
-32.6194
-32.7168
-32.9049
-33.0203
-33.2256
-33.3568
-33.4891
-33.7348
-34.1177
-34.3458
-34.6022
-35.0258
-35.376
-35.6825
-35.9095
-36.1889
-36.6091
-37.0127
-37.1842
