-37.9053
-37.8056
-37.706
-37.6063
-37.5067
-37.407
-37.3074
-37.2078
-37.1081
-37.0085
-36.9088
-36.8092
-36.7095
-36.6099
-36.4262
-36.3368
-36.2474
-36.1579
-36.0685
-35.9791
-35.8897
-35.8003
-35.7109
-35.6215
-35.5321
-35.4427
-35.3533
-35.2638
-35.1744
-35.085
-34.9956
-34.9062
-34.8168
-34.7274
-34.638
-34.5033
-34.5033
-34.4116
-34.32
-34.2283
-34.1366
-34.045
-33.9533
-33.8617
-33.77
-33.6784
-33.5867
-33.495
-33.4034
-33.3117
-33.2201
-33.1284
-33.0368
-32.9451
-32.8534
-32.7618
-32.6701
-32.5785
-32.4868
-32.3951
-32.3035
-32.2118
-32.1202
-32.0285
-31.9369
-31.8452
-31.7535
-31.6619
-31.5702
-31.4786
-31.3869
-31.2953
-31.2036
-31.1119
-31.0203
-30.9286
-30.837
-30.7453
-30.6536
-30.562
-30.4703
-30.3787
-30.287
-30.1954
-30.1037
-30.012
-29.9039
-29.8118
-29.7197
-29.6276
-29.5355
-29.4434
-29.3513
-29.2592
-29.1671
-29.075
-28.9829
-28.8908
-28.7987
-28.7066
-28.6145
-28.5224
-28.4303
-28.3381
-28.246
-28.1539
-28.0618
-27.9697
-27.8776
-27.7855
-27.6934
-27.6013
-27.5092
-27.4171
-27.325
-27.2329
-27.1408
-27.0487
-26.9566
-26.8645
-26.7724
-26.6803
-26.5882
-26.4961
-26.404
-26.3118
-26.2197
-26.1276
-26.0355
-25.9434
-25.8325
