-2.81098
-2.63757
-2.46416
-2.29075
-2.11734
-1.94393
-1.77052
-1.59711
-1.4237
-1.25029
-1.07688
-0.903468
-0.730058
-0.556648
-0.236935
-0.0580331
0.120869
0.29977
0.478672
0.657573
0.836475
1.01538
1.19428
1.37318
1.55208
1.73098
1.90988
2.08879
2.26769
2.44659
2.62549
2.80439
2.98329
3.1622
3.3411
3.6106
3.6106
3.78836
3.96612
4.14388
4.32164
4.4994
4.67716
4.85492
5.03269
5.21045
5.38821
5.56597
5.74373
5.92149
6.09925
6.27701
6.45477
6.63253
6.81029
6.98805
7.16581
7.34357
7.52133
7.69909
7.87686
8.05462
8.23238
8.41014
8.5879
8.76566
8.94342
9.12118
9.29894
9.4767
9.65446
9.83222
10.01
10.1877
10.3655
10.5433
10.721
10.8988
11.0765
11.2543
11.4321
11.6098
11.7876
11.9654
12.1431
12.3209
12.5306
12.7081
12.8856
13.0631
13.2407
13.4182
13.5957
13.7733
13.9508
14.1283
14.3058
14.4834
14.6609
14.8384
15.016
15.1935
15.371
15.5486
15.7261
15.9036
16.0811
16.2587
16.4362
16.6137
16.7913
16.9688
17.1463
17.3238
17.5014
17.6789
17.8564
18.034
18.2115
18.389
18.5666
18.7441
18.9216
19.0991
19.2767
19.4542
19.6317
19.8093
19.9868
20.1643
20.3781
