-363.886 -30.061 0.006
-363.609 -30.059 0.006
-363.319 -30.057 0.006
-363.054 -30.056 0.006
-362.777 -30.054 0.006
-362.500 -30.052 0.006
-362.224 -30.050 0.006
-361.936 -30.048 0.006
-361.674 -30.047 0.006
-361.400 -30.045 0.006
-361.113 -30.043 0.006
-360.853 -30.042 0.006
-360.581 -30.040 0.006
-360.297 -30.038 0.006
-360.040 -30.037 0.006
-359.771 -30.035 0.006
-359.490 -30.033 0.006
-359.236 -30.032 0.006
-358.957 -30.030 0.006
-358.706 -30.029 0.006
-358.429 -30.027 0.006
-358.181 -30.026 0.006
-357.907 -30.024 0.005
-357.661 -30.023 0.005
-357.390 -30.021 0.005
-357.146 -30.020 0.005
-356.878 -30.018 0.005
-356.625 -30.017 0.005
-356.387 -30.016 0.005
-356.122 -30.014 0.005
-355.873 -30.013 0.005
-355.640 -30.012 0.005
-355.380 -30.010 0.005
-355.135 -30.009 0.005
-354.893 -30.008 0.005
-354.666 -30.007 0.005
-354.412 -30.005 0.005
-354.174 -30.004 0.005
-353.938 -30.003 0.005
-353.703 -30.002 0.005
-353.469 -30.001 0.005
-353.237 -30.000 0.005
-353.022 -29.999 0.005
-352.777 -29.997 0.005
-352.549 -29.996 0.005
-352.324 -29.995 0.005
-352.099 -29.994 0.005
-351.876 -29.993 0.005
-351.654 -29.992 0.004
-351.433 -29.991 0.004
-351.213 -29.990 0.004
-350.995 -29.989 0.004
-350.778 -29.988 0.004
-350.562 -29.987 0.004
-350.347 -29.986 0.004
-350.118 -29.985 0.004
-349.923 -29.985 0.004
-349.712 -29.984 0.004
-349.501 -29.983 0.004
-349.292 -29.982 0.004
-349.084 -29.981 0.004
-348.878 -29.980 0.004
-348.672 -29.979 0.004
-348.450 -29.978 0.004
-348.263 -29.978 0.004
-348.060 -29.977 0.004
-347.857 -29.976 0.004
-347.656 -29.975 0.004
-347.448 -29.974 0.004
-347.058 -29.973 0.004
-346.654 -29.971 0.004
-346.271 -29.970 0.004
-345.873 -29.968 0.004
-345.496 -29.967 0.004
-345.103 -29.965 0.004
-344.722 -29.964 0.004
-344.353 -29.963 0.004
-343.967 -29.961 0.004
-343.592 -29.960 0.004
-343.230 -29.959 0.003
-342.850 -29.957 0.003
-342.482 -29.956 0.003
-342.125 -29.955 0.003
-341.751 -29.953 0.003
-341.388 -29.952 0.003
-341.026 -29.951 0.003
-340.666 -29.950 0.003
-340.317 -29.949 0.003
-339.949 -29.947 0.003
-339.593 -29.946 0.003
-339.237 -29.945 0.003
-338.883 -29.944 0.003
-338.530 -29.943 0.003
-338.178 -29.942 0.003
-337.827 -29.941 0.003
-337.487 -29.940 0.003
-337.128 -29.938 0.003
-336.780 -29.937 0.003
-336.432 -29.936 0.003
-336.085 -29.935 0.003
-335.739 -29.934 0.003
-335.394 -29.933 0.003
-335.049 -29.932 0.003
-334.705 -29.931 0.003
-334.362 -29.930 0.003
-334.019 -29.929 0.003
-333.676 -29.928 0.003
-333.335 -29.927 0.003
-332.994 -29.926 0.003
-332.654 -29.925 0.003
-332.314 -29.924 0.003
-331.975 -29.923 0.003
-331.637 -29.922 0.003
-331.299 -29.921 0.003
-330.963 -29.920 0.003
-330.626 -29.919 0.003
-330.291 -29.918 0.003
-329.956 -29.917 0.003
-329.621 -29.916 0.003
-329.287 -29.915 0.003
-328.954 -29.914 0.003
-328.621 -29.913 0.003
-328.288 -29.912 0.003
-327.956 -29.911 0.003
-327.624 -29.910 0.003
-327.292 -29.909 0.003
-326.960 -29.908 0.003
-326.628 -29.907 0.003
-326.297 -29.906 0.003
-325.965 -29.905 0.003
-325.634 -29.904 0.003
-325.303 -29.903 0.003
-324.971 -29.902 0.003
-324.640 -29.901 0.003
-324.309 -29.900 0.003
-323.978 -29.899 0.003
-323.647 -29.898 0.003
-323.315 -29.897 0.003
-322.984 -29.896 0.003
-322.653 -29.895 0.003
-322.322 -29.894 0.003
-321.991 -29.893 0.003
-321.659 -29.892 0.003
-321.328 -29.891 0.003
-320.986 -29.890 0.003
-320.665 -29.890 0.003
-320.334 -29.889 0.003
-320.002 -29.888 0.003
-319.671 -29.887 0.003
-319.339 -29.886 0.003
-319.008 -29.885 0.003
-318.676 -29.884 0.003
-318.344 -29.883 0.003
-318.013 -29.882 0.003
-317.681 -29.881 0.003
-317.349 -29.880 0.003
-317.018 -29.879 0.003
-316.686 -29.878 0.003
-316.354 -29.877 0.003
-316.022 -29.876 0.003
-315.690 -29.875 0.003
-315.347 -29.874 0.003
-315.027 -29.874 0.003
-314.695 -29.873 0.003
-314.363 -29.872 0.003
-314.031 -29.871 0.003
-313.699 -29.870 0.003
-313.366 -29.869 0.003
-313.034 -29.868 0.003
-312.702 -29.867 0.003
-312.370 -29.866 0.003
-312.027 -29.865 0.003
-311.706 -29.865 0.003
-311.374 -29.864 0.003
-311.041 -29.863 0.003
-310.709 -29.862 0.003
-310.377 -29.861 0.003
-310.045 -29.860 0.003
-309.712 -29.859 0.003
-309.369 -29.858 0.003
-309.048 -29.858 0.003
-308.715 -29.857 0.003
-308.383 -29.856 0.003
-308.051 -29.855 0.002
-307.718 -29.854 0.002
-307.375 -29.853 0.002
-307.053 -29.853 0.002
-306.721 -29.852 0.002
-306.389 -29.851 0.002
-306.056 -29.850 0.002
-305.713 -29.849 0.002
-305.391 -29.849 0.002
-305.059 -29.848 0.002
-304.726 -29.847 0.002
-304.394 -29.846 0.002
-304.050 -29.845 0.002
-303.729 -29.845 0.002
-303.396 -29.844 0.002
-303.064 -29.843 0.002
-302.720 -29.842 0.002
-302.399 -29.842 0.002
-302.066 -29.841 0.002
-301.733 -29.840 0.002
-301.390 -29.839 0.002
-301.068 -29.839 0.002
-300.736 -29.838 0.002
-300.403 -29.837 0.002
-300.059 -29.836 0.002
-299.738 -29.836 0.002
-299.405 -29.835 0.002
-299.062 -29.834 0.002
-298.740 -29.834 0.002
-298.407 -29.833 0.002
-298.064 -29.832 0.002
-297.742 -29.832 0.002
-297.409 -29.831 0.002
-297.066 -29.830 0.002
-296.744 -29.830 0.002
-296.412 -29.829 0.002
-296.068 -29.828 0.002
-295.746 -29.828 0.002
-295.414 -29.827 0.002
-295.070 -29.826 0.002
-294.748 -29.826 0.002
-294.405 -29.825 0.002
-294.083 -29.825 0.002
-293.750 -29.824 0.002
-293.407 -29.823 0.002
-293.085 -29.823 0.002
-292.752 -29.822 0.002
-292.409 -29.821 0.002
-292.087 -29.821 0.002
-291.743 -29.820 0.002
-291.422 -29.820 0.002
-291.078 -29.819 0.002
-290.756 -29.819 0.002
-290.424 -29.818 0.002
-290.080 -29.817 0.002
-289.758 -29.817 0.002
-289.415 -29.816 0.002
-289.093 -29.816 0.002
-288.749 -29.815 0.002
-288.428 -29.815 0.002
-288.084 -29.814 0.002
-287.762 -29.814 0.002
-287.419 -29.813 0.002
-287.097 -29.813 0.002
-286.753 -29.812 0.002
-286.431 -29.812 0.002
-286.088 -29.811 0.001
-285.766 -29.811 0.001
-285.422 -29.810 0.001
-285.101 -29.810 0.001
-284.757 -29.809 0.001
-284.435 -29.809 0.001
-284.092 -29.808 0.001
-283.770 -29.808 0.001
-283.426 -29.807 0.001
-283.105 -29.807 0.001
-282.761 -29.806 0.001
-282.439 -29.806 0.001
-282.096 -29.805 0.001
-281.774 -29.805 0.001
-281.430 -29.804 0.001
-281.098 -29.804 0.001
-280.776 -29.804 0.001
-280.432 -29.803 0.001
-280.111 -29.803 0.001
-279.767 -29.802 0.001
-279.445 -29.802 0.001
-279.102 -29.801 0.001
-278.769 -29.801 0.001
-278.447 -29.801 0.001
-278.104 -29.800 0.001
-277.782 -29.800 0.001
-277.438 -29.799 0.001
-277.106 -29.799 0.001
-276.784 -29.799 0.001
-276.440 -29.798 0.001
-276.119 -29.798 0.001
-275.775 -29.797 0.001
-275.442 -29.797 0.001
-275.121 -29.797 0.001
-274.777 -29.796 0.001
-274.445 -29.796 0.001
-274.123 -29.796 0.001
-273.779 -29.795 0.001
-273.447 -29.795 0.001
-273.125 -29.795 0.001
-272.781 -29.794 0.001
-272.460 -29.794 0.001
-272.116 -29.793 0.001
-271.783 -29.793 0.001
-271.462 -29.793 0.001
-271.118 -29.792 0.001
-270.785 -29.792 0.001
-270.464 -29.792 0.001
-270.120 -29.791 0.001
-269.788 -29.791 0.001
-269.455 -29.791 0.001
-269.133 -29.791 0.001
-268.790 -29.790 0.001
-268.457 -29.790 0.001
-268.135 -29.790 0.001
-267.792 -29.789 0.001
-267.459 -29.789 0.001
-267.138 -29.789 0.001
-266.794 -29.788 0.001
-266.461 -29.788 0.001
-266.129 -29.788 0.001
-265.807 -29.788 0.001
-265.464 -29.787 0.001
-265.131 -29.787 0.001
-264.798 -29.787 0.001
-264.477 -29.787 0.001
-264.133 -29.786 0.001
-263.801 -29.786 0.001
-263.468 -29.786 0.001
-263.146 -29.786 0.001
-262.803 -29.785 0.001
-262.470 -29.785 0.001
-262.138 -29.785 0.001
-261.816 -29.785 0.001
-261.472 -29.784 0.001
-261.140 -29.784 0.001
-260.807 -29.784 0.001
-260.486 -29.784 0.001
-260.142 -29.783 0.001
-259.809 -29.783 0.001
-259.477 -29.783 0.001
-259.144 -29.783 0.001
-258.823 -29.783 0.001
-258.479 -29.782 0.001
-258.147 -29.782 0.001
-257.814 -29.782 0.001
-257.481 -29.782 0.001
-257.160 -29.782 0.001
-256.816 -29.781 0.001
-256.484 -29.781 0.001
-256.151 -29.781 0.001
-255.819 -29.781 0.001
-255.486 -29.781 0.000
-255.164 -29.781 0.000
-254.821 -29.780 0.000
-254.488 -29.780 0.000
-254.156 -29.780 0.000
-253.823 -29.780 0.000
-253.491 -29.780 0.000
-253.158 -29.780 0.000
-252.837 -29.780 0.000
-252.493 -29.779 0.000
-252.160 -29.779 0.000
-251.828 -29.779 0.000
-251.495 -29.779 0.000
-251.163 -29.779 0.000
-250.830 -29.779 0.000
-250.498 -29.779 0.000
-250.176 -29.779 0.000
-249.833 -29.778 0.000
-249.500 -29.778 0.000
-249.168 -29.778 0.000
-248.835 -29.778 0.000
-248.502 -29.778 0.000
-248.170 -29.778 0.000
-247.837 -29.778 0.000
-247.505 -29.778 0.000
-247.172 -29.778 0.000
-246.840 -29.778 0.000
-246.518 -29.778 0.000
-246.175 -29.777 0.000
-245.842 -29.777 0.000
-245.510 -29.777 0.000
-245.177 -29.777 0.000
-244.845 -29.777 0.000
-244.512 -29.777 0.000
-244.180 -29.777 0.000
-243.847 -29.777 0.000
-243.515 -29.777 0.000
-243.182 -29.777 0.000
-242.850 -29.777 0.000
-242.517 -29.777 0.000
-242.185 -29.777 0.000
-241.852 -29.777 0.000
-241.520 -29.777 0.000
-241.187 -29.777 0.000
-240.855 -29.777 0.000
-240.522 -29.777 0.000
-240.190 -29.777 0.000
-239.857 -29.777 0.000
-239.525 -29.777 0.000
-239.192 -29.777 -0.000
-238.860 -29.777 -0.000
-238.527 -29.777 -0.000
-238.195 -29.777 -0.000
-237.862 -29.777 -0.000
-237.530 -29.777 -0.000
-237.197 -29.777 -0.000
-236.865 -29.777 -0.000
-236.532 -29.777 -0.000
-236.200 -29.777 -0.000
-235.867 -29.777 -0.000
-235.535 -29.777 -0.000
-235.202 -29.777 -0.000
-234.870 -29.777 -0.000
-234.538 -29.777 -0.000
-234.205 -29.777 -0.000
-233.873 -29.777 -0.000
-233.540 -29.777 -0.000
-233.208 -29.777 -0.000
-232.875 -29.777 -0.000
-232.543 -29.777 -0.000
-232.210 -29.777 -0.000
-231.867 -29.777 -0.000
-231.545 -29.778 -0.000
-231.213 -29.778 -0.000
-230.881 -29.778 -0.000
-230.548 -29.778 -0.000
-230.216 -29.778 -0.000
-229.883 -29.778 -0.000
-229.551 -29.778 -0.000
-229.218 -29.778 -0.000
-228.886 -29.778 -0.000
-228.554 -29.778 -0.000
-228.210 -29.778 -0.000
-227.889 -29.779 -0.000
-227.556 -29.779 -0.000
-227.224 -29.779 -0.000
-226.891 -29.779 -0.000
-226.559 -29.779 -0.000
-226.227 -29.779 -0.000
-225.894 -29.779 -0.000
-225.562 -29.779 -0.000
-225.218 -29.779 -0.000
-224.897 -29.780 -0.000
-224.564 -29.780 -0.000
-224.232 -29.780 -0.000
-223.900 -29.780 -0.000
-223.567 -29.780 -0.000
-223.235 -29.780 -0.000
-222.891 -29.780 -0.000
-222.570 -29.781 -0.000
-222.238 -29.781 -0.000
-221.905 -29.781 -0.000
-221.573 -29.781 -0.001
-221.240 -29.781 -0.001
-220.897 -29.781 -0.001
-220.576 -29.782 -0.001
-220.243 -29.782 -0.001
-219.911 -29.782 -0.001
-219.578 -29.782 -0.001
-219.235 -29.782 -0.001
-218.914 -29.783 -0.001
-218.581 -29.783 -0.001
-218.249 -29.783 -0.001
-217.916 -29.783 -0.001
-217.573 -29.783 -0.001
-217.251 -29.784 -0.001
-216.919 -29.784 -0.001
-216.586 -29.784 -0.001
-216.254 -29.784 -0.001
-215.910 -29.784 -0.001
-215.589 -29.785 -0.001
-215.256 -29.785 -0.001
-214.924 -29.785 -0.001
-214.591 -29.785 -0.001
-214.248 -29.785 -0.001
-213.926 -29.786 -0.001
-213.594 -29.786 -0.001
-213.261 -29.786 -0.001
-212.917 -29.786 -0.001
-212.596 -29.787 -0.001
-212.263 -29.787 -0.001
-211.931 -29.787 -0.001
-211.587 -29.787 -0.001
-211.265 -29.788 -0.001
-210.933 -29.788 -0.001
-210.600 -29.788 -0.001
-210.256 -29.788 -0.001
-209.935 -29.789 -0.001
-209.602 -29.789 -0.001
-209.269 -29.789 -0.001
-208.926 -29.789 -0.001
-208.604 -29.790 -0.001
-208.271 -29.790 -0.001
-207.928 -29.790 -0.001
-207.606 -29.791 -0.001
-207.273 -29.791 -0.001
-206.940 -29.791 -0.001
-206.597 -29.791 -0.001
-206.275 -29.792 -0.001
-205.942 -29.792 -0.001
-205.599 -29.792 -0.001
-205.277 -29.793 -0.001
-204.944 -29.793 -0.001
-204.600 -29.793 -0.001
-204.278 -29.794 -0.001
-203.946 -29.794 -0.001
-203.602 -29.794 -0.001
-203.280 -29.795 -0.001
-202.947 -29.795 -0.001
-202.604 -29.795 -0.001
-202.282 -29.796 -0.001
-201.949 -29.796 -0.001
-201.605 -29.796 -0.001
-201.283 -29.797 -0.001
-200.951 -29.797 -0.001
-200.607 -29.797 -0.001
-200.285 -29.798 -0.001
-199.952 -29.798 -0.001
-199.608 -29.798 -0.001
-199.287 -29.799 -0.001
-198.954 -29.799 -0.001
-198.610 -29.799 -0.001
-198.288 -29.800 -0.001
-197.955 -29.800 -0.001
-197.611 -29.800 -0.001
-197.290 -29.801 -0.001
-196.946 -29.801 -0.001
-196.624 -29.802 -0.001
-196.291 -29.802 -0.001
-195.947 -29.802 -0.001
-195.625 -29.803 -0.001
-195.293 -29.803 -0.001
-194.949 -29.803 -0.001
-194.627 -29.804 -0.001
-194.283 -29.804 -0.001
-193.961 -29.805 -0.001
-193.628 -29.805 -0.001
-193.284 -29.805 -0.001
-192.963 -29.806 -0.001
-192.619 -29.806 -0.001
-192.297 -29.807 -0.001
-191.964 -29.807 -0.001
-191.620 -29.807 -0.001
-191.298 -29.808 -0.001
-190.954 -29.808 -0.001
-190.633 -29.809 -0.001
-190.289 -29.809 -0.001
-189.967 -29.810 -0.001
-189.634 -29.810 -0.001
-189.290 -29.810 -0.001
-188.968 -29.811 -0.001
-188.624 -29.811 -0.001
-188.302 -29.812 -0.001
-187.959 -29.812 -0.001
-187.637 -29.813 -0.001
-187.293 -29.813 -0.001
-186.971 -29.814 -0.001
-186.638 -29.814 -0.001
-186.294 -29.814 -0.001
-185.972 -29.815 -0.001
-185.628 -29.815 -0.001
-185.307 -29.816 -0.001
-184.963 -29.816 -0.001
-184.641 -29.817 -0.001
-184.297 -29.817 -0.001
-183.975 -29.818 -0.001
-183.631 -29.818 -0.001
-183.309 -29.819 -0.001
-182.965 -29.819 -0.001
-182.644 -29.820 -0.001
-182.300 -29.820 -0.001
-181.978 -29.821 -0.001
-181.634 -29.821 -0.001
-181.312 -29.822 -0.001
-180.968 -29.822 -0.001
-180.646 -29.823 -0.002
-180.302 -29.823 -0.002
-179.981 -29.824 -0.002
-179.637 -29.824 -0.002
-179.315 -29.825 -0.002
-178.971 -29.825 -0.002
-178.649 -29.826 -0.002
-178.305 -29.826 -0.002
-177.983 -29.827 -0.002
-177.639 -29.827 -0.002
-177.318 -29.828 -0.002
-176.974 -29.828 -0.002
-176.652 -29.829 -0.002
-176.308 -29.829 -0.002
-175.986 -29.830 -0.002
-175.642 -29.830 -0.002
-175.320 -29.831 -0.002
-174.976 -29.831 -0.002
-174.643 -29.832 -0.002
-174.322 -29.833 -0.002
-173.978 -29.833 -0.002
-173.656 -29.834 -0.002
-173.312 -29.834 -0.002
-172.990 -29.835 -0.002
-172.646 -29.835 -0.002
-172.324 -29.836 -0.002
-171.980 -29.836 -0.002
-171.647 -29.837 -0.002
-171.326 -29.838 -0.002
-170.982 -29.838 -0.002
-170.660 -29.839 -0.002
-170.316 -29.839 -0.002
-169.994 -29.840 -0.002
-169.650 -29.840 -0.002
-169.317 -29.841 -0.002
-168.995 -29.842 -0.002
-168.652 -29.842 -0.002
-168.330 -29.843 -0.002
-167.986 -29.843 -0.002
-167.653 -29.844 -0.002
-167.331 -29.845 -0.002
-166.987 -29.845 -0.002
-166.665 -29.846 -0.002
-166.321 -29.846 -0.002
-165.988 -29.847 -0.002
-165.667 -29.848 -0.002
-165.323 -29.848 -0.002
-165.001 -29.849 -0.002
-164.657 -29.849 -0.002
-164.324 -29.850 -0.002
-164.002 -29.851 -0.002
-163.658 -29.851 -0.002
-163.336 -29.852 -0.002
-162.992 -29.852 -0.002
-162.660 -29.853 -0.002
-162.338 -29.854 -0.002
-161.994 -29.854 -0.002
-161.661 -29.855 -0.002
-161.339 -29.856 -0.002
-160.995 -29.856 -0.002
-160.662 -29.857 -0.002
-160.340 -29.858 -0.002
-159.997 -29.858 -0.002
-159.664 -29.859 -0.002
-159.342 -29.860 -0.002
-158.998 -29.860 -0.002
-158.676 -29.861 -0.002
-158.332 -29.861 -0.002
-157.999 -29.862 -0.002
-157.677 -29.863 -0.002
-157.333 -29.863 -0.002
-157.001 -29.864 -0.002
-156.679 -29.865 -0.002
-156.335 -29.865 -0.002
-156.002 -29.866 -0.002
-155.680 -29.867 -0.002
-155.336 -29.867 -0.002
-155.003 -29.868 -0.002
-154.670 -29.869 -0.002
-154.348 -29.870 -0.002
-154.005 -29.870 -0.002
-153.672 -29.871 -0.002
-153.350 -29.872 -0.002
-153.006 -29.872 -0.002
-152.673 -29.873 -0.002
-152.351 -29.874 -0.002
-152.007 -29.874 -0.002
-151.674 -29.875 -0.002
-151.341 -29.876 -0.002
-151.020 -29.877 -0.002
-150.676 -29.877 -0.002
-150.343 -29.878 -0.002
-150.021 -29.879 -0.002
-149.677 -29.879 -0.002
-149.344 -29.880 -0.002
-149.011 -29.881 -0.002
-148.689 -29.882 -0.002
-148.346 -29.882 -0.002
-148.013 -29.883 -0.002
-147.691 -29.884 -0.002
-147.347 -29.884 -0.002
-147.014 -29.885 -0.002
-146.681 -29.886 -0.002
-146.359 -29.887 -0.002
-146.015 -29.887 -0.002
-145.682 -29.888 -0.002
-145.350 -29.889 -0.002
-145.028 -29.890 -0.002
-144.684 -29.890 -0.002
-144.351 -29.891 -0.002
-144.018 -29.892 -0.002
-143.696 -29.893 -0.002
-143.352 -29.893 -0.002
-143.019 -29.894 -0.002
-142.686 -29.895 -0.002
-142.365 -29.896 -0.002
-142.021 -29.896 -0.002
-141.688 -29.897 -0.002
-141.355 -29.898 -0.002
-141.033 -29.899 -0.002
-140.689 -29.899 -0.002
-140.356 -29.900 -0.002
-140.023 -29.901 -0.002
-139.691 -29.902 -0.002
-139.369 -29.903 -0.002
-139.025 -29.903 -0.002
-138.692 -29.904 -0.002
-138.359 -29.905 -0.002
-138.026 -29.906 -0.002
-137.704 -29.907 -0.002
-137.360 -29.907 -0.002
-137.027 -29.908 -0.002
-136.695 -29.909 -0.002
-136.362 -29.910 -0.002
-136.040 -29.911 -0.002
-135.696 -29.911 -0.002
-135.363 -29.912 -0.002
-135.030 -29.913 -0.002
-134.697 -29.914 -0.002
-134.375 -29.915 -0.002
-134.031 -29.915 -0.002
-133.699 -29.916 -0.002
-133.366 -29.917 -0.002
-133.033 -29.918 -0.002
-132.700 -29.919 -0.002
-132.378 -29.920 -0.002
-132.034 -29.920 -0.002
-131.701 -29.921 -0.003
-131.368 -29.922 -0.003
-131.035 -29.923 -0.003
-130.702 -29.924 -0.003
-130.380 -29.925 -0.003
-130.035 -29.925 -0.003
-129.702 -29.926 -0.003
-129.369 -29.927 -0.003
-129.037 -29.928 -0.003
-128.702 -29.929 -0.003
-128.380 -29.930 -0.003
-128.035 -29.930 -0.003
-127.703 -29.931 -0.003
-127.368 -29.932 -0.003
-127.036 -29.933 -0.003
-126.701 -29.934 -0.003
-126.369 -29.935 -0.003
-126.035 -29.936 -0.003
-125.711 -29.937 -0.003
-125.366 -29.937 -0.003
-125.034 -29.938 -0.003
-124.700 -29.939 -0.003
-124.366 -29.940 -0.003
-124.032 -29.941 -0.003
-123.698 -29.942 -0.003
-123.364 -29.943 -0.003
-123.040 -29.944 -0.003
-122.696 -29.944 -0.003
-122.362 -29.945 -0.003
-122.028 -29.946 -0.003
-121.694 -29.947 -0.003
-121.360 -29.948 -0.003
-121.026 -29.949 -0.003
-120.692 -29.950 -0.003
-120.357 -29.951 -0.003
-120.023 -29.952 -0.003
-119.699 -29.953 -0.003
-119.355 -29.953 -0.003
-119.020 -29.954 -0.003
-118.686 -29.955 -0.003
-118.352 -29.956 -0.003
-118.017 -29.957 -0.003
-117.683 -29.958 -0.003
-117.349 -29.959 -0.003
-117.014 -29.960 -0.003
-116.680 -29.961 -0.003
-116.345 -29.962 -0.003
-116.011 -29.963 -0.003
-115.676 -29.964 -0.003
-115.342 -29.965 -0.003
-115.017 -29.966 -0.003
-114.673 -29.966 -0.003
-114.338 -29.967 -0.003
-114.004 -29.968 -0.003
-113.669 -29.969 -0.003
-113.334 -29.970 -0.003
-113.000 -29.971 -0.003
-112.665 -29.972 -0.003
-112.331 -29.973 -0.003
-111.996 -29.974 -0.003
-111.661 -29.975 -0.003
-111.326 -29.976 -0.003
-110.992 -29.977 -0.003
-110.657 -29.978 -0.003
-110.322 -29.979 -0.003
-109.988 -29.980 -0.003
-109.653 -29.981 -0.003
-109.318 -29.982 -0.003
-108.983 -29.983 -0.003
-108.649 -29.984 -0.003
-108.314 -29.985 -0.003
-107.979 -29.986 -0.003
-107.647 -29.987 -0.003
-107.326 -29.988 -0.003
-106.983 -29.988 -0.003
-106.650 -29.989 -0.002
-106.331 -29.990 -0.002
-105.993 -29.990 -0.002
-105.667 -29.991 -0.001
-105.354 -29.992 -0.001
-105.032 -29.992 -0.000
-104.717 -29.992 -0.000
-104.410 -29.992 -0.000
-104.117 -29.992 -0.000
-103.800 -29.991 -0.001
-103.497 -29.991 -0.001
-103.179 -29.990 -0.002
-102.858 -29.989 -0.003
-102.535 -29.988 -0.003
-102.220 -29.987 -0.004
-101.882 -29.985 -0.006
-101.537 -29.984 -0.007
-101.191 -29.984 -0.008
-100.816 -29.984 -0.009
-100.452 -29.986 -0.009
-100.104 -29.989 -0.009
-99.758 -29.992 -0.009
-99.415 -29.995 -0.008
-99.072 -29.998 -0.008
-98.729 -30.001 -0.008
-98.386 -30.004 -0.008
-98.043 -30.007 -0.008
-97.712 -30.010 -0.007
-97.359 -30.012 -0.007
-97.029 -30.015 -0.007
-96.680 -30.017 -0.007
-96.353 -30.020 -0.007
-96.017 -30.022 -0.006
-95.683 -30.024 -0.006
-95.351 -30.026 -0.006
-95.019 -30.028 -0.006
-94.689 -30.030 -0.006
-94.359 -30.032 -0.006
-94.029 -30.034 -0.006
-93.710 -30.036 -0.005
-93.371 -30.037 -0.005
-93.043 -30.039 -0.005
-92.715 -30.041 -0.005
-92.398 -30.043 -0.005
-92.061 -30.044 -0.005
-91.745 -30.046 -0.005
-91.409 -30.047 -0.004
-91.093 -30.049 -0.004
-90.757 -30.050 -0.004
-90.444 -30.052 -0.004
-90.120 -30.053 -0.004
-89.796 -30.054 -0.004
-89.462 -30.055 -0.004
-89.150 -30.057 -0.004
-88.827 -30.058 -0.004
-88.505 -30.059 -0.004
-88.183 -30.060 -0.003
-87.850 -30.061 -0.003
-87.539 -30.063 -0.003
-87.217 -30.064 -0.003
-86.895 -30.065 -0.003
-86.574 -30.066 -0.003
-86.252 -30.067 -0.003
-85.930 -30.068 -0.003
-85.608 -30.069 -0.003
-85.286 -30.070 -0.003
-84.963 -30.071 -0.003
-84.652 -30.072 -0.003
-84.318 -30.072 -0.003
-83.996 -30.073 -0.003
-83.673 -30.074 -0.003
-83.350 -30.075 -0.003
-83.026 -30.076 -0.003
-82.703 -30.077 -0.003
-82.379 -30.078 -0.003
-82.066 -30.079 -0.003
-81.731 -30.079 -0.003
-81.406 -30.080 -0.003
-81.082 -30.081 -0.003
-80.757 -30.082 -0.003
-80.443 -30.083 -0.003
-80.107 -30.083 -0.003
-79.781 -30.084 -0.003
-79.456 -30.085 -0.003
-79.130 -30.086 -0.003
-78.804 -30.087 -0.003
-78.488 -30.088 -0.003
-78.151 -30.088 -0.003
-77.824 -30.089 -0.003
-77.497 -30.090 -0.003
-77.170 -30.091 -0.003
-76.843 -30.092 -0.003
-76.526 -30.093 -0.003
-76.188 -30.093 -0.003
-75.860 -30.094 -0.003
-75.532 -30.095 -0.003
-75.204 -30.096 -0.003
-74.875 -30.097 -0.003
-74.547 -30.098 -0.003
-74.229 -30.099 -0.003
-73.889 -30.099 -0.003
-73.562 -30.100 -0.003
-73.237 -30.101 -0.003
-72.914 -30.102 -0.003
-72.589 -30.103 -0.003
-72.264 -30.104 -0.003
-71.942 -30.105 -0.003
-71.621 -30.106 -0.003
-71.302 -30.107 -0.003
-70.984 -30.108 -0.003
-70.668 -30.109 -0.003
-70.360 -30.110 -0.003
-70.064 -30.111 -0.003
-69.775 -30.112 -0.003
-69.482 -30.113 -0.003
-69.185 -30.114 -0.003
-68.880 -30.115 -0.003
-68.572 -30.116 -0.003
-68.261 -30.117 -0.003
-67.937 -30.118 -0.003
-67.633 -30.120 -0.003
-67.314 -30.121 -0.003
-66.985 -30.122 -0.003
-66.644 -30.123 -0.003
-66.294 -30.124 -0.003
-65.949 -30.125 -0.003
-65.611 -30.126 -0.003
-65.275 -30.127 -0.003
-64.943 -30.128 -0.003
-64.609 -30.129 -0.003
-64.274 -30.130 -0.003
-63.939 -30.131 -0.003
-63.604 -30.132 -0.003
-63.269 -30.133 -0.003
-62.936 -30.134 -0.003
-62.604 -30.135 -0.003
-62.273 -30.136 -0.003
-61.944 -30.137 -0.003
-61.616 -30.138 -0.004
-61.279 -30.139 -0.004
-60.965 -30.141 -0.004
-60.641 -30.142 -0.004
-60.318 -30.143 -0.004
-59.996 -30.144 -0.004
-59.675 -30.145 -0.004
-59.343 -30.146 -0.004
-59.034 -30.148 -0.004
-58.714 -30.149 -0.004
-58.395 -30.150 -0.004
-58.066 -30.151 -0.004
-57.760 -30.153 -0.004
-57.443 -30.154 -0.004
-57.127 -30.155 -0.004
-56.800 -30.156 -0.004
-56.496 -30.158 -0.004
-56.182 -30.159 -0.004
-55.857 -30.160 -0.004
-55.554 -30.162 -0.004
-55.241 -30.163 -0.004
-54.928 -30.164 -0.004
-54.603 -30.165 -0.004
-54.301 -30.167 -0.004
-53.988 -30.168 -0.004
-53.664 -30.169 -0.004
-53.361 -30.171 -0.004
-53.037 -30.172 -0.004
-52.734 -30.174 -0.004
-52.420 -30.175 -0.004
-52.094 -30.176 -0.004
-51.791 -30.178 -0.004
-51.476 -30.179 -0.004
-51.149 -30.180 -0.004
-50.845 -30.182 -0.004
-50.518 -30.183 -0.004
-50.213 -30.185 -0.004
-49.896 -30.186 -0.004
-49.568 -30.187 -0.004
-49.262 -30.189 -0.004
-48.933 -30.190 -0.004
-48.626 -30.192 -0.004
-48.307 -30.193 -0.004
-47.977 -30.194 -0.004
-47.669 -30.196 -0.004
-47.338 -30.197 -0.004
-47.029 -30.199 -0.004
-46.698 -30.200 -0.005
-46.388 -30.202 -0.005
-46.056 -30.203 -0.005
-45.745 -30.205 -0.005
-45.424 -30.206 -0.005
-45.090 -30.207 -0.005
-44.779 -30.209 -0.005
-44.445 -30.210 -0.005
-44.133 -30.212 -0.005
-43.798 -30.213 -0.005
-43.486 -30.215 -0.005
-43.150 -30.216 -0.005
-42.837 -30.218 -0.005
-42.501 -30.219 -0.005
-42.187 -30.221 -0.005
-41.851 -30.222 -0.005
-41.537 -30.224 -0.005
-41.201 -30.225 -0.005
-40.885 -30.227 -0.005
-40.549 -30.228 -0.005
-40.232 -30.230 -0.005
-39.896 -30.231 -0.005
-39.579 -30.233 -0.005
-39.252 -30.234 -0.005
-38.914 -30.235 -0.005
-38.597 -30.237 -0.005
-38.259 -30.238 -0.005
-37.941 -30.240 -0.005
-37.603 -30.241 -0.005
-37.285 -30.243 -0.005
-36.946 -30.244 -0.005
-36.628 -30.246 -0.005
-36.289 -30.247 -0.005
-35.960 -30.249 -0.005
-35.641 -30.251 -0.005
-35.302 -30.252 -0.005
-34.983 -30.254 -0.005
-34.643 -30.255 -0.005
-34.323 -30.257 -0.005
-33.984 -30.258 -0.005
-33.664 -30.260 -0.005
-33.324 -30.261 -0.005
-33.004 -30.263 -0.005
-32.664 -30.264 -0.005
-32.343 -30.266 -0.005
-32.003 -30.267 -0.005
-31.682 -30.269 -0.005
-31.342 -30.270 -0.005
-31.021 -30.272 -0.005
-30.680 -30.273 -0.005
-30.359 -30.275 -0.005
-30.018 -30.276 -0.005
-29.687 -30.278 -0.005
-29.366 -30.280 -0.005
-29.025 -30.281 -0.005
-28.704 -30.283 -0.005
-28.362 -30.284 -0.005
-28.041 -30.286 -0.005
-27.699 -30.287 -0.005
-27.378 -30.289 -0.005
-27.036 -30.290 -0.005
-26.704 -30.292 -0.005
-26.383 -30.294 -0.005
-26.041 -30.295 -0.005
-25.719 -30.297 -0.005
-25.377 -30.298 -0.005
-25.045 -30.300 -0.005
-24.723 -30.302 -0.005
-24.381 -30.303 -0.005
-24.059 -30.305 -0.005
-23.717 -30.306 -0.005
-23.385 -30.308 -0.005
-23.063 -30.310 -0.005
-22.720 -30.311 -0.005
-22.398 -30.313 -0.005
-22.056 -30.314 -0.005
-21.723 -30.316 -0.005
-21.401 -30.318 -0.005
-21.059 -30.319 -0.005
-20.726 -30.321 -0.005
-20.404 -30.323 -0.005
-20.061 -30.324 -0.005
-19.738 -30.326 -0.005
-19.396 -30.327 -0.005
-19.063 -30.329 -0.005
-18.741 -30.331 -0.005
-18.398 -30.332 -0.005
-18.065 -30.334 -0.005
-17.743 -30.336 -0.005
-17.400 -30.337 -0.005
-17.067 -30.339 -0.005
-16.734 -30.341 -0.005
-16.412 -30.343 -0.005
-16.069 -30.344 -0.005
-15.736 -30.346 -0.005
-15.413 -30.348 -0.005
-15.070 -30.349 -0.005
-14.737 -30.351 -0.005
-14.415 -30.353 -0.005
-14.072 -30.354 -0.005
-13.739 -30.356 -0.005
-13.406 -30.358 -0.005
-13.083 -30.360 -0.005
-12.740 -30.361 -0.005
-12.407 -30.363 -0.005
-12.074 -30.365 -0.005
-11.750 -30.367 -0.005
-11.407 -30.368 -0.005
-11.074 -30.370 -0.005
-10.741 -30.372 -0.005
-10.419 -30.374 -0.005
-10.074 -30.375 -0.005
-9.741 -30.377 -0.005
-9.408 -30.379 -0.005
-9.084 -30.381 -0.005
-8.741 -30.382 -0.005
-8.408 -30.384 -0.005
-8.074 -30.386 -0.005
-7.741 -30.388 -0.005
-7.407 -30.390 -0.005
-7.085 -30.392 -0.005
-6.740 -30.393 -0.005
-6.407 -30.395 -0.005
-6.073 -30.397 -0.005
-5.740 -30.399 -0.006
-5.417 -30.401 -0.006
-5.072 -30.402 -0.006
-4.739 -30.404 -0.006
-4.405 -30.406 -0.006
-4.071 -30.408 -0.006
-3.738 -30.410 -0.006
-3.404 -30.412 -0.006
-3.081 -30.414 -0.006
-2.736 -30.415 -0.006
-2.402 -30.417 -0.006
-2.069 -30.419 -0.006
-1.735 -30.421 -0.006
-1.401 -30.423 -0.006
-1.067 -30.425 -0.006
-0.733 -30.427 -0.006
-0.399 -30.429 -0.006
-0.066 -30.431 -0.006
0.257 -30.433 -0.006
0.602 -30.434 -0.006
0.936 -30.436 -0.006
1.270 -30.438 -0.006
1.604 -30.440 -0.006
1.938 -30.442 -0.006
2.272 -30.444 -0.006
2.606 -30.446 -0.006
2.940 -30.448 -0.006
3.274 -30.450 -0.006
3.608 -30.452 -0.006
3.942 -30.454 -0.006
4.276 -30.456 -0.006
4.610 -30.458 -0.006
4.944 -30.460 -0.006
5.278 -30.462 -0.006
5.612 -30.464 -0.006
5.947 -30.466 -0.006
6.281 -30.468 -0.006
6.615 -30.470 -0.006
6.949 -30.472 -0.006
7.283 -30.474 -0.006
7.617 -30.476 -0.006
7.951 -30.478 -0.006
8.285 -30.480 -0.006
8.619 -30.482 -0.006
8.954 -30.484 -0.006
9.288 -30.486 -0.006
9.622 -30.488 -0.006
9.956 -30.490 -0.006
10.290 -30.492 -0.006
10.624 -30.494 -0.006
10.959 -30.496 -0.006
11.293 -30.498 -0.006
11.637 -30.500 -0.006
11.961 -30.503 -0.006
12.295 -30.505 -0.006
12.629 -30.507 -0.006
12.964 -30.509 -0.006
13.298 -30.511 -0.006
13.632 -30.513 -0.006
13.966 -30.515 -0.006
14.300 -30.517 -0.006
14.635 -30.519 -0.006
14.979 -30.521 -0.006
15.303 -30.524 -0.006
15.637 -30.526 -0.006
15.971 -30.528 -0.006
16.305 -30.530 -0.006
16.639 -30.532 -0.006
16.973 -30.534 -0.006
17.318 -30.536 -0.006
17.642 -30.539 -0.006
17.976 -30.541 -0.007
18.310 -30.543 -0.007
18.644 -30.545 -0.007
18.988 -30.547 -0.007
19.312 -30.550 -0.007
19.646 -30.552 -0.007
19.980 -30.554 -0.007
20.313 -30.556 -0.007
20.657 -30.558 -0.007
20.981 -30.561 -0.007
21.315 -30.563 -0.007
21.649 -30.565 -0.007
21.983 -30.567 -0.007
22.327 -30.569 -0.007
22.651 -30.572 -0.007
22.984 -30.574 -0.007
23.318 -30.576 -0.007
23.662 -30.578 -0.007
23.986 -30.581 -0.007
24.319 -30.583 -0.007
24.663 -30.585 -0.007
24.987 -30.588 -0.007
25.321 -30.590 -0.007
25.654 -30.592 -0.007
25.998 -30.594 -0.007
26.322 -30.597 -0.007
26.655 -30.599 -0.007
27.000 -30.601 -0.007
27.322 -30.604 -0.007
27.656 -30.606 -0.007
28.001 -30.608 -0.007
28.323 -30.611 -0.007
28.657 -30.613 -0.007
29.000 -30.615 -0.007
29.324 -30.618 -0.007
29.658 -30.620 -0.007
30.001 -30.622 -0.007
30.325 -30.625 -0.007
30.658 -30.627 -0.007
31.003 -30.629 -0.007
31.325 -30.632 -0.007
31.670 -30.634 -0.007
31.992 -30.637 -0.007
32.326 -30.639 -0.007
32.669 -30.641 -0.007
32.993 -30.644 -0.007
33.336 -30.646 -0.007
33.660 -30.649 -0.007
34.003 -30.651 -0.007
34.327 -30.654 -0.007
34.660 -30.656 -0.007
35.005 -30.658 -0.007
35.327 -30.661 -0.007
35.670 -30.663 -0.007
35.994 -30.666 -0.007
36.337 -30.668 -0.007
36.661 -30.671 -0.007
37.004 -30.673 -0.007
37.328 -30.676 -0.007
37.672 -30.678 -0.007
37.994 -30.681 -0.008
38.339 -30.683 -0.008
38.661 -30.686 -0.008
39.006 -30.688 -0.008
39.328 -30.691 -0.008
39.671 -30.693 -0.008
39.995 -30.696 -0.008
40.338 -30.698 -0.008
40.662 -30.701 -0.008
41.006 -30.703 -0.008
41.338 -30.706 -0.008
41.662 -30.709 -0.008
42.005 -30.711 -0.008
42.329 -30.714 -0.008
42.673 -30.716 -0.008
42.995 -30.719 -0.008
43.340 -30.721 -0.008
43.673 -30.724 -0.008
43.995 -30.727 -0.008
44.340 -30.729 -0.008
44.673 -30.732 -0.008
44.995 -30.735 -0.008
45.340 -30.737 -0.008
45.662 -30.740 -0.008
46.007 -30.742 -0.008
46.340 -30.745 -0.008
46.662 -30.748 -0.008
47.007 -30.750 -0.008
47.340 -30.753 -0.008
47.662 -30.756 -0.008
48.007 -30.758 -0.008
48.340 -30.761 -0.008
48.672 -30.764 -0.008
48.996 -30.767 -0.008
49.340 -30.769 -0.008
49.672 -30.772 -0.008
49.996 -30.775 -0.008
50.340 -30.777 -0.008
50.672 -30.780 -0.008
51.007 -30.783 -0.008
51.329 -30.786 -0.008
51.672 -30.788 -0.008
52.007 -30.791 -0.008
52.340 -30.794 -0.008
52.672 -30.797 -0.008
52.996 -30.800 -0.008
53.340 -30.802 -0.008
53.672 -30.805 -0.008
54.007 -30.808 -0.008
54.340 -30.811 -0.008
54.662 -30.814 -0.008
55.007 -30.816 -0.009
55.340 -30.819 -0.009
55.672 -30.822 -0.009
56.007 -30.825 -0.009
56.340 -30.828 -0.009
56.662 -30.831 -0.009
57.007 -30.833 -0.009
57.340 -30.836 -0.009
57.672 -30.839 -0.009
58.007 -30.842 -0.009
58.340 -30.845 -0.009
58.672 -30.848 -0.009
59.007 -30.851 -0.009
59.340 -30.854 -0.009
59.672 -30.857 -0.009
60.007 -30.860 -0.009
60.329 -30.863 -0.009
60.672 -30.865 -0.009
61.007 -30.868 -0.009
61.339 -30.871 -0.009
61.674 -30.874 -0.009
62.007 -30.877 -0.009
62.339 -30.880 -0.009
62.674 -30.883 -0.009
63.006 -30.886 -0.009
63.341 -30.889 -0.009
63.673 -30.892 -0.009
64.008 -30.895 -0.009
64.340 -30.898 -0.009
64.675 -30.901 -0.009
65.007 -30.904 -0.009
65.342 -30.907 -0.009
65.685 -30.910 -0.009
66.008 -30.914 -0.009
66.339 -30.917 -0.009
66.671 -30.920 -0.009
67.002 -30.923 -0.009
67.335 -30.926 -0.009
67.667 -30.929 -0.009
68.001 -30.932 -0.009
68.336 -30.935 -0.009
68.671 -30.938 -0.009
69.018 -30.941 -0.009
69.344 -30.945 -0.009
69.684 -30.948 -0.009
70.025 -30.951 -0.009
70.376 -30.954 -0.009
70.705 -30.958 -0.009
71.038 -30.961 -0.009
71.366 -30.964 -0.009
71.691 -30.967 -0.009
72.016 -30.970 -0.009
72.342 -30.973 -0.010
72.669 -30.976 -0.010
73.009 -30.979 -0.010
73.327 -30.983 -0.010
73.657 -30.986 -0.010
73.986 -30.989 -0.010
74.316 -30.992 -0.010
74.644 -30.995 -0.010
74.983 -30.998 -0.010
75.299 -31.002 -0.010
75.626 -31.005 -0.010
75.952 -31.008 -0.010
76.278 -31.011 -0.010
76.614 -31.014 -0.010
76.929 -31.018 -0.010
77.254 -31.021 -0.010
77.580 -31.024 -0.010
77.906 -31.027 -0.010
78.243 -31.030 -0.010
78.557 -31.034 -0.010
78.883 -31.037 -0.010
79.209 -31.040 -0.010
79.546 -31.043 -0.010
79.861 -31.047 -0.010
80.187 -31.050 -0.010
80.524 -31.053 -0.010
80.840 -31.057 -0.010
81.166 -31.060 -0.010
81.503 -31.063 -0.010
81.819 -31.067 -0.010
82.145 -31.070 -0.010
82.483 -31.073 -0.010
82.799 -31.077 -0.010
83.126 -31.080 -0.010
83.464 -31.083 -0.010
83.780 -31.087 -0.010
84.118 -31.090 -0.010
84.435 -31.094 -0.010
84.762 -31.097 -0.010
85.101 -31.100 -0.010
85.418 -31.104 -0.010
85.757 -31.107 -0.011
86.074 -31.111 -0.011
86.413 -31.114 -0.011
86.731 -31.118 -0.011
87.071 -31.121 -0.011
87.388 -31.125 -0.011
87.728 -31.128 -0.011
88.046 -31.132 -0.011
88.385 -31.135 -0.011
88.705 -31.139 -0.011
89.045 -31.142 -0.011
89.363 -31.146 -0.011
89.703 -31.149 -0.011
90.023 -31.153 -0.011
90.363 -31.156 -0.011
90.693 -31.160 -0.011
91.013 -31.164 -0.011
91.353 -31.167 -0.011
91.673 -31.171 -0.011
92.014 -31.174 -0.011
92.334 -31.178 -0.011
92.675 -31.181 -0.011
93.005 -31.185 -0.011
93.326 -31.189 -0.011
93.667 -31.192 -0.011
93.998 -31.196 -0.011
94.319 -31.200 -0.011
94.660 -31.203 -0.011
94.991 -31.207 -0.011
95.313 -31.211 -0.011
95.654 -31.214 -0.011
95.985 -31.218 -0.011
96.307 -31.222 -0.011
96.648 -31.225 -0.011
96.980 -31.229 -0.011
97.312 -31.233 -0.011
97.633 -31.237 -0.011
97.975 -31.240 -0.011
98.307 -31.244 -0.011
98.639 -31.248 -0.011
98.961 -31.252 -0.011
99.303 -31.255 -0.011
99.635 -31.259 -0.011
99.967 -31.263 -0.011
100.289 -31.267 -0.011
100.631 -31.270 -0.011
100.964 -31.274 -0.011
101.296 -31.278 -0.011
101.628 -31.282 -0.011
101.950 -31.286 -0.012
102.293 -31.289 -0.012
102.625 -31.293 -0.012
102.958 -31.297 -0.012
103.290 -31.301 -0.012
103.623 -31.305 -0.012
103.955 -31.309 -0.012
104.278 -31.313 -0.012
104.620 -31.316 -0.012
104.953 -31.320 -0.012
105.286 -31.324 -0.012
105.618 -31.328 -0.012
105.951 -31.332 -0.012
106.284 -31.336 -0.012
106.617 -31.340 -0.012
106.949 -31.344 -0.012
107.281 -31.348 -0.012
107.602 -31.352 -0.012
107.942 -31.355 -0.012
108.273 -31.359 -0.012
108.605 -31.363 -0.012
108.938 -31.367 -0.012
109.272 -31.371 -0.012
109.607 -31.375 -0.012
109.942 -31.379 -0.012
110.289 -31.383 -0.012
110.615 -31.388 -0.012
110.954 -31.392 -0.012
111.296 -31.396 -0.012
111.637 -31.400 -0.012
111.977 -31.404 -0.012
112.313 -31.408 -0.012
112.645 -31.412 -0.012
112.975 -31.416 -0.012
113.305 -31.420 -0.012
113.636 -31.424 -0.012
113.979 -31.428 -0.012
114.301 -31.433 -0.012
114.635 -31.437 -0.012
114.970 -31.441 -0.012
115.305 -31.445 -0.012
115.640 -31.449 -0.012
115.974 -31.453 -0.012
116.309 -31.457 -0.012
116.654 -31.461 -0.012
116.976 -31.466 -0.012
117.309 -31.470 -0.013
117.642 -31.474 -0.013
117.975 -31.478 -0.013
118.308 -31.482 -0.013
118.652 -31.486 -0.013
118.974 -31.491 -0.013
119.307 -31.495 -0.013
119.641 -31.499 -0.013
119.984 -31.503 -0.013
120.308 -31.508 -0.013
120.641 -31.512 -0.013
120.975 -31.516 -0.013
121.308 -31.520 -0.013
121.652 -31.524 -0.013
121.976 -31.529 -0.013
122.309 -31.533 -0.013
122.654 -31.537 -0.013
122.976 -31.542 -0.013
123.309 -31.546 -0.013
123.654 -31.550 -0.013
123.976 -31.555 -0.013
124.310 -31.559 -0.013
124.644 -31.563 -0.013
124.987 -31.567 -0.013
125.311 -31.572 -0.013
125.654 -31.576 -0.013
125.978 -31.581 -0.013
126.311 -31.585 -0.013
126.656 -31.589 -0.013
126.978 -31.594 -0.013
127.312 -31.598 -0.013
127.657 -31.602 -0.013
127.979 -31.607 -0.013
128.324 -31.611 -0.013
128.646 -31.616 -0.013
128.990 -31.620 -0.013
129.314 -31.625 -0.013
129.647 -31.629 -0.013
129.992 -31.633 -0.013
130.314 -31.638 -0.013
130.659 -31.642 -0.013
130.981 -31.647 -0.013
131.325 -31.651 -0.013
131.649 -31.656 -0.013
131.992 -31.660 -0.014
132.316 -31.665 -0.014
132.659 -31.669 -0.014
132.983 -31.674 -0.014
133.328 -31.678 -0.014
133.650 -31.683 -0.014
133.995 -31.687 -0.014
134.327 -31.692 -0.014
134.651 -31.697 -0.014
134.996 -31.701 -0.014
135.318 -31.706 -0.014
135.663 -31.710 -0.014
135.995 -31.715 -0.014
136.319 -31.720 -0.014
136.664 -31.724 -0.014
136.986 -31.729 -0.014
137.331 -31.733 -0.014
137.663 -31.738 -0.014
137.987 -31.743 -0.014
138.332 -31.747 -0.014
138.664 -31.752 -0.014
138.988 -31.757 -0.014
139.331 -31.761 -0.014
139.665 -31.766 -0.014
139.989 -31.771 -0.014
140.332 -31.775 -0.014
140.666 -31.780 -0.014
140.990 -31.785 -0.014
141.333 -31.789 -0.014
141.667 -31.794 -0.014
142.002 -31.799 -0.014
142.324 -31.804 -0.014
142.668 -31.808 -0.014
143.002 -31.813 -0.014
143.336 -31.818 -0.014
143.660 -31.823 -0.014
144.004 -31.827 -0.014
144.338 -31.832 -0.014
144.672 -31.837 -0.014
145.006 -31.842 -0.014
145.330 -31.847 -0.014
145.674 -31.851 -0.014
146.008 -31.856 -0.014
146.342 -31.861 -0.014
146.676 -31.866 -0.014
147.011 -31.871 -0.015
147.335 -31.876 -0.015
147.679 -31.880 -0.015
148.013 -31.885 -0.015
148.348 -31.890 -0.015
148.682 -31.895 -0.015
149.017 -31.900 -0.015
149.351 -31.905 -0.015
149.685 -31.910 -0.015
150.020 -31.915 -0.015
150.354 -31.920 -0.015
150.679 -31.925 -0.015
151.023 -31.929 -0.015
151.358 -31.934 -0.015
151.693 -31.939 -0.015
152.027 -31.944 -0.015
152.362 -31.949 -0.015
152.696 -31.954 -0.015
153.031 -31.959 -0.015
153.365 -31.964 -0.015
153.699 -31.969 -0.015
154.034 -31.974 -0.015
154.368 -31.979 -0.015
154.702 -31.984 -0.015
155.036 -31.989 -0.015
155.371 -31.994 -0.015
155.703 -31.999 -0.015
156.037 -32.004 -0.015
156.372 -32.009 -0.015
156.704 -32.014 -0.015
157.039 -32.019 -0.015
157.371 -32.024 -0.015
157.706 -32.029 -0.015
158.039 -32.034 -0.015
158.371 -32.039 -0.015
158.716 -32.045 -0.015
159.039 -32.050 -0.015
159.371 -32.055 -0.015
159.706 -32.060 -0.015
160.039 -32.065 -0.015
160.372 -32.070 -0.015
160.704 -32.075 -0.015
161.039 -32.080 -0.015
161.372 -32.085 -0.015
161.705 -32.090 -0.015
162.048 -32.096 -0.015
162.372 -32.101 -0.015
162.705 -32.106 -0.015
163.038 -32.111 -0.015
163.370 -32.116 -0.015
163.705 -32.121 -0.015
164.038 -32.126 -0.015
164.381 -32.132 -0.015
164.703 -32.137 -0.015
165.038 -32.142 -0.016
165.371 -32.147 -0.016
165.704 -32.152 -0.016
166.036 -32.157 -0.016
166.381 -32.163 -0.016
166.704 -32.168 -0.016
167.036 -32.173 -0.016
167.371 -32.178 -0.016
167.704 -32.183 -0.016
168.047 -32.189 -0.016
168.371 -32.194 -0.016
168.703 -32.199 -0.016
169.038 -32.204 -0.016
169.371 -32.209 -0.016
169.714 -32.215 -0.016
170.038 -32.220 -0.016
170.371 -32.225 -0.016
170.703 -32.230 -0.016
171.048 -32.236 -0.016
171.370 -32.241 -0.016
171.705 -32.246 -0.016
172.048 -32.252 -0.016
172.370 -32.257 -0.016
172.705 -32.262 -0.016
173.037 -32.267 -0.016
173.382 -32.273 -0.016
173.705 -32.278 -0.016
174.037 -32.283 -0.016
174.372 -32.288 -0.016
174.715 -32.294 -0.016
175.039 -32.299 -0.016
175.372 -32.304 -0.016
175.715 -32.310 -0.016
176.039 -32.315 -0.016
176.372 -32.320 -0.016
176.715 -32.326 -0.016
177.039 -32.331 -0.016
177.371 -32.336 -0.016
177.716 -32.342 -0.016
178.039 -32.347 -0.016
178.371 -32.352 -0.016
178.716 -32.358 -0.016
179.039 -32.363 -0.016
179.371 -32.368 -0.016
179.716 -32.374 -0.016
180.039 -32.379 -0.016
180.371 -32.384 -0.016
180.716 -32.390 -0.016
181.039 -32.395 -0.016
181.371 -32.400 -0.016
181.716 -32.406 -0.016
182.039 -32.411 -0.016
182.371 -32.416 -0.016
182.716 -32.422 -0.016
183.039 -32.427 -0.016
183.382 -32.433 -0.016
183.706 -32.438 -0.016
184.039 -32.443 -0.016
184.382 -32.449 -0.016
184.706 -32.454 -0.016
185.039 -32.459 -0.016
185.382 -32.465 -0.016
185.706 -32.470 -0.016
186.049 -32.476 -0.016
186.371 -32.481 -0.016
186.706 -32.486 -0.016
187.049 -32.492 -0.016
187.371 -32.497 -0.016
187.716 -32.503 -0.016
188.039 -32.508 -0.016
188.372 -32.513 -0.016
188.715 -32.519 -0.016
189.039 -32.524 -0.016
189.382 -32.530 -0.016
189.704 -32.535 -0.016
190.039 -32.540 -0.016
190.382 -32.546 -0.016
190.704 -32.551 -0.016
191.049 -32.557 -0.016
191.372 -32.562 -0.016
191.705 -32.567 -0.016
192.048 -32.573 -0.016
192.372 -32.578 -0.016
192.715 -32.584 -0.016
193.037 -32.589 -0.016
193.382 -32.595 -0.016
193.705 -32.600 -0.016
194.038 -32.605 -0.016
194.381 -32.611 -0.016
194.705 -32.616 -0.016
195.048 -32.622 -0.016
195.371 -32.627 -0.016
195.703 -32.632 -0.016
196.048 -32.638 -0.016
196.371 -32.643 -0.016
196.714 -32.649 -0.016
197.036 -32.654 -0.016
197.381 -32.660 -0.016
197.704 -32.665 -0.016
198.037 -32.670 -0.016
198.380 -32.676 -0.016
198.704 -32.681 -0.016
199.047 -32.687 -0.016
199.370 -32.692 -0.016
199.713 -32.698 -0.016
200.037 -32.703 -0.016
200.370 -32.708 -0.016
200.713 -32.714 -0.016
201.036 -32.719 -0.016
201.379 -32.725 -0.016
201.703 -32.730 -0.016
202.046 -32.736 -0.016
202.369 -32.741 -0.016
202.712 -32.747 -0.016
203.036 -32.752 -0.016
203.369 -32.757 -0.016
203.712 -32.763 -0.016
204.035 -32.768 -0.016
204.378 -32.774 -0.016
204.702 -32.779 -0.016
205.045 -32.785 -0.016
205.368 -32.790 -0.016
205.701 -32.795 -0.016
206.044 -32.801 -0.016
206.368 -32.806 -0.016
206.711 -32.812 -0.016
207.034 -32.817 -0.016
207.377 -32.823 -0.016
207.700 -32.828 -0.016
208.032 -32.833 -0.016
208.377 -32.839 -0.016
208.700 -32.844 -0.016
209.043 -32.850 -0.016
209.366 -32.855 -0.016
209.709 -32.861 -0.016
210.031 -32.866 -0.016
210.366 -32.871 -0.016
210.709 -32.877 -0.016
211.032 -32.882 -0.016
211.375 -32.888 -0.016
211.698 -32.893 -0.016
212.041 -32.899 -0.016
212.364 -32.904 -0.016
212.697 -32.909 -0.016
213.040 -32.915 -0.016
213.363 -32.920 -0.016
213.706 -32.926 -0.016
214.029 -32.931 -0.016
214.362 -32.936 -0.016
214.705 -32.942 -0.016
215.028 -32.947 -0.016
215.371 -32.953 -0.016
215.694 -32.958 -0.016
216.037 -32.964 -0.016
216.359 -32.969 -0.016
216.692 -32.974 -0.016
217.035 -32.980 -0.016
217.358 -32.985 -0.016
217.701 -32.991 -0.016
218.024 -32.996 -0.016
218.357 -33.001 -0.016
218.699 -33.007 -0.016
219.022 -33.012 -0.016
219.365 -33.018 -0.016
219.688 -33.023 -0.016
220.021 -33.028 -0.016
220.363 -33.034 -0.016
220.686 -33.039 -0.016
221.029 -33.045 -0.016
221.352 -33.050 -0.016
221.684 -33.055 -0.016
222.027 -33.061 -0.016
222.350 -33.066 -0.016
222.693 -33.072 -0.016
223.015 -33.077 -0.016
223.348 -33.082 -0.016
223.691 -33.088 -0.016
224.014 -33.093 -0.016
224.356 -33.099 -0.016
224.679 -33.104 -0.016
225.012 -33.109 -0.016
225.354 -33.115 -0.016
225.677 -33.120 -0.016
226.020 -33.126 -0.016
226.343 -33.131 -0.016
226.675 -33.136 -0.016
227.018 -33.142 -0.016
227.341 -33.147 -0.016
227.683 -33.153 -0.016
228.006 -33.158 -0.016
228.339 -33.163 -0.016
228.681 -33.169 -0.016
229.004 -33.174 -0.016
229.347 -33.180 -0.016
229.670 -33.185 -0.016
230.002 -33.190 -0.016
230.345 -33.196 -0.016
230.668 -33.201 -0.016
231.010 -33.207 -0.016
231.333 -33.212 -0.016
231.666 -33.217 -0.016
232.008 -33.223 -0.016
232.331 -33.228 -0.016
232.664 -33.233 -0.016
233.006 -33.239 -0.016
233.329 -33.244 -0.016
233.672 -33.250 -0.016
233.995 -33.255 -0.016
234.327 -33.260 -0.016
234.670 -33.266 -0.016
234.993 -33.271 -0.016
235.335 -33.277 -0.016
235.658 -33.282 -0.016
235.991 -33.287 -0.016
236.333 -33.293 -0.016
236.656 -33.298 -0.016
236.999 -33.304 -0.016
237.321 -33.309 -0.016
237.664 -33.315 -0.016
237.987 -33.320 -0.016
238.319 -33.325 -0.016
238.662 -33.331 -0.016
238.985 -33.336 -0.016
239.328 -33.342 -0.016
239.650 -33.347 -0.016
239.983 -33.352 -0.016
240.326 -33.358 -0.016
240.648 -33.363 -0.016
240.991 -33.369 -0.016
241.314 -33.374 -0.016
241.656 -33.380 -0.016
241.979 -33.385 -0.016
242.312 -33.390 -0.016
242.654 -33.396 -0.016
242.977 -33.401 -0.016
243.320 -33.407 -0.016
243.643 -33.412 -0.016
243.985 -33.418 -0.016
244.308 -33.423 -0.016
244.641 -33.428 -0.016
244.983 -33.434 -0.016
245.306 -33.439 -0.016
245.649 -33.445 -0.016
245.971 -33.450 -0.016
246.314 -33.456 -0.016
246.637 -33.461 -0.016
246.979 -33.467 -0.016
247.302 -33.472 -0.016
247.645 -33.478 -0.016
247.967 -33.483 -0.016
248.310 -33.489 -0.016
248.633 -33.494 -0.016
248.976 -33.500 -0.017
249.298 -33.505 -0.017
249.641 -33.511 -0.017
249.964 -33.516 -0.017
250.306 -33.522 -0.017
250.629 -33.527 -0.017
250.972 -33.533 -0.017
251.294 -33.538 -0.017
251.637 -33.544 -0.017
251.960 -33.549 -0.017
252.302 -33.555 -0.017
252.625 -33.560 -0.017
252.968 -33.566 -0.017
253.290 -33.571 -0.017
253.633 -33.577 -0.017
253.955 -33.582 -0.017
254.298 -33.588 -0.017
254.631 -33.594 -0.017
254.953 -33.599 -0.017
255.296 -33.605 -0.017
255.618 -33.610 -0.017
255.961 -33.616 -0.017
256.283 -33.621 -0.017
256.626 -33.627 -0.017
256.958 -33.633 -0.017
257.281 -33.638 -0.017
257.623 -33.644 -0.017
257.946 -33.649 -0.017
258.288 -33.655 -0.017
258.620 -33.661 -0.017
258.943 -33.666 -0.017
259.285 -33.672 -0.017
259.618 -33.678 -0.017
259.940 -33.683 -0.017
260.282 -33.689 -0.017
260.615 -33.695 -0.017
260.937 -33.700 -0.017
261.279 -33.706 -0.017
261.612 -33.712 -0.017
261.934 -33.717 -0.017
262.276 -33.723 -0.017
262.609 -33.729 -0.017
262.941 -33.735 -0.017
263.263 -33.740 -0.017
263.606 -33.746 -0.017
263.938 -33.752 -0.017
264.270 -33.758 -0.017
264.593 -33.763 -0.017
264.935 -33.769 -0.017
265.267 -33.775 -0.017
265.600 -33.781 -0.017
265.932 -33.787 -0.017
266.254 -33.792 -0.018
266.597 -33.798 -0.018
266.929 -33.804 -0.018
267.261 -33.810 -0.018
267.594 -33.816 -0.018
267.926 -33.822 -0.018
268.248 -33.827 -0.018
268.590 -33.833 -0.018
268.923 -33.839 -0.018
269.255 -33.845 -0.018
269.587 -33.851 -0.018
269.920 -33.857 -0.018
270.252 -33.863 -0.018
270.584 -33.869 -0.018
270.917 -33.875 -0.018
271.249 -33.881 -0.018
271.581 -33.887 -0.018
271.913 -33.893 -0.018
272.246 -33.899 -0.018
272.578 -33.905 -0.018
272.910 -33.911 -0.018
273.243 -33.917 -0.018
273.575 -33.923 -0.018
273.907 -33.929 -0.018
274.240 -33.935 -0.018
274.572 -33.941 -0.018
274.904 -33.947 -0.018
275.237 -33.953 -0.018
275.569 -33.959 -0.018
275.901 -33.965 -0.018
276.245 -33.971 -0.018
276.566 -33.978 -0.019
276.898 -33.984 -0.019
277.231 -33.990 -0.019
277.563 -33.996 -0.019
277.895 -34.002 -0.019
278.239 -34.008 -0.019
278.560 -34.015 -0.019
278.893 -34.021 -0.019
279.225 -34.027 -0.019
279.568 -34.033 -0.019
279.890 -34.040 -0.019
280.222 -34.046 -0.019
280.565 -34.052 -0.019
280.887 -34.059 -0.019
281.219 -34.065 -0.019
281.562 -34.071 -0.019
281.884 -34.078 -0.019
282.216 -34.084 -0.019
282.560 -34.090 -0.019
282.881 -34.097 -0.019
283.224 -34.103 -0.019
283.546 -34.110 -0.019
283.889 -34.116 -0.019
284.211 -34.123 -0.020
284.554 -34.129 -0.020
284.875 -34.136 -0.020
285.219 -34.142 -0.020
285.540 -34.149 -0.020
285.884 -34.155 -0.020
286.205 -34.162 -0.020
286.548 -34.168 -0.020
286.881 -34.175 -0.020
287.202 -34.182 -0.020
287.546 -34.188 -0.020
287.878 -34.195 -0.020
288.199 -34.202 -0.020
288.543 -34.208 -0.020
288.875 -34.215 -0.020
289.197 -34.222 -0.020
289.540 -34.228 -0.020
289.873 -34.235 -0.020
290.205 -34.242 -0.021
290.537 -34.249 -0.021
290.870 -34.256 -0.021
291.191 -34.263 -0.021
291.535 -34.269 -0.021
291.867 -34.276 -0.021
292.200 -34.283 -0.021
292.532 -34.290 -0.021
292.865 -34.297 -0.021
293.197 -34.304 -0.021
293.529 -34.311 -0.021
293.862 -34.318 -0.021
294.194 -34.325 -0.021
294.527 -34.332 -0.021
294.869 -34.339 -0.021
295.192 -34.347 -0.022
295.524 -34.354 -0.022
295.857 -34.361 -0.022
296.189 -34.368 -0.022
296.532 -34.375 -0.022
296.854 -34.383 -0.022
297.187 -34.390 -0.022
297.519 -34.397 -0.022
297.861 -34.404 -0.022
298.184 -34.412 -0.022
298.526 -34.419 -0.022
298.849 -34.427 -0.022
299.181 -34.434 -0.022
299.524 -34.441 -0.023
299.846 -34.449 -0.023
300.189 -34.456 -0.023
300.521 -34.464 -0.023
300.844 -34.472 -0.023
301.186 -34.479 -0.023
301.509 -34.487 -0.023
301.851 -34.494 -0.023
302.184 -34.502 -0.023
302.506 -34.510 -0.023
302.849 -34.517 -0.023
303.181 -34.525 -0.023
303.514 -34.533 -0.023
303.847 -34.541 -0.024
304.169 -34.549 -0.024
304.512 -34.556 -0.024
304.844 -34.564 -0.024
305.177 -34.572 -0.024
305.509 -34.580 -0.024
305.842 -34.588 -0.024
306.174 -34.596 -0.024
306.507 -34.604 -0.024
306.839 -34.612 -0.024
307.172 -34.620 -0.024
307.504 -34.628 -0.024
307.848 -34.636 -0.025
308.169 -34.645 -0.025
308.502 -34.653 -0.025
308.834 -34.661 -0.025
309.167 -34.669 -0.025
309.510 -34.677 -0.025
309.832 -34.686 -0.025
310.164 -34.694 -0.025
310.508 -34.702 -0.025
310.829 -34.711 -0.025
311.162 -34.719 -0.025
311.505 -34.727 -0.025
311.827 -34.736 -0.025
312.170 -34.744 -0.025
312.492 -34.753 -0.026
312.836 -34.761 -0.026
313.157 -34.770 -0.026
313.501 -34.778 -0.026
313.822 -34.787 -0.026
314.166 -34.795 -0.026
314.498 -34.804 -0.026
314.819 -34.813 -0.026
315.163 -34.821 -0.026
315.484 -34.830 -0.026
315.828 -34.838 -0.026
316.160 -34.847 -0.026
316.492 -34.856 -0.026
316.814 -34.865 -0.026
317.157 -34.873 -0.026
317.489 -34.882 -0.026
317.810 -34.891 -0.026
318.153 -34.899 -0.026
318.485 -34.908 -0.026
318.806 -34.917 -0.026
319.149 -34.925 -0.026
319.481 -34.934 -0.026
319.813 -34.943 -0.026
320.134 -34.952 -0.026
320.477 -34.960 -0.026
320.809 -34.969 -0.026
321.129 -34.978 -0.026
321.472 -34.986 -0.026
321.794 -34.995 -0.026
322.135 -35.003 -0.026
322.456 -35.012 -0.026
322.799 -35.020 -0.025
323.119 -35.029 -0.025
323.462 -35.037 -0.025
323.782 -35.046 -0.025
324.114 -35.054 -0.025
324.447 -35.062 -0.025
324.777 -35.070 -0.024
325.120 -35.078 -0.024
325.431 -35.087 -0.024
325.772 -35.094 -0.023
326.104 -35.102 -0.023
326.436 -35.110 -0.023
326.758 -35.118 -0.022
327.090 -35.125 -0.022
327.431 -35.132 -0.022
327.753 -35.140 -0.021
328.085 -35.147 -0.021
328.406 -35.154 -0.020
328.749 -35.160 -0.020
329.070 -35.167 -0.019
329.413 -35.173 -0.018
329.734 -35.180 -0.018
330.056 -35.185 -0.017
330.398 -35.191 -0.016
330.720 -35.196 -0.016
331.053 -35.201 -0.015
331.385 -35.206 -0.014
331.717 -35.211 -0.013
332.038 -35.216 -0.012
332.370 -35.220 -0.011
332.693 -35.224 -0.010
333.035 -35.227 -0.009
333.346 -35.231 -0.008
333.690 -35.233 -0.007
334.011 -35.236 -0.006
334.344 -35.238 -0.005
334.666 -35.240 -0.004
334.999 -35.241 -0.002
335.331 -35.242 -0.001
335.652 -35.243 0.001
335.974 -35.243 0.002
336.306 -35.242 0.004
336.639 -35.241 0.005
336.962 -35.240 0.007
337.283 -35.238 0.008
337.616 -35.235 0.010
337.938 -35.232 0.012
338.271 -35.228 0.014
338.592 -35.224 0.016
338.925 -35.219 0.018
339.237 -35.215 0.020
339.569 -35.208 0.022
339.902 -35.201 0.024
340.214 -35.194 0.026
340.546 -35.185 0.029
340.869 -35.177 0.031
341.190 -35.167 0.033
341.523 -35.156 0.036
341.834 -35.146 0.038
342.167 -35.133 0.041
342.489 -35.120 0.043
342.811 -35.107 0.046
343.133 -35.092 0.049
343.454 -35.077 0.052
343.786 -35.060 0.055
344.098 -35.044 0.058
344.420 -35.025 0.061
344.741 -35.006 0.064
345.063 -34.986 0.067
345.384 -34.964 0.070
345.706 -34.942 0.074
346.026 -34.919 0.077
346.348 -34.895 0.080
346.669 -34.870 0.084
346.980 -34.844 0.087
347.300 -34.816 0.091
347.622 -34.787 0.095
347.942 -34.757 0.098
348.263 -34.726 0.102
348.573 -34.695 0.106
348.894 -34.662 0.110
349.213 -34.627 0.114
349.523 -34.592 0.118
349.843 -34.554 0.122
350.162 -34.516 0.126
350.472 -34.477 0.130
350.791 -34.436 0.134
351.111 -34.393 0.139
351.419 -34.351 0.143
351.738 -34.306 0.147
352.046 -34.261 0.152
352.365 -34.212 0.156
352.673 -34.165 0.161
352.990 -34.113 0.165
353.298 -34.063 0.170
353.616 -34.009 0.175
353.922 -33.956 0.179
354.238 -33.898 0.184
354.545 -33.842 0.189
354.862 -33.782 0.194
355.157 -33.726 0.199
355.483 -33.660 0.203
355.788 -33.598 0.208
356.092 -33.534 0.213
356.397 -33.469 0.218
356.712 -33.399 0.223
357.025 -33.329 0.228
357.319 -33.262 0.233
357.640 -33.185 0.238
357.934 -33.116 0.243
358.247 -33.038 0.249
358.547 -32.963 0.254
358.850 -32.885 0.259
359.159 -32.803 0.264
359.461 -32.723 0.269
359.769 -32.638 0.274
360.070 -32.554 0.280
360.370 -32.469 0.285
360.668 -32.383 0.290
360.974 -32.291 0.295
361.273 -32.201 0.301
361.582 -32.106 0.306
361.868 -32.017 0.311
362.172 -31.919 0.316
362.479 -31.819 0.322
362.773 -31.723 0.327
363.069 -31.623 0.332
363.362 -31.523 0.338
363.666 -31.416 0.343
363.959 -31.313 0.348
364.259 -31.205 0.353
364.543 -31.101 0.359
364.842 -30.989 0.364
365.141 -30.875 0.369
365.432 -30.764 0.375
365.724 -30.650 0.380
366.018 -30.533 0.385
366.308 -30.417 0.391
366.594 -30.300 0.396
366.892 -30.175 0.401
367.178 -30.055 0.406
367.462 -29.934 0.412
367.754 -29.806 0.417
368.041 -29.680 0.422
368.332 -29.550 0.428
368.614 -29.423 0.433
368.898 -29.292 0.438
369.188 -29.157 0.443
369.467 -29.025 0.449
369.755 -28.887 0.454
370.037 -28.750 0.459
370.323 -28.609 0.464
370.600 -28.472 0.470
370.876 -28.333 0.475
371.160 -28.187 0.480
371.446 -28.038 0.485
371.712 -27.900 0.491
372.002 -27.745 0.496
372.274 -27.599 0.501
372.546 -27.451 0.506
372.829 -27.295 0.511
373.095 -27.147 0.517
373.368 -26.992 0.522
373.652 -26.829 0.527
373.912 -26.679 0.532
374.194 -26.513 0.537
374.453 -26.360 0.543
374.738 -26.188 0.548
374.990 -26.036 0.553
375.273 -25.861 0.558
375.524 -25.706 0.564
375.805 -25.528 0.569
376.066 -25.363 0.574
376.327 -25.196 0.579
376.589 -25.025 0.584
376.858 -24.847 0.589
377.116 -24.676 0.595
377.380 -24.498 0.600
377.636 -24.324 0.605
377.903 -24.140 0.610
378.153 -23.967 0.615
378.413 -23.783 0.620
378.672 -23.599 0.625
378.930 -23.413 0.630
379.180 -23.232 0.636
379.429 -23.049 0.641
379.696 -22.850 0.646
379.933 -22.673 0.651
380.193 -22.475 0.655
380.445 -22.282 0.660
380.690 -22.094 0.665
380.934 -21.903 0.670
381.195 -21.696 0.675
381.433 -21.507 0.679
381.687 -21.302 0.684
381.927 -21.108 0.688
382.178 -20.902 0.693
382.412 -20.709 0.697
382.667 -20.495 0.701
382.911 -20.291 0.705
383.147 -20.090 0.709
383.395 -19.878 0.712
383.636 -19.671 0.716
383.881 -19.458 0.719
384.116 -19.253 0.723
384.370 -19.029 0.726
