66.4325
66.6489
66.8654
67.0818
67.2982
67.5147
67.7311
67.9476
68.164
68.3804
68.5969
68.8133
69.0297
69.2462
69.4626
69.6791
69.8955
70.1119
70.3284
70.5448
70.7612
70.9777
71.1941
71.4106
71.627
71.8434
72.0599
72.2763
72.4927
72.7092
72.9256
73.142
73.3585
73.5749
73.7914
74.0078
74.2242
74.4407
74.6571
74.8735
75.09
75.3064
75.5229
75.7393
75.9557
76.1722
76.3886
76.605
76.8215
77.0379
77.2544
77.4708
77.6872
77.9037
78.1201
78.3365
78.553
78.7694
78.9859
79.2023
79.4187
79.6352
79.8516
80.068
80.2845
80.5009
80.7173
80.9338
81.1502
81.4776
