-91.594
-91.9304
-92.2668
-92.6032
-92.9395
-93.2759
-93.6123
-93.9487
-94.2851
-94.6215
-94.9579
-95.2942
-95.6306
-95.967
-96.3034
-96.6398
-96.9762
-97.3125
-97.6489
-97.9853
-98.3217
-98.6581
-98.9945
-99.3309
-99.6672
-100.004
-100.34
-100.676
-101.013
-101.349
-101.686
-102.022
-102.358
-102.695
-103.031
-103.367
-103.704
-104.04
-104.377
-104.713
-105.049
-105.386
-105.722
-106.059
-106.395
-106.731
-107.068
-107.404
-107.74
-108.077
-108.413
-108.75
-109.086
-109.422
-109.759
-110.095
-110.432
-110.768
-111.104
-111.441
-111.777
-112.113
-112.45
-112.786
-113.123
-113.459
-113.795
-114.132
-114.468
-114.977
