1660201473.161145854	-860.740	-129.510	1.575
1660201473.821113289	-860.740	-129.310	1.575
1660201474.001112411	-860.741	-129.088	1.575
1660201474.121095997	-860.742	-128.887	1.575
1660201474.241114997	-860.743	-128.644	1.575
1660201474.331112909	-860.744	-128.408	1.575
1660201474.411121424	-860.745	-128.198	1.575
1660201474.491112952	-860.746	-127.969	1.575
1660201474.581118193	-860.747	-127.721	1.575
1660201474.661134810	-860.748	-127.453	1.574
1660201474.721110316	-860.749	-127.240	1.574
1660201474.781118664	-860.749	-127.016	1.574
1660201474.841115235	-860.750	-126.781	1.574
1660201474.901111199	-860.751	-126.536	1.574
1660201474.951108268	-860.752	-126.279	1.574
1660201475.021115290	-860.753	-126.012	1.574
1660201475.071110104	-860.754	-125.734	1.574
1660201475.131117060	-860.754	-125.445	1.573
1660201475.191111551	-860.755	-125.146	1.573
1660201475.231112470	-860.756	-124.940	1.573
1660201475.271116851	-860.756	-124.729	1.573
1660201475.311113165	-860.757	-124.514	1.573
1660201475.351113081	-860.757	-124.294	1.573
1660201475.391123806	-860.758	-124.069	1.573
1660201475.441112020	-860.758	-123.839	1.573
1660201475.471115909	-860.759	-123.605	1.573
1660201475.511118939	-860.759	-123.366	1.573
1660201475.551120703	-860.760	-123.121	1.573
1660201475.601119421	-860.760	-122.873	1.572
1660201475.641121498	-860.760	-122.619	1.572
1660201475.681111307	-860.761	-122.360	1.572
1660201475.721119837	-860.761	-122.097	1.572
1660201475.761113316	-860.762	-121.829	1.572
1660201475.791140378	-860.762	-121.556	1.572
1660201475.831116227	-860.762	-121.278	1.572
1660201475.871115144	-860.763	-120.996	1.572
1660201475.911367420	-860.763	-120.709	1.572
1660201475.961126965	-860.763	-120.416	1.572
1660201476.001115327	-860.763	-120.120	1.572
1660201476.041114058	-860.764	-119.818	1.572
1660201476.081109804	-860.764	-119.511	1.571
1660201476.121120859	-860.764	-119.200	1.571
1660201476.161108145	-860.764	-118.884	1.571
1660201476.201112412	-860.765	-118.563	1.571
1660201476.241116757	-860.765	-118.238	1.571
1660201476.281117233	-860.765	-117.907	1.571
1660201476.321117446	-860.765	-117.572	1.571
1660201476.361122936	-860.765	-117.232	1.571
1660201476.401112563	-860.765	-116.887	1.571
1660201476.441113891	-860.765	-116.537	1.571
1660201476.481110382	-860.765	-116.183	1.571
1660201476.521086239	-860.765	-115.823	1.571
1660201476.561125621	-860.765	-115.459	1.571
1660201476.601111413	-860.765	-115.091	1.571
1660201476.641116090	-860.765	-114.717	1.571
1660201476.681115101	-860.765	-114.338	1.571
1660201476.721111828	-860.765	-113.955	1.571
1660201476.761110261	-860.765	-113.567	1.571
1660201476.791117930	-860.765	-113.174	1.571
1660201476.841119913	-860.765	-112.777	1.571
1660201476.861140101	-860.765	-112.576	1.571
1660201476.871115262	-860.765	-112.374	1.571
1660201476.901117235	-860.765	-112.171	1.571
1660201476.921114287	-860.765	-111.967	1.571
1660201476.941116107	-860.765	-111.762	1.571
1660201476.961112503	-860.765	-111.555	1.571
1660201476.971111543	-860.765	-111.347	1.571
1660201477.001115566	-860.765	-111.138	1.570
1660201477.011109380	-860.765	-110.928	1.570
1660201477.041116248	-860.765	-110.717	1.570
1660201477.061117496	-860.765	-110.504	1.570
1660201477.071112191	-860.765	-110.290	1.570
1660201477.101116048	-860.765	-110.075	1.570
1660201477.111133029	-860.764	-109.859	1.570
1660201477.131115552	-860.764	-109.642	1.570
1660201477.161113015	-860.764	-109.423	1.570
1660201477.181117954	-860.764	-109.203	1.570
1660201477.201110092	-860.764	-108.982	1.570
1660201477.211110350	-860.764	-108.760	1.570
1660201477.241114898	-860.764	-108.537	1.570
1660201477.251111255	-860.764	-108.312	1.570
1660201477.281128161	-860.764	-108.086	1.570
1660201477.291116561	-860.764	-107.859	1.570
1660201477.321112470	-860.764	-107.631	1.570
1660201477.331123880	-860.764	-107.402	1.570
1660201477.361143391	-860.763	-107.171	1.570
1660201477.381115446	-860.763	-106.939	1.570
1660201477.401101772	-860.763	-106.706	1.570
1660201477.411128195	-860.763	-106.472	1.570
1660201477.441112897	-860.763	-106.237	1.570
1660201477.461121149	-860.763	-106.000	1.570
1660201477.471112886	-860.763	-105.762	1.570
1660201477.501117585	-860.763	-105.523	1.570
1660201477.521116701	-860.763	-105.283	1.570
1660201477.531129183	-860.763	-105.042	1.570
1660201477.561136420	-860.762	-104.799	1.570
1660201477.581110336	-860.762	-104.555	1.570
1660201477.601111196	-860.762	-104.310	1.570
1660201477.611067810	-860.762	-104.064	1.570
1660201477.641091648	-860.762	-103.817	1.570
1660201477.651118035	-860.762	-103.568	1.570
1660201477.681111812	-860.762	-103.318	1.570
1660201477.691113427	-860.762	-103.067	1.570
1660201477.721113233	-860.761	-102.815	1.570
1660201477.731120568	-860.761	-102.562	1.570
1660201477.761112296	-860.761	-102.307	1.570
1660201477.781114872	-860.761	-102.052	1.570
1660201477.801108719	-860.761	-101.795	1.570
1660201477.821110924	-860.761	-101.536	1.570
1660201477.841118498	-860.761	-101.277	1.570
1660201477.861123721	-860.761	-101.016	1.570
1660201477.881111541	-860.761	-100.755	1.570
1660201477.891113854	-860.760	-100.492	1.570
1660201477.921105850	-860.760	-100.227	1.570
1660201477.931116977	-860.760	-99.962	1.570
1660201477.961117424	-860.760	-99.696	1.570
1660201477.981112572	-860.760	-99.428	1.570
1660201478.001114387	-860.760	-99.159	1.570
1660201478.011113674	-860.760	-98.889	1.570
1660201478.041113998	-860.760	-98.617	1.570
1660201478.051129929	-860.759	-98.345	1.570
1660201478.081110571	-860.759	-98.071	1.570
1660201478.091104669	-860.759	-97.796	1.570
1660201478.121112853	-860.759	-97.520	1.570
1660201478.131115486	-860.759	-97.242	1.570
1660201478.151116015	-860.759	-96.964	1.570
1660201478.181109385	-860.759	-96.684	1.570
1660201478.191108261	-860.759	-96.403	1.570
1660201478.221116091	-860.758	-96.121	1.570
1660201478.231114314	-860.758	-95.838	1.570
1660201478.261116759	-860.758	-95.553	1.570
1660201478.281118914	-860.758	-95.267	1.570
1660201478.291113317	-860.758	-94.980	1.570
1660201478.321117330	-860.758	-94.692	1.570
1660201478.341117141	-860.758	-94.403	1.570
1660201478.361113025	-860.758	-94.112	1.570
1660201478.371115204	-860.757	-93.821	1.570
1660201478.401119036	-860.757	-93.528	1.570
1660201478.421111193	-860.757	-93.234	1.570
1660201478.431113303	-860.757	-92.938	1.570
1660201478.461110139	-860.757	-92.642	1.570
1660201478.471113430	-860.757	-92.344	1.570
1660201478.491116136	-860.757	-92.045	1.570
1660201478.521108278	-860.757	-91.745	1.570
1660201478.531099475	-860.757	-91.444	1.570
1660201478.561116395	-860.756	-91.141	1.570
1660201478.571114869	-860.756	-90.837	1.570
1660201478.601112759	-860.756	-90.532	1.570
1660201478.611088847	-860.756	-90.226	1.570
1660201478.641111522	-860.756	-89.919	1.570
1660201478.651113491	-860.756	-89.610	1.570
1660201478.681116722	-860.756	-89.301	1.570
1660201478.691145428	-860.756	-88.990	1.570
1660201478.721116215	-860.756	-88.678	1.570
1660201478.731114978	-860.755	-88.365	1.570
1660201478.761114150	-860.755	-88.050	1.570
1660201478.771113615	-860.755	-87.735	1.570
1660201478.801122644	-860.755	-87.418	1.570
1660201478.821116219	-860.755	-87.100	1.570
1660201478.831117484	-860.755	-86.782	1.570
1660201478.861111768	-860.755	-86.462	1.570
1660201478.871110112	-860.755	-86.141	1.571
1660201478.901115872	-860.755	-85.819	1.571
1660201478.911139534	-860.755	-85.496	1.571
1660201478.941112525	-860.754	-85.172	1.571
1660201478.951117846	-860.754	-84.847	1.571
1660201478.981113249	-860.754	-84.521	1.571
1660201478.991109541	-860.754	-84.194	1.571
1660201479.021115242	-860.754	-83.866	1.571
1660201479.041113788	-860.754	-83.537	1.571
1660201479.051116734	-860.754	-83.207	1.571
1660201479.081118412	-860.754	-82.876	1.571
1660201479.101129283	-860.754	-82.545	1.571
1660201479.121110032	-860.754	-82.212	1.571
1660201479.131112785	-860.754	-81.879	1.571
1660201479.161111195	-860.753	-81.545	1.571
1660201479.171118559	-860.753	-81.210	1.571
1660201479.201119385	-860.753	-80.874	1.571
1660201479.211125250	-860.753	-80.537	1.571
1660201479.241111292	-860.753	-80.199	1.571
1660201479.251112850	-860.753	-79.861	1.571
1660201479.281111126	-860.753	-79.522	1.571
1660201479.291115296	-860.753	-79.182	1.571
1660201479.321116189	-860.753	-78.841	1.571
1660201479.331119833	-860.753	-78.500	1.571
1660201479.361128118	-860.753	-78.158	1.571
1660201479.371125811	-860.753	-77.815	1.571
1660201479.401109051	-860.753	-77.472	1.571
1660201479.411113645	-860.753	-77.127	1.571
1660201479.441106760	-860.752	-76.782	1.571
1660201479.451107576	-860.752	-76.437	1.571
1660201479.481112954	-860.752	-76.090	1.571
1660201479.491113613	-860.752	-75.744	1.571
1660201479.521100823	-860.752	-75.396	1.571
1660201479.531092321	-860.752	-75.048	1.571
1660201479.561112286	-860.752	-74.699	1.571
1660201479.571117710	-860.752	-74.349	1.571
1660201479.601124134	-860.752	-73.999	1.571
1660201479.611070828	-860.752	-73.649	1.571
1660201479.641113580	-860.752	-73.297	1.571
1660201479.651112994	-860.752	-72.946	1.571
1660201479.681117624	-860.752	-72.593	1.571
1660201479.701113469	-860.752	-72.240	1.571
1660201479.721089207	-860.752	-71.887	1.571
1660201479.731117713	-860.752	-71.533	1.571
1660201479.761123194	-860.752	-71.178	1.571
1660201479.771114285	-860.751	-70.823	1.571
1660201479.801121195	-860.751	-70.467	1.571
1660201479.821115659	-860.751	-70.111	1.571
1660201479.841109054	-860.751	-69.754	1.571
1660201479.851075514	-860.751	-69.397	1.571
1660201479.881125287	-860.751	-69.039	1.571
1660201479.891112176	-860.751	-68.681	1.571
1660201479.921109120	-860.751	-68.322	1.571
1660201479.931119081	-860.751	-67.963	1.571
1660201479.961125955	-860.751	-67.604	1.571
1660201479.971116337	-860.751	-67.244	1.571
1660201480.001113670	-860.751	-66.883	1.571
1660201480.011111390	-860.751	-66.522	1.571
1660201480.041113698	-860.751	-66.161	1.571
1660201480.051119453	-860.751	-65.799	1.571
1660201480.081109694	-860.751	-65.437	1.571
1660201480.091109838	-860.751	-65.075	1.571
1660201480.121108248	-860.751	-64.712	1.571
1660201480.131101829	-860.751	-64.348	1.571
1660201480.161119413	-860.751	-63.984	1.571
1660201480.171120118	-860.751	-63.620	1.571
1660201480.201122244	-860.751	-63.256	1.571
1660201480.211107400	-860.751	-62.891	1.571
1660201480.241112557	-860.751	-62.525	1.571
1660201480.261117482	-860.751	-62.160	1.571
1660201480.281111434	-860.751	-61.793	1.571
1660201480.301113629	-860.751	-61.427	1.571
1660201480.311113360	-860.750	-61.060	1.571
1660201480.341098558	-860.750	-60.693	1.571
1660201480.351128097	-860.750	-60.326	1.571
1660201480.381108648	-860.750	-59.958	1.571
1660201480.391113626	-860.750	-59.590	1.571
1660201480.421115821	-860.750	-59.222	1.571
1660201480.431117431	-860.750	-58.853	1.571
1660201480.461117809	-860.750	-58.484	1.571
1660201480.471118404	-860.750	-58.114	1.571
1660201480.501119707	-860.750	-57.745	1.571
1660201480.511111942	-860.750	-57.375	1.571
1660201480.531118782	-860.750	-57.004	1.571
1660201480.561116286	-860.750	-56.634	1.571
1660201480.571112767	-860.750	-56.263	1.571
1660201480.601121085	-860.750	-55.892	1.571
1660201480.611168182	-860.750	-55.521	1.571
1660201480.641118614	-860.750	-55.149	1.571
1660201480.651114349	-860.750	-54.777	1.571
1660201480.681124404	-860.750	-54.405	1.571
1660201480.691112171	-860.750	-54.032	1.571
1660201480.721115371	-860.750	-53.660	1.571
1660201480.741112764	-860.750	-53.287	1.571
1660201480.761117398	-860.750	-52.913	1.571
1660201480.781114124	-860.750	-52.540	1.571
1660201480.801137386	-860.750	-52.166	1.571
1660201480.821113844	-860.750	-51.792	1.571
1660201480.831116834	-860.750	-51.418	1.571
1660201480.861134989	-860.750	-51.044	1.571
1660201480.881116448	-860.750	-50.669	1.571
1660201480.901123804	-860.750	-50.294	1.571
1660201480.921099973	-860.750	-49.919	1.571
1660201480.931101728	-860.750	-49.544	1.571
1660201480.961127901	-860.750	-49.168	1.571
1660201480.971115042	-860.750	-48.792	1.571
1660201481.001109458	-860.750	-48.417	1.571
1660201481.011115426	-860.750	-48.040	1.571
1660201481.041088507	-860.750	-47.664	1.571
1660201481.061116754	-860.750	-47.288	1.571
1660201481.081116285	-860.750	-46.911	1.571
1660201481.091117730	-860.750	-46.534	1.571
1660201481.121107859	-860.750	-46.157	1.571
1660201481.131105899	-860.750	-45.779	1.571
1660201481.161111682	-860.750	-45.402	1.571
1660201481.171116899	-860.750	-45.024	1.571
1660201481.201114239	-860.750	-44.646	1.571
1660201481.211116494	-860.750	-44.268	1.571
1660201481.241113990	-860.750	-43.890	1.571
1660201481.261115300	-860.750	-43.512	1.571
1660201481.271117207	-860.750	-43.133	1.571
1660201481.301140514	-860.750	-42.755	1.571
1660201481.321116717	-860.750	-42.376	1.571
1660201481.341075328	-860.750	-41.997	1.571
1660201481.351135255	-860.750	-41.618	1.571
1660201481.381087313	-860.750	-41.238	1.571
1660201481.391117819	-860.750	-40.859	1.571
1660201481.421114447	-860.750	-40.479	1.571
1660201481.431110432	-860.750	-40.100	1.571
1660201481.461113232	-860.750	-39.720	1.571
1660201481.471113894	-860.750	-39.340	1.571
1660201481.501117952	-860.750	-38.959	1.571
1660201481.521113471	-860.750	-38.579	1.571
1660201481.541116878	-860.750	-38.199	1.571
1660201481.551118606	-860.750	-37.818	1.571
1660201481.581113064	-860.750	-37.437	1.571
1660201481.591122357	-860.750	-37.056	1.571
1660201481.621113296	-860.750	-36.675	1.571
1660201481.631106424	-860.750	-36.294	1.571
1660201481.661122071	-860.750	-35.913	1.571
1660201481.681062107	-860.750	-35.531	1.571
1660201481.701113548	-860.750	-35.149	1.571
1660201481.711126210	-860.750	-34.768	1.571
1660201481.741115096	-860.750	-34.386	1.571
1660201481.751128177	-860.750	-34.004	1.571
1660201481.781117701	-860.750	-33.621	1.571
1660201481.801115057	-860.750	-33.239	1.571
1660201481.821111520	-860.750	-32.856	1.571
1660201481.831111848	-860.750	-32.473	1.571
1660201481.861160469	-860.750	-32.090	1.571
1660201481.881116623	-860.750	-31.707	1.571
1660201481.901116011	-860.750	-31.323	1.571
1660201481.911110536	-860.750	-30.939	1.571
1660201481.941112505	-860.750	-30.555	1.571
1660201481.951117589	-860.750	-30.171	1.571
1660201481.981116427	-860.750	-29.786	1.571
1660201481.991114760	-860.750	-29.401	1.571
1660201482.021115508	-860.750	-29.016	1.571
1660201482.031114063	-860.750	-28.630	1.571
1660201482.061108892	-860.750	-28.245	1.571
1660201482.081111523	-860.750	-27.858	1.571
1660201482.091118126	-860.750	-27.472	1.571
1660201482.121112455	-860.750	-27.084	1.571
1660201482.131116212	-860.750	-26.697	1.571
1660201482.161124330	-860.750	-26.309	1.571
1660201482.171116938	-860.750	-25.921	1.571
1660201482.201117488	-860.750	-25.532	1.571
1660201482.221110705	-860.750	-25.143	1.571
1660201482.241110714	-860.750	-24.753	1.571
1660201482.251119894	-860.750	-24.363	1.571
1660201482.281113865	-860.750	-23.973	1.571
1660201482.301119629	-860.750	-23.582	1.571
1660201482.321113040	-860.750	-23.190	1.571
1660201482.331120602	-860.750	-22.798	1.571
1660201482.361124084	-860.750	-22.405	1.571
1660201482.371116837	-860.750	-22.012	1.571
1660201482.401111816	-860.750	-21.618	1.571
1660201482.411123308	-860.750	-21.224	1.571
1660201482.441118622	-860.750	-20.829	1.571
1660201482.451113680	-860.750	-20.434	1.571
1660201482.481113980	-860.750	-20.038	1.571
1660201482.491114111	-860.750	-19.642	1.571
1660201482.521116363	-860.750	-19.244	1.571
1660201482.531109960	-860.750	-18.847	1.571
1660201482.561119166	-860.750	-18.448	1.571
1660201482.571115627	-860.750	-18.049	1.571
1660201482.601118415	-860.750	-17.650	1.571
1660201482.611115225	-860.750	-17.249	1.571
1660201482.641119070	-860.750	-16.848	1.571
1660201482.651117105	-860.750	-16.447	1.571
1660201482.681118336	-860.750	-16.045	1.571
1660201482.691118194	-860.750	-15.642	1.571
1660201482.721110202	-860.750	-15.238	1.571
1660201482.741117642	-860.750	-14.834	1.571
1660201482.761077973	-860.751	-14.429	1.571
1660201482.771116325	-860.751	-14.023	1.571
1660201482.801136669	-860.751	-13.617	1.571
1660201482.821114387	-860.751	-13.209	1.571
1660201482.841109557	-860.751	-12.801	1.571
1660201482.851119367	-860.751	-12.393	1.571
1660201482.881111846	-860.751	-11.983	1.571
1660201482.891111444	-860.751	-11.573	1.571
1660201482.921165689	-860.751	-11.162	1.571
1660201482.931132966	-860.751	-10.751	1.571
1660201482.961119654	-860.751	-10.338	1.571
1660201482.971110640	-860.751	-9.925	1.571
1660201483.001114526	-860.751	-9.511	1.571
1660201483.011117084	-860.751	-9.096	1.571
1660201483.041119497	-860.751	-8.681	1.571
1660201483.051131344	-860.751	-8.264	1.571
1660201483.081109266	-860.751	-7.847	1.571
1660201483.091111079	-860.751	-7.429	1.571
1660201483.121108099	-860.751	-7.010	1.571
1660201483.131113907	-860.751	-6.591	1.571
1660201483.161113369	-860.751	-6.170	1.571
1660201483.171112461	-860.751	-5.749	1.571
1660201483.201116199	-860.751	-5.326	1.571
1660201483.211113010	-860.751	-4.903	1.571
1660201483.241116730	-860.751	-4.479	1.571
1660201483.251114717	-860.751	-4.055	1.571
1660201483.281113902	-860.751	-3.629	1.571
1660201483.291115050	-860.751	-3.203	1.571
1660201483.321107666	-860.751	-2.775	1.571
1660201483.331114773	-860.751	-2.347	1.571
1660201483.361113841	-860.751	-1.918	1.571
1660201483.381119447	-860.751	-1.488	1.571
1660201483.391119182	-860.751	-1.057	1.571
1660201483.421113880	-860.751	-0.625	1.571
1660201483.441109936	-860.751	-0.192	1.571
1660201483.461121392	-860.751	0.242	1.571
1660201483.481116540	-860.751	0.676	1.571
1660201483.501108151	-860.751	1.112	1.571
1660201483.511112732	-860.751	1.548	1.571
1660201483.541125645	-860.751	1.986	1.571
1660201483.551120617	-860.751	2.424	1.571
1660201483.581109498	-860.751	2.863	1.571
1660201483.591114329	-860.751	3.303	1.571
1660201483.621115357	-860.751	3.745	1.571
1660201483.631115517	-860.751	4.187	1.571
1660201483.661115784	-860.751	4.630	1.571
1660201483.671116203	-860.751	5.074	1.571
1660201483.701113665	-860.751	5.519	1.571
1660201483.711126398	-860.751	5.965	1.571
1660201483.741107552	-860.751	6.411	1.571
1660201483.761109545	-860.751	6.859	1.571
1660201483.781114310	-860.751	7.308	1.571
1660201483.801118138	-860.751	7.758	1.571
1660201483.811115240	-860.751	8.209	1.571
1660201483.841109963	-860.751	8.660	1.571
1660201483.851114277	-860.751	9.113	1.571
1660201483.881109017	-860.751	9.567	1.571
1660201483.891118762	-860.751	10.022	1.571
1660201483.921116250	-860.751	10.477	1.571
1660201483.931114720	-860.751	10.934	1.571
1660201483.961131738	-860.751	11.392	1.571
1660201483.971112393	-860.751	11.851	1.571
1660201484.001115692	-860.751	12.310	1.571
1660201484.011116006	-860.751	12.771	1.571
1660201484.031115205	-860.751	13.233	1.571
1660201484.061119158	-860.751	13.696	1.571
1660201484.071114492	-860.751	14.160	1.571
1660201484.101110855	-860.751	14.625	1.571
1660201484.111112626	-860.751	15.091	1.571
1660201484.141113687	-860.751	15.558	1.571
1660201484.151134986	-860.751	16.026	1.571
1660201484.181108929	-860.751	16.495	1.571
1660201484.201115676	-860.751	16.965	1.571
1660201484.221110955	-860.751	17.436	1.571
1660201484.231131058	-860.751	17.908	1.571
1660201484.261116064	-860.751	18.382	1.571
1660201484.271112871	-860.751	18.856	1.571
1660201484.301109709	-860.751	19.331	1.571
1660201484.311120868	-860.751	19.808	1.571
1660201484.341112963	-860.751	20.286	1.571
1660201484.351117903	-860.751	20.764	1.571
1660201484.381120391	-860.751	21.244	1.571
1660201484.391112962	-860.751	21.725	1.571
1660201484.421114700	-860.751	22.206	1.571
1660201484.431115786	-860.751	22.689	1.571
1660201484.461117765	-860.751	23.173	1.571
1660201484.471108569	-860.751	23.658	1.571
1660201484.501123253	-860.751	24.144	1.571
1660201484.511118320	-860.751	24.631	1.571
1660201484.541113926	-860.751	25.119	1.571
1660201484.551113392	-860.751	25.608	1.571
1660201484.581113346	-860.751	26.098	1.571
1660201484.591117140	-860.751	26.590	1.571
1660201484.621118480	-860.751	27.082	1.571
1660201484.631119467	-860.751	27.575	1.571
1660201484.661113670	-860.751	28.069	1.571
1660201484.671116694	-860.751	28.565	1.571
1660201484.701109001	-860.751	29.061	1.571
1660201484.711109734	-860.751	29.558	1.571
1660201484.731112965	-860.751	30.056	1.571
1660201484.761095488	-860.751	30.556	1.571
1660201484.771112387	-860.751	31.056	1.571
1660201484.801113947	-860.751	31.557	1.571
1660201484.811118302	-860.751	32.059	1.571
1660201484.841120519	-860.751	32.562	1.571
1660201484.851117236	-860.751	33.065	1.571
1660201484.881115585	-860.751	33.570	1.571
1660201484.901122005	-860.751	34.075	1.571
1660201484.911113938	-860.751	34.582	1.571
1660201484.931118833	-860.751	35.089	1.571
1660201484.961112562	-860.751	35.597	1.571
1660201484.981117924	-860.751	36.106	1.571
1660201485.001116665	-860.751	36.616	1.571
1660201485.011118606	-860.751	37.126	1.571
1660201485.041110431	-860.751	37.637	1.571
1660201485.051115900	-860.751	38.149	1.571
1660201485.081114854	-860.751	38.662	1.571
1660201485.091114634	-860.751	39.175	1.571
1660201485.121113846	-860.751	39.690	1.571
1660201485.131112417	-860.751	40.205	1.571
1660201485.161119859	-860.751	40.720	1.571
1660201485.171117430	-860.751	41.237	1.571
1660201485.201110666	-860.751	41.754	1.571
1660201485.211496397	-860.751	42.271	1.571
1660201485.241116091	-860.751	42.790	1.571
1660201485.251112937	-860.751	43.309	1.571
1660201485.281111140	-860.751	43.828	1.571
1660201485.291110155	-860.751	44.349	1.571
1660201485.321108834	-860.751	44.870	1.571
1660201485.331121793	-860.751	45.391	1.571
1660201485.361117100	-860.751	45.913	1.571
1660201485.371145576	-860.751	46.436	1.571
1660201485.401126070	-860.751	46.959	1.571
1660201485.411097428	-860.751	47.483	1.571
1660201485.441105951	-860.751	48.008	1.571
1660201485.451114178	-860.751	48.533	1.571
1660201485.481116725	-860.751	49.058	1.571
1660201485.501109845	-860.751	49.584	1.571
1660201485.511116288	-860.751	50.111	1.571
1660201485.541088451	-860.751	50.638	1.571
1660201485.561115205	-860.751	51.166	1.571
1660201485.581116648	-860.751	51.694	1.571
1660201485.601114683	-860.751	52.223	1.571
1660201485.611115030	-860.751	52.752	1.571
1660201485.631121720	-860.751	53.281	1.571
1660201485.661111362	-860.751	53.811	1.571
1660201485.681109683	-860.751	54.342	1.571
1660201485.701130649	-860.751	54.873	1.571
1660201485.721123210	-860.751	55.404	1.571
1660201485.741109714	-860.751	55.936	1.571
1660201485.751126908	-860.751	56.468	1.571
1660201485.781087551	-860.751	57.001	1.571
1660201485.791125748	-860.751	57.534	1.571
1660201485.821116272	-860.751	58.067	1.571
1660201485.831116058	-860.751	58.601	1.571
1660201485.861083006	-860.751	59.135	1.571
1660201485.871114783	-860.751	59.670	1.571
1660201485.901111668	-860.751	60.205	1.571
1660201485.911113396	-860.751	60.740	1.571
1660201485.941108526	-860.751	61.276	1.571
1660201485.951118196	-860.751	61.812	1.571
1660201485.981111894	-860.751	62.349	1.571
1660201485.991109690	-860.751	62.885	1.571
1660201486.021115562	-860.751	63.422	1.571
1660201486.031113566	-860.751	63.960	1.571
1660201486.061118254	-860.751	64.498	1.571
1660201486.081108507	-860.751	65.036	1.571
1660201486.101126443	-860.751	65.574	1.571
1660201486.121111316	-860.751	66.113	1.571
1660201486.141115514	-860.751	66.651	1.571
1660201486.161110968	-860.751	67.191	1.571
1660201486.171115547	-860.751	67.730	1.571
1660201486.201140820	-860.751	68.270	1.571
1660201486.211110411	-860.751	68.810	1.571
1660201486.241113319	-860.751	69.350	1.571
1660201486.251130656	-860.751	69.891	1.571
1660201486.281106848	-860.751	70.432	1.571
1660201486.291116230	-860.751	70.973	1.571
1660201486.321111533	-860.751	71.515	1.571
1660201486.331111677	-860.751	72.056	1.571
1660201486.361116543	-860.751	72.598	1.571
1660201486.371109476	-860.751	73.140	1.571
1660201486.401111668	-860.751	73.683	1.571
1660201486.411110844	-860.751	74.225	1.571
1660201486.441118118	-860.751	74.768	1.571
1660201486.451178091	-860.751	75.311	1.571
1660201486.481116304	-860.751	75.854	1.571
1660201486.491117215	-860.751	76.398	1.571
1660201486.521115259	-860.751	76.941	1.571
1660201486.531114643	-860.751	77.485	1.571
1660201486.561117123	-860.751	78.029	1.571
1660201486.571117329	-860.751	78.574	1.571
1660201486.601111748	-860.751	79.118	1.571
1660201486.611113691	-860.751	79.663	1.571
1660201486.641114974	-860.751	80.208	1.571
1660201486.651123774	-860.751	80.753	1.571
1660201486.681113837	-860.751	81.298	1.571
1660201486.691110177	-860.751	81.843	1.571
1660201486.721109641	-860.751	82.389	1.571
1660201486.731113133	-860.751	82.935	1.571
1660201486.761116058	-860.751	83.481	1.571
1660201486.781120655	-860.751	84.027	1.571
1660201486.801112757	-860.751	84.573	1.571
1660201486.821121601	-860.751	85.120	1.571
1660201486.831120119	-860.751	85.666	1.571
1660201486.861111189	-860.751	86.213	1.571
1660201486.871118164	-860.751	86.760	1.571
1660201486.901110192	-860.751	87.307	1.571
1660201486.911116915	-860.751	87.854	1.571
1660201486.941109956	-860.751	88.401	1.571
1660201486.951118667	-860.751	88.949	1.571
1660201486.981111882	-860.751	89.497	1.571
1660201486.991109165	-860.751	90.044	1.571
1660201487.021119727	-860.751	90.592	1.571
1660201487.031117889	-860.751	91.140	1.571
1660201487.061114975	-860.751	91.689	1.571
1660201487.071114311	-860.751	92.237	1.571
1660201487.101116066	-860.751	92.785	1.571
1660201487.111116734	-860.751	93.334	1.571
1660201487.141117230	-860.751	93.882	1.571
1660201487.161111977	-860.751	94.431	1.571
1660201487.171111893	-860.751	94.980	1.571
1660201487.201115648	-860.751	95.529	1.571
1660201487.211111228	-860.751	96.078	1.571
1660201487.241115305	-860.751	96.628	1.571
1660201487.251120463	-860.751	97.177	1.571
1660201487.281117758	-860.751	97.726	1.571
1660201487.291119893	-860.751	98.276	1.571
1660201487.321109949	-860.751	98.826	1.571
1660201487.331114663	-860.751	99.376	1.571
1660201487.361108591	-860.751	99.925	1.571
1660201487.371110250	-860.751	100.475	1.571
1660201487.401115530	-860.751	101.026	1.571
1660201487.411123595	-860.751	101.576	1.571
1660201487.441110490	-860.751	102.126	1.571
1660201487.451131857	-860.751	102.676	1.571
1660201487.481112119	-860.751	103.227	1.571
1660201487.491122491	-860.751	103.777	1.571
1660201487.521110401	-860.751	104.328	1.571
1660201487.531117811	-860.751	104.879	1.571
1660201487.561117604	-860.751	105.430	1.571
1660201487.571113548	-860.751	105.980	1.571
1660201487.601115942	-860.751	106.531	1.571
1660201487.621109553	-860.751	107.082	1.571
1660201487.631112549	-860.751	107.634	1.571
1660201487.661110589	-860.751	108.185	1.571
1660201487.671110892	-860.751	108.736	1.571
1660201487.701116993	-860.751	109.287	1.571
1660201487.711116446	-860.751	109.839	1.571
1660201487.741117926	-860.751	110.390	1.571
1660201487.761113951	-860.751	110.942	1.571
1660201487.781118350	-860.751	111.494	1.571
1660201487.791119079	-860.751	112.045	1.571
1660201487.821111597	-860.751	112.597	1.571
1660201487.841117102	-860.751	113.149	1.571
1660201487.861114077	-860.751	113.701	1.571
1660201487.871114051	-860.751	114.253	1.571
1660201487.901119041	-860.751	114.805	1.571
1660201487.911120924	-860.751	115.357	1.571
1660201487.941113834	-860.751	115.909	1.571
1660201487.951117851	-860.751	116.461	1.571
1660201487.981111633	-860.751	117.014	1.571
1660201487.991114852	-860.751	117.566	1.571
1660201488.021114743	-860.751	118.119	1.571
1660201488.031129139	-860.751	118.671	1.571
1660201488.061107742	-860.751	119.223	1.571
1660201488.071110227	-860.751	119.776	1.571
1660201488.091110742	-860.751	120.329	1.571
1660201488.121118938	-860.751	120.881	1.571
1660201488.131120207	-860.751	121.434	1.571
1660201488.161120153	-860.751	121.987	1.571
1660201488.181160365	-860.751	122.540	1.571
1660201488.191116574	-860.751	123.093	1.571
1660201488.221113020	-860.751	123.645	1.571
1660201488.241119154	-860.751	124.198	1.571
1660201488.251111447	-860.751	124.751	1.571
1660201488.281116960	-860.751	125.305	1.571
1660201488.291128963	-860.751	125.858	1.571
1660201488.321115665	-860.751	126.411	1.571
1660201488.341113599	-860.751	126.964	1.571
1660201488.361107991	-860.751	127.517	1.571
1660201488.381109286	-860.751	128.070	1.571
1660201488.401111299	-860.751	128.624	1.571
1660201488.421117940	-860.751	129.177	1.571
1660201488.441114246	-860.751	129.731	1.571
1660201488.451075826	-860.751	130.284	1.571
1660201488.481111172	-860.751	130.837	1.571
1660201488.491115508	-860.751	131.391	1.571
1660201488.521108613	-860.751	131.944	1.571
1660201488.531125632	-860.751	132.498	1.571
1660201488.561109408	-860.751	133.052	1.571
1660201488.581115552	-860.751	133.605	1.571
1660201488.601114501	-860.751	134.159	1.571
1660201488.621117695	-860.751	134.713	1.571
1660201488.641111839	-860.751	135.267	1.571
1660201488.651114249	-860.751	135.820	1.571
1660201488.681110988	-860.751	136.374	1.571
1660201488.691113872	-860.751	136.928	1.571
1660201488.721110619	-860.751	137.482	1.571
1660201488.731113728	-860.751	138.036	1.571
1660201488.761119546	-860.751	138.590	1.571
1660201488.771118082	-860.751	139.144	1.571
1660201488.801108152	-860.751	139.698	1.571
1660201488.811108492	-860.751	140.252	1.571
1660201488.841116325	-860.751	140.806	1.571
1660201488.851118242	-860.751	141.360	1.571
1660201488.881119611	-860.751	141.914	1.571
1660201488.891116513	-860.751	142.468	1.571
1660201488.921077969	-860.751	143.022	1.571
1660201488.931116602	-860.751	143.576	1.571
1660201488.961112803	-860.751	144.131	1.571
1660201488.971117836	-860.751	144.685	1.571
1660201489.001110987	-860.751	145.239	1.571
1660201489.011117121	-860.751	145.793	1.571
1660201489.041114470	-860.751	146.348	1.571
1660201489.051116377	-860.751	146.902	1.571
1660201489.071114428	-860.751	147.456	1.571
1660201489.101112776	-860.751	148.011	1.571
1660201489.111121622	-860.751	148.565	1.571
1660201489.141119274	-860.751	149.120	1.571
1660201489.161114696	-860.751	149.674	1.571
1660201489.181112029	-860.751	150.228	1.571
1660201489.191111636	-860.751	150.783	1.571
1660201489.221108308	-860.751	151.337	1.571
1660201489.231135170	-860.751	151.892	1.571
1660201489.251122775	-860.751	152.446	1.571
1660201489.281115170	-860.751	153.001	1.571
1660201489.291115139	-860.751	153.556	1.571
1660201489.321119327	-860.751	154.110	1.571
1660201489.331112674	-860.751	154.665	1.571
1660201489.361121768	-860.751	155.219	1.571
1660201489.371117453	-860.751	155.774	1.571
1660201489.401111129	-860.751	156.329	1.571
1660201489.411111444	-860.751	156.883	1.571
1660201489.441115687	-860.751	157.438	1.571
1660201489.451113541	-860.751	157.993	1.571
1660201489.481113951	-860.751	158.548	1.571
1660201489.491117502	-860.751	159.102	1.571
1660201489.521111870	-860.751	159.657	1.571
1660201489.541120148	-860.751	160.212	1.571
1660201489.551118038	-860.751	160.767	1.571
1660201489.581117272	-860.751	161.321	1.571
1660201489.591115462	-860.751	161.876	1.571
1660201489.621091997	-860.751	162.431	1.571
1660201489.631124009	-860.751	162.986	1.571
1660201489.661113716	-860.751	163.541	1.571
1660201489.671114337	-860.751	164.096	1.571
1660201489.701114678	-860.751	164.650	1.571
1660201489.711117543	-860.751	165.205	1.571
1660201489.741116729	-860.751	165.760	1.571
1660201489.751123772	-860.751	166.315	1.571
1660201489.781122872	-860.751	166.870	1.571
1660201489.801138403	-860.751	167.425	1.571
1660201489.811125805	-860.751	167.980	1.571
1660201489.841119940	-860.751	168.535	1.571
1660201489.851110887	-860.751	169.090	1.571
1660201489.881116247	-860.751	169.645	1.571
1660201489.891117965	-860.751	170.200	1.571
1660201489.921112628	-860.751	170.755	1.571
1660201489.941117826	-860.751	171.310	1.571
1660201489.961117442	-860.751	171.865	1.571
1660201489.981107325	-860.751	172.420	1.571
1660201489.991118619	-860.751	172.975	1.571
1660201490.021111372	-860.751	173.530	1.571
1660201490.031124721	-860.751	174.085	1.571
1660201490.061112283	-860.751	174.640	1.571
1660201490.071112890	-860.751	175.195	1.571
1660201490.101110800	-860.751	175.750	1.571
1660201490.111117541	-860.751	176.306	1.571
1660201490.141121400	-860.751	176.861	1.571
1660201490.151114484	-860.751	177.416	1.571
1660201490.181113675	-860.751	177.971	1.571
1660201490.191104250	-860.751	178.526	1.571
1660201490.221114945	-860.751	179.081	1.571
1660201490.241110845	-860.751	179.636	1.571
1660201490.251135794	-860.751	180.191	1.571
1660201490.281249268	-860.751	180.747	1.571
1660201490.291122293	-860.751	181.302	1.571
1660201490.321112921	-860.751	181.857	1.571
1660201490.341114474	-860.751	182.412	1.571
1660201490.351117237	-860.751	182.967	1.571
1660201490.381115127	-860.751	183.523	1.571
1660201490.391114815	-860.751	184.078	1.571
1660201490.421108637	-860.751	184.633	1.571
1660201490.441142886	-860.751	185.188	1.571
1660201490.461117304	-860.751	185.743	1.571
1660201490.481109520	-860.751	186.299	1.571
1660201490.501215372	-860.751	186.854	1.571
1660201490.521108674	-860.751	187.409	1.571
1660201490.541192310	-860.751	187.964	1.571
1660201490.551121774	-860.751	188.520	1.571
1660201490.581123086	-860.751	189.075	1.571
1660201490.591119027	-860.751	189.630	1.571
1660201490.621115136	-860.751	190.185	1.571
1660201490.631119930	-860.751	190.741	1.571
1660201490.661114629	-860.751	191.296	1.571
1660201490.681109290	-860.751	191.851	1.571
1660201490.701116565	-860.751	192.407	1.571
1660201490.711114302	-860.751	192.962	1.571
1660201490.741114150	-860.751	193.517	1.571
1660201490.751119114	-860.751	194.073	1.571
1660201490.781135369	-860.751	194.628	1.571
1660201490.791116064	-860.751	195.183	1.571
1660201490.821117256	-860.751	195.739	1.571
1660201490.831119968	-860.751	196.294	1.571
1660201490.861113680	-860.751	196.849	1.571
1660201490.871114147	-860.751	197.405	1.571
1660201490.901121045	-860.751	197.960	1.571
1660201490.911108619	-860.751	198.515	1.571
1660201490.941113805	-860.751	199.071	1.571
1660201490.951113468	-860.751	199.626	1.571
1660201490.981119374	-860.751	200.181	1.571
1660201490.991123550	-860.751	200.737	1.571
1660201491.021113721	-860.751	201.292	1.571
1660201491.031126781	-860.751	201.847	1.571
1660201491.061118980	-860.751	202.403	1.571
1660201491.071112834	-860.751	202.958	1.571
1660201491.101110234	-860.751	203.514	1.571
1660201491.121111919	-860.751	204.069	1.571
1660201491.131111460	-860.751	204.624	1.571
1660201491.161120992	-860.751	205.180	1.571
1660201491.171111556	-860.751	205.735	1.571
1660201491.201117865	-860.751	206.290	1.571
1660201491.211112385	-860.751	206.846	1.571
1660201491.241125987	-860.751	207.401	1.571
1660201491.251118828	-860.751	207.957	1.571
1660201491.281126109	-860.751	208.512	1.571
1660201491.291136933	-860.751	209.067	1.571
1660201491.321113768	-860.751	209.623	1.571
1660201491.331114548	-860.751	210.178	1.571
1660201491.361112627	-860.751	210.734	1.571
1660201491.371115729	-860.751	211.289	1.571
1660201491.401112350	-860.751	211.845	1.571
1660201491.411117224	-860.751	212.400	1.571
1660201491.441114378	-860.751	212.955	1.571
1660201491.451115885	-860.751	213.511	1.571
1660201491.481113528	-860.751	214.066	1.571
1660201491.501114624	-860.751	214.622	1.571
1660201491.511115707	-860.751	215.177	1.571
1660201491.541121928	-860.751	215.733	1.571
1660201491.561111814	-860.751	216.288	1.571
1660201491.581114203	-860.751	216.844	1.571
1660201491.591117790	-860.751	217.399	1.571
1660201491.621114676	-860.751	217.954	1.571
1660201491.631111956	-860.751	218.510	1.571
1660201491.661131676	-860.751	219.065	1.571
1660201491.681117901	-860.751	219.621	1.571
1660201491.701113234	-860.751	220.176	1.571
1660201491.711112620	-860.751	220.732	1.571
1660201491.741113437	-860.751	221.287	1.571
1660201491.751115309	-860.751	221.843	1.571
1660201491.781142969	-860.751	222.398	1.571
1660201491.801108830	-860.751	222.954	1.571
1660201491.811116366	-860.751	223.509	1.571
1660201491.841109404	-860.751	224.065	1.571
1660201491.851114675	-860.751	224.620	1.571
1660201491.881111251	-860.751	225.175	1.571
1660201491.891114731	-860.751	225.731	1.571
1660201491.921114728	-860.751	226.286	1.571
1660201491.941123518	-860.751	226.842	1.571
1660201491.951123488	-860.751	227.397	1.571
1660201491.981114329	-860.751	227.953	1.571
1660201491.991121997	-860.751	228.508	1.571
1660201492.021065141	-860.751	229.064	1.571
1660201492.031133750	-860.751	229.619	1.571
1660201492.061098703	-860.751	230.175	1.571
1660201492.081113973	-860.751	230.730	1.571
1660201492.101121239	-860.751	231.286	1.571
1660201492.121116553	-860.751	231.841	1.571
1660201492.141108926	-860.751	232.397	1.571
1660201492.151115996	-860.751	232.952	1.571
1660201492.181110008	-860.751	233.508	1.571
1660201492.191113331	-860.751	234.063	1.571
1660201492.221111364	-860.751	234.619	1.571
1660201492.231113170	-860.751	235.174	1.571
1660201492.261115405	-860.751	235.730	1.571
1660201492.271114015	-860.751	236.285	1.571
1660201492.301128366	-860.751	236.841	1.571
1660201492.321118583	-860.751	237.396	1.571
1660201492.331126245	-860.751	237.952	1.571
1660201492.361110654	-860.751	238.507	1.571
1660201492.381114287	-860.751	239.063	1.571
1660201492.401110083	-860.751	239.618	1.571
1660201492.411077325	-860.751	240.174	1.571
1660201492.441118428	-860.751	240.729	1.571
1660201492.451121553	-860.751	241.285	1.571
1660201492.481124781	-860.751	241.840	1.571
1660201492.491128508	-860.751	242.396	1.571
1660201492.521122671	-860.751	242.951	1.571
1660201492.531125698	-860.751	243.507	1.571
1660201492.561128926	-860.751	244.062	1.571
1660201492.571108678	-860.751	244.618	1.571
1660201492.601119940	-860.751	245.173	1.571
1660201492.611116209	-860.751	245.729	1.571
1660201492.641113538	-860.751	246.284	1.571
1660201492.651115223	-860.751	246.840	1.571
1660201492.681109106	-860.751	247.396	1.571
1660201492.691122542	-860.751	247.951	1.571
1660201492.721110295	-860.751	248.507	1.571
1660201492.731120302	-860.751	249.062	1.571
1660201492.761126000	-860.751	249.618	1.571
1660201492.781157712	-860.751	250.173	1.571
1660201492.801146294	-860.751	250.729	1.571
1660201492.821110042	-860.751	251.284	1.571
1660201492.831113282	-860.751	251.840	1.571
1660201492.861112310	-860.751	252.395	1.571
1660201492.871124103	-860.751	252.951	1.571
1660201492.901115544	-860.751	253.506	1.571
1660201492.911122588	-860.751	254.062	1.571
1660201492.941114570	-860.751	254.617	1.571
1660201492.951116092	-860.751	255.173	1.571
1660201492.981112707	-860.751	255.728	1.571
1660201492.991145049	-860.751	256.284	1.571
1660201493.021114206	-860.751	256.839	1.571
1660201493.031138201	-860.751	257.395	1.571
1660201493.061109561	-860.751	257.951	1.571
1660201493.071114703	-860.751	258.506	1.571
1660201493.101110798	-860.751	259.062	1.571
1660201493.111121128	-860.751	259.617	1.571
1660201493.141125028	-860.751	260.173	1.571
1660201493.151112083	-860.751	260.728	1.571
1660201493.181119402	-860.751	261.284	1.571
1660201493.201110126	-860.751	261.839	1.571
1660201493.221115784	-860.751	262.395	1.571
1660201493.241118562	-860.751	262.950	1.571
1660201493.251124167	-860.751	263.506	1.571
1660201493.281122868	-860.751	264.061	1.571
1660201493.301136489	-860.751	264.617	1.571
1660201493.311131279	-860.751	265.172	1.571
1660201493.341114941	-860.751	265.728	1.571
1660201493.361113960	-860.751	266.284	1.571
1660201493.371117928	-860.751	266.839	1.571
1660201493.401111779	-860.751	267.395	1.571
1660201493.421116626	-860.751	267.950	1.571
1660201493.441110456	-860.751	268.506	1.571
1660201493.451107915	-860.751	269.061	1.571
1660201493.481121259	-860.751	269.617	1.571
1660201493.491108340	-860.751	270.172	1.571
1660201493.521110821	-860.751	270.728	1.571
1660201493.531070304	-860.751	271.283	1.571
1660201493.561117420	-860.751	271.839	1.571
1660201493.571116763	-860.751	272.394	1.571
1660201493.601109873	-860.751	272.950	1.571
1660201493.621117765	-860.751	273.506	1.571
1660201493.641114312	-860.751	274.061	1.571
1660201493.651107421	-860.751	274.617	1.571
1660201493.681116869	-860.751	275.172	1.571
1660201493.701114025	-860.751	275.728	1.571
1660201493.711111082	-860.751	276.283	1.571
1660201493.741114129	-860.751	276.839	1.571
1660201493.751115374	-860.751	277.394	1.571
1660201493.781127014	-860.751	277.950	1.571
1660201493.791113696	-860.751	278.505	1.571
1660201493.821117060	-860.751	279.061	1.571
1660201493.831125567	-860.751	279.617	1.571
1660201493.861114345	-860.751	280.172	1.571
1660201493.881114769	-860.751	280.728	1.571
1660201493.891110648	-860.751	281.283	1.571
1660201493.921111180	-860.751	281.839	1.571
1660201493.931116748	-860.751	282.394	1.571
1660201493.961119557	-860.751	282.950	1.571
1660201493.981129887	-860.751	283.505	1.571
1660201494.001122031	-860.751	284.061	1.571
1660201494.021112516	-860.751	284.616	1.571
1660201494.041129820	-860.751	285.172	1.571
1660201494.061108912	-860.751	285.728	1.571
1660201494.071111908	-860.751	286.283	1.571
1660201494.091114762	-860.751	286.839	1.571
1660201494.121109900	-860.751	287.394	1.571
1660201494.141114903	-860.751	287.950	1.571
1660201494.161115509	-860.751	288.505	1.571
1660201494.171111570	-860.751	289.061	1.571
1660201494.201107736	-860.751	289.616	1.571
1660201494.211114355	-860.751	290.172	1.571
1660201494.241125727	-860.751	290.727	1.571
1660201494.261116139	-860.751	291.283	1.571
1660201494.281117665	-860.751	291.839	1.571
1660201494.301112741	-860.751	292.394	1.571
1660201494.311112275	-860.751	292.950	1.571
1660201494.341117318	-860.751	293.505	1.571
1660201494.361118468	-860.751	294.061	1.571
1660201494.371111518	-860.751	294.616	1.571
1660201494.401109974	-860.751	295.172	1.571
1660201494.421145200	-860.751	295.727	1.571
1660201494.441124062	-860.751	296.283	1.571
1660201494.461110418	-860.751	296.839	1.571
1660201494.481122175	-860.751	297.394	1.571
1660201494.501127315	-860.751	297.950	1.571
1660201494.521109933	-860.751	298.505	1.571
1660201494.531126746	-860.751	299.061	1.571
1660201494.561121917	-860.751	299.616	1.571
1660201494.571111644	-860.751	300.172	1.571
1660201494.601115826	-860.751	300.727	1.571
1660201494.621109199	-860.751	301.283	1.571
1660201494.641108067	-860.751	301.838	1.571
1660201494.651111309	-860.751	302.394	1.571
1660201494.681123175	-860.751	302.950	1.571
1660201494.691114360	-860.751	303.505	1.571
1660201494.721110864	-860.751	304.061	1.571
1660201494.731112262	-860.751	304.616	1.571
1660201494.761121707	-860.751	305.172	1.571
1660201494.771113299	-860.751	305.727	1.571
1660201494.801133851	-860.751	306.283	1.571
1660201494.811121502	-860.751	306.838	1.571
1660201494.841108628	-860.751	307.394	1.571
1660201494.851112457	-860.751	307.950	1.571
1660201494.881111741	-860.751	308.505	1.571
1660201494.891149688	-860.751	309.061	1.571
1660201494.921118632	-860.751	309.616	1.571
1660201494.931115282	-860.751	310.172	1.571
1660201494.961108154	-860.751	310.727	1.571
1660201494.981109647	-860.751	311.283	1.571
1660201494.991110321	-860.751	311.838	1.571
1660201495.021070095	-860.751	312.394	1.571
1660201495.031111324	-860.751	312.950	1.571
1660201495.061115849	-860.751	313.505	1.571
1660201495.071109254	-860.751	314.061	1.571
1660201495.101113075	-860.751	314.616	1.571
1660201495.121109108	-860.751	315.172	1.571
1660201495.131113681	-860.751	315.727	1.571
1660201495.161153095	-860.751	316.283	1.571
1660201495.171111103	-860.751	316.838	1.571
1660201495.201111983	-860.751	317.394	1.571
1660201495.211112296	-860.751	317.950	1.571
1660201495.241143727	-860.751	318.505	1.571
1660201495.261121155	-860.751	319.061	1.571
1660201495.271111991	-860.751	319.616	1.571
1660201495.301122329	-860.751	320.172	1.571
1660201495.311099270	-860.751	320.727	1.571
1660201495.341115869	-860.751	321.283	1.571
1660201495.351114771	-860.751	321.838	1.571
1660201495.381110863	-860.751	322.394	1.571
1660201495.401110688	-860.751	322.949	1.571
1660201495.421109128	-860.751	323.505	1.571
1660201495.431109763	-860.751	324.061	1.571
1660201495.461124466	-860.751	324.616	1.571
1660201495.481132461	-860.751	325.172	1.571
1660201495.491129954	-860.751	325.727	1.571
1660201495.521112526	-860.751	326.283	1.571
1660201495.541135578	-860.751	326.838	1.571
1660201495.561116173	-860.751	327.394	1.571
1660201495.581112771	-860.751	327.949	1.571
1660201495.591114423	-860.751	328.505	1.571
1660201495.621111999	-860.751	329.061	1.571
1660201495.631113816	-860.751	329.616	1.571
1660201495.661109764	-860.751	330.172	1.571
1660201495.671116270	-860.751	330.727	1.571
1660201495.701115934	-860.751	331.283	1.571
1660201495.721080981	-860.751	331.838	1.571
1660201495.741117782	-860.751	332.394	1.571
1660201495.751116714	-860.751	332.949	1.571
1660201495.781167751	-860.751	333.505	1.571
1660201495.791136005	-860.751	334.061	1.571
1660201495.821115023	-860.751	334.616	1.571
1660201495.841115830	-860.751	335.172	1.571
1660201495.861117446	-860.751	335.727	1.571
1660201495.881117222	-860.751	336.283	1.571
1660201495.901109924	-860.751	336.838	1.571
1660201495.911110735	-860.751	337.394	1.571
1660201495.941117747	-860.751	337.949	1.571
1660201495.951108261	-860.751	338.505	1.571
1660201495.981116570	-860.751	339.061	1.571
1660201495.991111884	-860.751	339.616	1.571
1660201496.021113899	-860.751	340.172	1.571
1660201496.031115942	-860.751	340.727	1.571
1660201496.061114779	-860.751	341.283	1.571
1660201496.071114926	-860.751	341.838	1.571
1660201496.101116029	-860.751	342.394	1.571
1660201496.111110177	-860.751	342.949	1.571
1660201496.141111895	-860.751	343.505	1.571
1660201496.151113807	-860.751	344.061	1.571
1660201496.181139857	-860.751	344.616	1.571
1660201496.191150670	-860.751	345.172	1.571
1660201496.211117067	-860.751	345.727	1.571
1660201496.241133806	-860.751	346.283	1.571
1660201496.251114913	-860.751	346.838	1.571
1660201496.281111251	-860.751	347.394	1.571
1660201496.291117614	-860.751	347.949	1.571
1660201496.321112905	-860.751	348.505	1.571
1660201496.341115659	-860.751	349.061	1.571
1660201496.361108443	-860.751	349.616	1.571
1660201496.371110134	-860.751	350.172	1.571
1660201496.401113269	-860.751	350.727	1.571
1660201496.421111121	-860.751	351.283	1.571
1660201496.431115032	-860.751	351.838	1.571
1660201496.451116798	-860.751	352.394	1.571
1660201496.481124264	-860.751	352.949	1.571
1660201496.491117398	-860.751	353.505	1.571
1660201496.521118211	-860.751	354.061	1.571
1660201496.531117722	-860.751	354.616	1.571
1660201496.561109839	-860.751	355.172	1.571
1660201496.581114233	-860.751	355.727	1.571
1660201496.601110093	-860.751	356.283	1.571
1660201496.611112275	-860.751	356.838	1.571
1660201496.641114648	-860.751	357.394	1.571
1660201496.661119540	-860.751	357.949	1.571
1660201496.681103064	-860.751	358.505	1.571
1660201496.691111415	-860.751	359.061	1.571
1660201496.721110592	-860.751	359.616	1.571
1660201496.731141007	-860.751	360.172	1.571
1660201496.761113491	-860.751	360.727	1.571
1660201496.781105226	-860.751	361.283	1.571
1660201496.801110646	-860.751	361.838	1.571
1660201496.811114917	-860.751	362.394	1.571
1660201496.841111877	-860.751	362.949	1.571
1660201496.851107987	-860.751	363.505	1.571
1660201496.881108051	-860.751	364.061	1.571
1660201496.891132848	-860.751	364.616	1.571
1660201496.921116363	-860.751	365.172	1.571
1660201496.931108875	-860.751	365.727	1.571
1660201496.961112448	-860.751	366.283	1.571
1660201496.971117046	-860.751	366.838	1.571
1660201497.001114471	-860.751	367.394	1.571
1660201497.021110478	-860.751	367.949	1.571
1660201497.031108259	-860.751	368.505	1.571
1660201497.061112055	-860.751	369.061	1.571
1660201497.071116281	-860.751	369.616	1.571
1660201497.101116993	-860.751	370.172	1.571
1660201497.111125569	-860.751	370.727	1.571
1660201497.141113886	-860.751	371.283	1.571
1660201497.151118800	-860.751	371.838	1.571
1660201497.181114090	-860.751	372.394	1.571
1660201497.191112763	-860.751	372.949	1.571
1660201497.221118077	-860.751	373.505	1.571
1660201497.241166391	-860.751	374.061	1.571
1660201497.251120775	-860.751	374.616	1.571
1660201497.281118419	-860.751	375.172	1.571
1660201497.291139569	-860.751	375.727	1.571
1660201497.321115259	-860.751	376.283	1.571
1660201497.331118048	-860.751	376.838	1.571
1660201497.361117152	-860.751	377.394	1.571
1660201497.381123967	-860.751	377.949	1.571
1660201497.401110753	-860.751	378.505	1.571
1660201497.411107421	-860.751	379.061	1.571
1660201497.441112558	-860.751	379.616	1.571
1660201497.451106615	-860.751	380.172	1.571
1660201497.481116579	-860.751	380.727	1.571
1660201497.491118475	-860.751	381.283	1.571
1660201497.521118165	-860.751	381.838	1.571
1660201497.531112013	-860.751	382.394	1.571
1660201497.551106831	-860.751	382.949	1.571
1660201497.581117502	-860.751	383.505	1.571
1660201497.591116874	-860.751	384.061	1.571
1660201497.621112015	-860.751	384.616	1.571
1660201497.631115669	-860.751	385.172	1.571
1660201497.661111256	-860.751	385.727	1.571
1660201497.671115485	-860.751	386.283	1.571
1660201497.701123396	-860.751	386.838	1.571
1660201497.711116868	-860.751	387.394	1.571
1660201497.741112884	-860.751	387.949	1.571
1660201497.751120073	-860.751	388.505	1.571
1660201497.781115855	-860.751	389.061	1.571
1660201497.791128398	-860.751	389.616	1.571
1660201497.821112180	-860.751	390.172	1.571
1660201497.831109278	-860.751	390.727	1.571
1660201497.861116198	-860.751	391.283	1.571
1660201497.871117193	-860.751	391.838	1.571
1660201497.901082755	-860.751	392.394	1.571
1660201497.911111743	-860.751	392.949	1.571
1660201497.941114876	-860.751	393.505	1.571
1660201497.951115378	-860.751	394.061	1.571
1660201497.981119916	-860.751	394.616	1.571
1660201497.991121795	-860.751	395.172	1.571
1660201498.021117132	-860.751	395.727	1.571
1660201498.041127682	-860.751	396.283	1.571
1660201498.061121479	-860.751	396.838	1.571
1660201498.081111587	-860.751	397.394	1.571
1660201498.091119746	-860.751	397.949	1.571
1660201498.121111546	-860.751	398.505	1.571
1660201498.131114947	-860.751	399.061	1.571
1660201498.161114896	-860.751	399.616	1.571
1660201498.171118269	-860.751	400.172	1.571
1660201498.201115507	-860.751	400.727	1.571
1660201498.211113869	-860.751	401.283	1.571
1660201498.241121126	-860.751	401.838	1.571
1660201498.251117839	-860.751	402.394	1.571
1660201498.281108765	-860.751	402.949	1.571
1660201498.291110434	-860.751	403.505	1.571
1660201498.321112549	-860.751	404.060	1.571
1660201498.331122303	-860.751	404.616	1.571
1660201498.361108443	-860.751	405.172	1.571
1660201498.371113287	-860.751	405.727	1.571
1660201498.401106077	-860.751	406.283	1.571
1660201498.411111326	-860.751	406.838	1.571
1660201498.441114731	-860.751	407.394	1.571
1660201498.451108457	-860.751	407.949	1.571
1660201498.481076511	-860.751	408.505	1.571
1660201498.491110512	-860.751	409.060	1.571
1660201498.521116033	-860.751	409.616	1.571
1660201498.531112444	-860.751	410.171	1.571
1660201498.561129700	-860.751	410.727	1.571
1660201498.581121612	-860.751	411.282	1.571
1660201498.591127234	-860.751	411.838	1.571
1660201498.621114171	-860.751	412.394	1.571
1660201498.631119881	-860.751	412.949	1.571
1660201498.661109650	-860.751	413.505	1.571
1660201498.681119220	-860.751	414.060	1.571
1660201498.701112118	-860.751	414.616	1.571
1660201498.711113841	-860.751	415.171	1.571
1660201498.741114444	-860.751	415.727	1.571
1660201498.751114595	-860.751	416.282	1.571
1660201498.781119408	-860.751	416.838	1.571
1660201498.801113663	-860.751	417.393	1.571
1660201498.811117455	-860.751	417.949	1.571
1660201498.841124232	-860.751	418.504	1.571
1660201498.851076376	-860.751	419.060	1.571
1660201498.881116979	-860.751	419.616	1.571
1660201498.891116029	-860.751	420.171	1.571
1660201498.921122660	-860.751	420.727	1.571
1660201498.931116038	-860.751	421.282	1.571
1660201498.961108112	-860.751	421.838	1.571
1660201498.971116494	-860.751	422.393	1.571
1660201499.001091188	-860.751	422.949	1.571
1660201499.011082971	-860.751	423.504	1.571
1660201499.041115900	-860.751	424.060	1.571
1660201499.051118528	-860.751	424.615	1.571
1660201499.071117360	-860.751	425.171	1.571
1660201499.101109295	-860.751	425.726	1.571
1660201499.111115259	-860.751	426.282	1.571
1660201499.141111442	-860.751	426.837	1.571
1660201499.161112280	-860.751	427.393	1.571
1660201499.181119372	-860.751	427.949	1.571
1660201499.191108635	-860.751	428.504	1.571
1660201499.221116557	-860.751	429.060	1.571
1660201499.231117574	-860.751	429.615	1.571
1660201499.261121126	-860.751	430.171	1.571
1660201499.271111280	-860.751	430.726	1.571
1660201499.301109861	-860.751	431.282	1.571
1660201499.311117059	-860.751	431.837	1.571
1660201499.341128233	-860.751	432.393	1.571
1660201499.351118756	-860.751	432.948	1.571
1660201499.381166969	-860.751	433.504	1.571
1660201499.391113652	-860.751	434.059	1.571
1660201499.421116448	-860.751	434.615	1.571
1660201499.431121531	-860.751	435.171	1.571
1660201499.461124780	-860.751	435.726	1.571
1660201499.481121854	-860.751	436.282	1.571
1660201499.501109902	-860.751	436.837	1.571
1660201499.511113612	-860.751	437.393	1.571
1660201499.541117026	-860.751	437.948	1.571
1660201499.551111534	-860.751	438.504	1.571
1660201499.581115808	-860.751	439.059	1.571
1660201499.601113043	-860.751	439.615	1.571
1660201499.621114035	-860.751	440.170	1.571
1660201499.641114742	-860.751	440.726	1.571
1660201499.661128756	-860.751	441.281	1.571
1660201499.671110384	-860.751	441.837	1.571
1660201499.701126946	-860.751	442.393	1.571
1660201499.711117160	-860.751	442.948	1.571
1660201499.741120750	-860.751	443.504	1.571
1660201499.761112952	-860.751	444.059	1.571
1660201499.781111663	-860.751	444.615	1.571
1660201499.791114171	-860.751	445.170	1.571
1660201499.821112007	-860.751	445.726	1.571
1660201499.831115599	-860.751	446.281	1.571
1660201499.861110001	-860.751	446.837	1.571
1660201499.871110406	-860.751	447.392	1.571
1660201499.901118086	-860.751	447.948	1.571
1660201499.921109189	-860.751	448.503	1.571
1660201499.931112464	-860.751	449.059	1.571
1660201499.961117788	-860.751	449.615	1.571
1660201499.971111742	-860.751	450.170	1.571
1660201500.001117906	-860.751	450.726	1.571
1660201500.011115116	-860.751	451.281	1.571
1660201500.041113041	-860.751	451.837	1.571
1660201500.061118314	-860.751	452.392	1.571
1660201500.071115249	-860.751	452.948	1.571
1660201500.101112055	-860.751	453.503	1.571
1660201500.121122874	-860.751	454.059	1.571
1660201500.131115181	-860.751	454.614	1.571
1660201500.161120273	-860.751	455.170	1.571
1660201500.181116844	-860.751	455.726	1.571
1660201500.201114911	-860.751	456.281	1.571
1660201500.211115196	-860.751	456.837	1.571
1660201500.241117227	-860.751	457.392	1.571
1660201500.251111780	-860.751	457.948	1.571
1660201500.281115216	-860.751	458.503	1.571
1660201500.291121771	-860.751	459.059	1.571
1660201500.321114645	-860.751	459.614	1.571
1660201500.331111496	-860.751	460.170	1.571
1660201500.361113008	-860.751	460.725	1.571
1660201500.371121183	-860.751	461.281	1.571
1660201500.401120636	-860.751	461.837	1.571
1660201500.411126007	-860.751	462.392	1.571
1660201500.441117141	-860.751	462.948	1.571
1660201500.461125567	-860.751	463.503	1.571
1660201500.471117459	-860.751	464.059	1.571
1660201500.501110238	-860.751	464.614	1.571
1660201500.511119637	-860.751	465.170	1.571
1660201500.541119882	-860.751	465.725	1.571
1660201500.551120770	-860.751	466.281	1.571
1660201500.581122650	-860.751	466.836	1.571
1660201500.591125541	-860.751	467.392	1.571
1660201500.621111025	-860.751	467.948	1.571
1660201500.631116899	-860.751	468.503	1.571
1660201500.661108692	-860.751	469.059	1.571
1660201500.671116130	-860.751	469.614	1.571
1660201500.701083039	-860.751	470.170	1.571
1660201500.711110613	-860.751	470.725	1.571
1660201500.741111958	-860.751	471.281	1.571
1660201500.751136506	-860.751	471.836	1.571
1660201500.781115423	-860.751	472.392	1.571
1660201500.791107655	-860.751	472.948	1.571
1660201500.821117550	-860.751	473.503	1.571
1660201500.831113241	-860.751	474.059	1.571
1660201500.851116465	-860.751	474.614	1.571
1660201500.881112918	-860.751	475.170	1.571
1660201500.901111040	-860.751	475.725	1.571
1660201500.921115606	-860.751	476.281	1.571
1660201500.931122523	-860.751	476.836	1.571
1660201500.961116700	-860.751	477.392	1.571
1660201500.971121595	-860.751	477.947	1.571
1660201501.001121085	-860.751	478.503	1.571
1660201501.011119368	-860.751	479.059	1.571
1660201501.041110174	-860.751	479.614	1.571
1660201501.051118277	-860.751	480.170	1.571
1660201501.081111874	-860.751	480.725	1.571
1660201501.091107904	-860.751	481.281	1.571
1660201501.121112067	-860.751	481.836	1.571
1660201501.131114283	-860.751	482.392	1.571
1660201501.161113164	-860.751	482.947	1.571
1660201501.171113408	-860.751	483.503	1.571
1660201501.201110107	-860.751	484.059	1.571
1660201501.211116390	-860.751	484.614	1.571
1660201501.241112952	-860.751	485.170	1.571
1660201501.251111360	-860.751	485.725	1.571
1660201501.281114274	-860.751	486.281	1.571
1660201501.301114304	-860.751	486.836	1.571
1660201501.311125729	-860.751	487.392	1.571
1660201501.341117803	-860.751	487.947	1.571
1660201501.351113702	-860.751	488.503	1.571
1660201501.381115988	-860.751	489.058	1.571
1660201501.401114300	-860.751	489.614	1.571
1660201501.421116011	-860.751	490.169	1.571
1660201501.431118348	-860.751	490.725	1.571
1660201501.461115055	-860.751	491.281	1.571
1660201501.481110905	-860.751	491.836	1.571
1660201501.501133995	-860.751	492.392	1.571
1660201501.511111039	-860.751	492.947	1.571
1660201501.541088414	-860.751	493.503	1.571
1660201501.551108732	-860.751	494.058	1.571
1660201501.581123794	-860.751	494.614	1.571
1660201501.591115907	-860.751	495.169	1.571
1660201501.621118118	-860.751	495.725	1.571
1660201501.631119812	-860.751	496.280	1.571
1660201501.661125584	-860.751	496.836	1.571
1660201501.671116568	-860.751	497.391	1.571
1660201501.701115368	-860.751	497.947	1.571
1660201501.711112084	-860.751	498.503	1.571
1660201501.741110422	-860.751	499.058	1.571
1660201501.761084802	-860.751	499.614	1.571
1660201501.781117804	-860.751	500.169	1.571
1660201501.801126131	-860.751	500.725	1.571
1660201501.821114990	-860.751	501.280	1.571
1660201501.831112095	-860.751	501.836	1.571
1660201501.861112071	-860.751	502.391	1.571
1660201501.871123974	-860.751	502.947	1.571
1660201501.901122651	-860.751	503.502	1.571
1660201501.911115521	-860.751	504.058	1.571
1660201501.941083689	-860.751	504.613	1.571
1660201501.951115281	-860.751	505.169	1.571
1660201501.981117648	-860.751	505.724	1.571
1660201501.991115488	-860.751	506.280	1.571
1660201502.021116793	-860.751	506.836	1.571
1660201502.031121840	-860.751	507.391	1.571
1660201502.061114943	-860.751	507.947	1.571
1660201502.081131652	-860.751	508.502	1.571
1660201502.091113674	-860.751	509.058	1.571
1660201502.121124677	-860.751	509.613	1.571
1660201502.131109834	-860.751	510.169	1.571
1660201502.161114478	-860.751	510.724	1.571
1660201502.171106327	-860.751	511.280	1.571
1660201502.201113950	-860.751	511.835	1.571
1660201502.211120449	-860.751	512.391	1.571
1660201502.241111228	-860.751	512.946	1.571
1660201502.251111796	-860.751	513.502	1.571
1660201502.281112235	-860.751	514.058	1.571
1660201502.291114001	-860.751	514.613	1.571
1660201502.321114740	-860.751	515.169	1.571
1660201502.331122683	-860.751	515.724	1.571
1660201502.351116657	-860.751	516.280	1.571
1660201502.381132166	-860.751	516.835	1.571
1660201502.391127972	-860.751	517.391	1.571
1660201502.421109439	-860.751	517.946	1.571
1660201502.431116739	-860.751	518.502	1.571
1660201502.461115147	-860.751	519.057	1.571
1660201502.471113614	-860.751	519.613	1.571
1660201502.501127968	-860.751	520.168	1.571
1660201502.511099220	-860.751	520.724	1.571
1660201502.541113556	-860.751	521.280	1.571
1660201502.551112214	-860.751	521.835	1.571
1660201502.581117986	-860.751	522.391	1.571
1660201502.591115622	-860.751	522.946	1.571
1660201502.621115658	-860.751	523.502	1.571
1660201502.631112918	-860.751	524.057	1.571
1660201502.661114411	-860.751	524.613	1.571
1660201502.681116101	-860.751	525.168	1.571
1660201502.701113841	-860.751	525.724	1.571
1660201502.721118406	-860.751	526.279	1.571
1660201502.731111534	-860.751	526.835	1.571
1660201502.761117483	-860.751	527.391	1.571
1660201502.771110955	-860.751	527.946	1.571
1660201502.801117355	-860.751	528.502	1.571
1660201502.811116967	-860.751	529.057	1.571
1660201502.841110059	-860.751	529.613	1.571
1660201502.851108504	-860.751	530.168	1.571
1660201502.881111393	-860.751	530.724	1.571
1660201502.891109089	-860.751	531.279	1.571
1660201502.921116064	-860.751	531.835	1.571
1660201502.941109178	-860.751	532.390	1.571
1660201502.951111285	-860.751	532.946	1.571
1660201502.981115149	-860.751	533.501	1.571
1660201503.001113386	-860.751	534.057	1.571
1660201503.021112556	-860.751	534.613	1.571
1660201503.031119115	-860.751	535.168	1.571
1660201503.061117075	-860.751	535.724	1.571
1660201503.071111588	-860.751	536.279	1.571
1660201503.101116875	-860.751	536.835	1.571
1660201503.111115887	-860.751	537.390	1.571
1660201503.141111129	-860.751	537.946	1.571
1660201503.151125219	-860.751	538.501	1.571
1660201503.171111263	-860.751	539.057	1.571
1660201503.201071450	-860.751	539.612	1.571
1660201503.221115369	-860.751	540.168	1.571
1660201503.241110115	-860.751	540.724	1.571
1660201503.251113344	-860.751	541.279	1.571
1660201503.281116878	-860.751	541.835	1.571
1660201503.291115238	-860.751	542.390	1.571
1660201503.321115357	-860.751	542.946	1.571
1660201503.331118145	-860.751	543.501	1.571
1660201503.361115068	-860.751	544.057	1.571
1660201503.371114661	-860.751	544.612	1.571
1660201503.401113374	-860.751	545.168	1.571
1660201503.421117098	-860.751	545.723	1.571
1660201503.431118932	-860.751	546.279	1.571
1660201503.461115508	-860.751	546.835	1.571
1660201503.471114708	-860.751	547.390	1.571
1660201503.501116505	-860.751	547.946	1.571
1660201503.511118971	-860.751	548.501	1.571
1660201503.541110397	-860.751	549.057	1.571
1660201503.551113690	-860.751	549.612	1.571
1660201503.581119957	-860.751	550.168	1.571
1660201503.591113848	-860.751	550.723	1.571
1660201503.621090854	-860.751	551.279	1.571
1660201503.631114285	-860.751	551.834	1.571
1660201503.651111029	-860.751	552.390	1.571
1660201503.681115736	-860.751	552.945	1.571
1660201503.701111525	-860.751	553.501	1.571
1660201503.721073616	-860.751	554.057	1.571
1660201503.731121122	-860.751	554.612	1.571
1660201503.761121296	-860.751	555.168	1.571
1660201503.771114607	-860.751	555.723	1.571
1660201503.801109813	-860.751	556.279	1.571
1660201503.811115806	-860.751	556.834	1.571
1660201503.841067077	-860.751	557.390	1.571
1660201503.861117793	-860.751	557.945	1.571
1660201503.881127903	-860.751	558.501	1.571
1660201503.891110552	-860.751	559.056	1.571
1660201503.921114626	-860.751	559.612	1.571
1660201503.931117756	-860.751	560.167	1.571
1660201503.961111229	-860.751	560.723	1.571
1660201503.971114401	-860.751	561.278	1.571
1660201504.001093108	-860.751	561.834	1.571
1660201504.011116729	-860.751	562.390	1.571
1660201504.041110618	-860.751	562.945	1.571
1660201504.051114273	-860.751	563.501	1.571
1660201504.081113970	-860.751	564.056	1.571
1660201504.091119177	-860.751	564.612	1.571
1660201504.121109311	-860.751	565.167	1.571
1660201504.131111316	-860.751	565.723	1.571
1660201504.161065118	-860.751	566.278	1.571
1660201504.171112682	-860.751	566.834	1.571
1660201504.201117434	-860.751	567.389	1.571
1660201504.211114808	-860.751	567.945	1.571
1660201504.241110351	-860.751	568.500	1.571
1660201504.251127860	-860.751	569.056	1.571
1660201504.281113761	-860.751	569.611	1.571
1660201504.301117138	-860.751	570.167	1.571
1660201504.311116746	-860.751	570.722	1.571
1660201504.341116643	-860.751	571.278	1.571
1660201504.361107408	-860.751	571.834	1.571
1660201504.371094498	-860.751	572.389	1.571
1660201504.401111291	-860.751	572.945	1.571
1660201504.411117488	-860.751	573.500	1.571
1660201504.441109488	-860.751	574.056	1.571
1660201504.451082271	-860.751	574.611	1.571
1660201504.481108138	-860.751	575.167	1.571
1660201504.491111753	-860.751	575.722	1.571
1660201504.521112302	-860.751	576.278	1.571
1660201504.531112988	-860.751	576.833	1.571
1660201504.561111334	-860.751	577.389	1.571
1660201504.571115450	-860.751	577.944	1.571
1660201504.601127670	-860.751	578.500	1.571
1660201504.621120923	-860.751	579.055	1.571
1660201504.631119855	-860.751	579.611	1.571
1660201504.661116615	-860.751	580.167	1.571
1660201504.681132738	-860.751	580.722	1.571
1660201504.691117962	-860.751	581.278	1.571
1660201504.721115608	-860.751	581.833	1.571
1660201504.731113471	-860.751	582.389	1.571
1660201504.751112563	-860.751	582.944	1.571
1660201504.781114705	-860.751	583.500	1.571
1660201504.801116257	-860.751	584.055	1.571
1660201504.821108744	-860.751	584.611	1.571
1660201504.831117983	-860.751	585.166	1.571
1660201504.861115256	-860.751	585.722	1.571
1660201504.871114232	-860.751	586.277	1.571
1660201504.901118859	-860.751	586.833	1.571
1660201504.911110662	-860.751	587.389	1.571
1660201504.941118775	-860.751	587.944	1.571
1660201504.961115103	-860.751	588.500	1.571
1660201504.971103913	-860.751	589.055	1.571
1660201505.001109533	-860.751	589.611	1.571
1660201505.011111997	-860.751	590.166	1.571
1660201505.031116796	-860.751	590.722	1.571
1660201505.061122720	-860.751	591.277	1.571
1660201505.081119417	-860.751	591.833	1.571
1660201505.101116299	-860.751	592.388	1.571
1660201505.111114703	-860.751	592.944	1.571
1660201505.141154590	-860.751	593.499	1.571
1660201505.151117985	-860.751	594.055	1.571
1660201505.181121668	-860.751	594.611	1.571
1660201505.191120119	-860.751	595.166	1.571
1660201505.221115856	-860.751	595.722	1.571
1660201505.241113333	-860.751	596.277	1.571
1660201505.251108435	-860.751	596.833	1.571
1660201505.281112895	-860.751	597.388	1.571
1660201505.291114838	-860.751	597.944	1.571
1660201505.321118393	-860.751	598.499	1.571
1660201505.331115088	-860.751	599.055	1.571
1660201505.361114267	-860.751	599.610	1.571
1660201505.371115286	-860.751	600.166	1.571
1660201505.401118526	-860.751	600.722	1.571
1660201505.421113367	-860.751	601.277	1.571
1660201505.431134762	-860.751	601.833	1.571
1660201505.461116391	-860.751	602.388	1.571
1660201505.471122923	-860.751	602.944	1.571
1660201505.501110121	-860.751	603.499	1.571
1660201505.511125774	-860.751	604.055	1.571
1660201505.531118832	-860.751	604.610	1.571
1660201505.561110270	-860.751	605.166	1.571
