-363.783	-37.060	0.006
-363.506	-37.059	0.006
-363.228	-37.057	0.006
-362.951	-37.055	0.006
-362.674	-37.053	0.006
-362.398	-37.052	0.006
-362.121	-37.050	0.006
-361.846	-37.048	0.006
-361.571	-37.046	0.006
-361.296	-37.045	0.006
-361.023	-37.043	0.006
-360.750	-37.041	0.006
-360.478	-37.039	0.006
-360.207	-37.038	0.006
-359.937	-37.036	0.006
-359.668	-37.035	0.006
-359.401	-37.033	0.006
-359.134	-37.031	0.006
-358.868	-37.030	0.006
-358.604	-37.028	0.006
-358.341	-37.027	0.005
-358.079	-37.025	0.005
-357.819	-37.024	0.005
-357.560	-37.023	0.005
-357.302	-37.021	0.005
-357.046	-37.020	0.005
-356.791	-37.018	0.005
-356.538	-37.017	0.005
-356.286	-37.016	0.005
-356.036	-37.014	0.005
-355.787	-37.013	0.005
-355.540	-37.012	0.005
-355.294	-37.011	0.005
-355.050	-37.009	0.005
-354.808	-37.008	0.005
-354.567	-37.007	0.005
-354.327	-37.006	0.005
-354.089	-37.005	0.005
-353.853	-37.004	0.005
-353.618	-37.002	0.005
-353.385	-37.001	0.005
-353.153	-37.000	0.005
-352.923	-36.999	0.004
-352.694	-36.998	0.004
-352.467	-36.997	0.004
-352.241	-36.996	0.004
-352.016	-36.995	0.004
-351.793	-36.994	0.004
-351.571	-36.993	0.004
-351.350	-36.992	0.004
-351.131	-36.991	0.004
-350.913	-36.990	0.004
-350.696	-36.989	0.004
-350.481	-36.988	0.004
-350.266	-36.988	0.004
-350.053	-36.987	0.004
-349.841	-36.986	0.004
-349.630	-36.985	0.004
-349.420	-36.984	0.004
-349.211	-36.983	0.004
-349.004	-36.983	0.004
-348.797	-36.982	0.004
-348.591	-36.981	0.004
-348.386	-36.980	0.004
-348.182	-36.979	0.004
-347.980	-36.979	0.004
-347.778	-36.978	0.004
-347.576	-36.977	0.004
-347.376	-36.976	0.004
-346.978	-36.975	0.004
-346.583	-36.973	0.004
-346.192	-36.972	0.003
-345.803	-36.971	0.003
-345.417	-36.969	0.003
-345.033	-36.968	0.003
-344.652	-36.967	0.003
-344.274	-36.965	0.003
-343.898	-36.964	0.003
-343.524	-36.963	0.003
-343.152	-36.962	0.003
-342.781	-36.961	0.003
-342.413	-36.960	0.003
-342.047	-36.958	0.003
-341.682	-36.957	0.003
-341.319	-36.956	0.003
-340.957	-36.955	0.003
-340.597	-36.954	0.003
-340.238	-36.953	0.003
-339.881	-36.952	0.003
-339.525	-36.951	0.003
-339.170	-36.950	0.003
-338.816	-36.949	0.003
-338.463	-36.948	0.003
-338.111	-36.947	0.003
-337.760	-36.946	0.003
-337.410	-36.945	0.003
-337.061	-36.944	0.003
-336.713	-36.943	0.003
-336.365	-36.942	0.003
-336.018	-36.941	0.003
-335.672	-36.940	0.003
-335.327	-36.939	0.003
-334.982	-36.938	0.003
-334.638	-36.937	0.003
-334.295	-36.936	0.003
-333.952	-36.935	0.003
-333.610	-36.934	0.003
-333.268	-36.933	0.003
-332.927	-36.932	0.003
-332.587	-36.932	0.003
-332.248	-36.931	0.003
-331.909	-36.930	0.003
-331.571	-36.929	0.003
-331.233	-36.928	0.003
-330.896	-36.927	0.003
-330.560	-36.926	0.003
-330.225	-36.925	0.003
-329.890	-36.924	0.003
-329.555	-36.923	0.003
-329.221	-36.923	0.003
-328.888	-36.922	0.003
-328.554	-36.921	0.003
-328.222	-36.920	0.003
-327.889	-36.919	0.003
-327.557	-36.918	0.003
-327.225	-36.917	0.003
-326.893	-36.916	0.003
-326.561	-36.915	0.003
-326.230	-36.915	0.003
-325.899	-36.914	0.003
-325.567	-36.913	0.003
-325.236	-36.912	0.003
-324.905	-36.911	0.003
-324.574	-36.910	0.003
-324.242	-36.909	0.003
-323.911	-36.908	0.003
-323.580	-36.908	0.003
-323.249	-36.907	0.003
-322.918	-36.906	0.003
-322.586	-36.905	0.003
-322.255	-36.904	0.003
-321.924	-36.903	0.003
-321.593	-36.902	0.003
-321.261	-36.901	0.003
-320.930	-36.900	0.003
-320.598	-36.900	0.003
-320.267	-36.899	0.003
-319.936	-36.898	0.003
-319.604	-36.897	0.003
-319.273	-36.896	0.003
-318.941	-36.895	0.003
-318.609	-36.894	0.003
-318.278	-36.893	0.003
-317.946	-36.893	0.003
-317.614	-36.892	0.003
-317.283	-36.891	0.003
-316.951	-36.890	0.003
-316.619	-36.889	0.003
-316.287	-36.888	0.003
-315.955	-36.887	0.003
-315.624	-36.887	0.003
-315.292	-36.886	0.003
-314.960	-36.885	0.003
-314.628	-36.884	0.003
-314.296	-36.883	0.003
-313.964	-36.882	0.003
-313.632	-36.881	0.003
-313.300	-36.881	0.003
-312.968	-36.880	0.002
-312.635	-36.879	0.002
-312.303	-36.878	0.002
-311.971	-36.877	0.002
-311.639	-36.876	0.002
-311.307	-36.876	0.002
-310.975	-36.875	0.002
-310.642	-36.874	0.002
-310.310	-36.873	0.002
-309.978	-36.872	0.002
-309.645	-36.872	0.002
-309.313	-36.871	0.002
-308.981	-36.870	0.002
-308.648	-36.869	0.002
-308.316	-36.868	0.002
-307.984	-36.868	0.002
-307.651	-36.867	0.002
-307.319	-36.866	0.002
-306.986	-36.865	0.002
-306.654	-36.865	0.002
-306.322	-36.864	0.002
-305.989	-36.863	0.002
-305.657	-36.862	0.002
-305.324	-36.862	0.002
-304.992	-36.861	0.002
-304.659	-36.860	0.002
-304.327	-36.860	0.002
-303.994	-36.859	0.002
-303.662	-36.858	0.002
-303.329	-36.857	0.002
-302.997	-36.857	0.002
-302.664	-36.856	0.002
-302.331	-36.855	0.002
-301.999	-36.855	0.002
-301.666	-36.854	0.002
-301.334	-36.853	0.002
-301.001	-36.853	0.002
-300.669	-36.852	0.002
-300.336	-36.851	0.002
-300.003	-36.851	0.002
-299.671	-36.850	0.002
-299.338	-36.849	0.002
-299.006	-36.849	0.002
-298.673	-36.848	0.002
-298.340	-36.848	0.002
-298.008	-36.847	0.002
-297.675	-36.846	0.002
-297.342	-36.846	0.002
-297.010	-36.845	0.002
-296.677	-36.845	0.002
-296.344	-36.844	0.002
-296.012	-36.843	0.002
-295.679	-36.843	0.002
-295.346	-36.842	0.002
-295.014	-36.842	0.002
-294.681	-36.841	0.002
-294.348	-36.841	0.002
-294.016	-36.840	0.002
-293.683	-36.840	0.002
-293.350	-36.839	0.002
-293.018	-36.838	0.002
-292.685	-36.838	0.002
-292.352	-36.837	0.002
-292.020	-36.837	0.002
-291.687	-36.836	0.001
-291.354	-36.836	0.001
-291.022	-36.835	0.001
-290.689	-36.835	0.001
-290.356	-36.834	0.001
-290.024	-36.834	0.001
-289.691	-36.833	0.001
-289.358	-36.833	0.001
-289.026	-36.833	0.001
-288.693	-36.832	0.001
-288.360	-36.832	0.001
-288.028	-36.831	0.001
-287.695	-36.831	0.001
-287.362	-36.830	0.001
-287.030	-36.830	0.001
-286.697	-36.829	0.001
-286.364	-36.829	0.001
-286.031	-36.829	0.001
-285.699	-36.828	0.001
-285.366	-36.828	0.001
-285.033	-36.827	0.001
-284.701	-36.827	0.001
-284.368	-36.827	0.001
-284.035	-36.826	0.001
-283.703	-36.826	0.001
-283.370	-36.825	0.001
-283.037	-36.825	0.001
-282.705	-36.825	0.001
-282.372	-36.824	0.001
-282.039	-36.824	0.001
-281.707	-36.824	0.001
-281.374	-36.823	0.001
-281.041	-36.823	0.001
-280.709	-36.822	0.001
-280.376	-36.822	0.001
-280.043	-36.822	0.001
-279.711	-36.821	0.001
-279.378	-36.821	0.001
-279.045	-36.821	0.001
-278.713	-36.820	0.001
-278.380	-36.820	0.001
-278.047	-36.820	0.001
-277.715	-36.819	0.001
-277.382	-36.819	0.001
-277.049	-36.819	0.001
-276.717	-36.819	0.001
-276.384	-36.818	0.001
-276.051	-36.818	0.001
-275.719	-36.818	0.001
-275.386	-36.817	0.001
-275.053	-36.817	0.001
-274.721	-36.817	0.001
-274.388	-36.817	0.001
-274.055	-36.816	0.001
-273.723	-36.816	0.001
-273.390	-36.816	0.001
-273.057	-36.815	0.001
-272.725	-36.815	0.001
-272.392	-36.815	0.001
-272.059	-36.815	0.001
-271.727	-36.814	0.001
-271.394	-36.814	0.001
-271.061	-36.814	0.001
-270.729	-36.814	0.001
-270.396	-36.813	0.001
-270.064	-36.813	0.001
-269.731	-36.813	0.001
-269.398	-36.813	0.001
-269.066	-36.813	0.001
-268.733	-36.812	0.001
-268.400	-36.812	0.001
-268.068	-36.812	0.001
-267.735	-36.812	0.001
-267.402	-36.812	0.001
-267.070	-36.811	0.001
-266.737	-36.811	0.001
-266.405	-36.811	0.001
-266.072	-36.811	0.001
-265.739	-36.811	0.001
-265.407	-36.810	0.001
-265.074	-36.810	0.001
-264.741	-36.810	0.000
-264.409	-36.810	0.000
-264.076	-36.810	0.000
-263.744	-36.810	0.000
-263.411	-36.809	0.000
-263.078	-36.809	0.000
-262.746	-36.809	0.000
-262.413	-36.809	0.000
-262.081	-36.809	0.000
-261.748	-36.809	0.000
-261.415	-36.809	0.000
-261.083	-36.808	0.000
-260.750	-36.808	0.000
-260.418	-36.808	0.000
-260.085	-36.808	0.000
-259.752	-36.808	0.000
-259.420	-36.808	0.000
-259.087	-36.808	0.000
-258.755	-36.808	0.000
-258.422	-36.808	0.000
-258.090	-36.807	0.000
-257.757	-36.807	0.000
-257.424	-36.807	0.000
-257.092	-36.807	0.000
-256.759	-36.807	0.000
-256.427	-36.807	0.000
-256.094	-36.807	0.000
-255.761	-36.807	0.000
-255.429	-36.807	0.000
-255.096	-36.807	0.000
-254.764	-36.807	0.000
-254.431	-36.807	0.000
-254.099	-36.807	0.000
-253.766	-36.806	0.000
-253.434	-36.806	0.000
-253.101	-36.806	0.000
-252.768	-36.806	0.000
-252.436	-36.806	0.000
-252.103	-36.806	0.000
-251.771	-36.806	0.000
-251.438	-36.806	0.000
-251.106	-36.806	0.000
-250.773	-36.806	0.000
-250.441	-36.806	0.000
-250.108	-36.806	0.000
-249.775	-36.806	0.000
-249.443	-36.806	0.000
-249.110	-36.806	-0.000
-248.778	-36.806	-0.000
-248.445	-36.806	-0.000
-248.113	-36.806	-0.000
-247.780	-36.806	-0.000
-247.448	-36.806	-0.000
-247.115	-36.806	-0.000
-246.783	-36.806	-0.000
-246.450	-36.806	-0.000
-246.118	-36.806	-0.000
-245.785	-36.806	-0.000
-245.453	-36.806	-0.000
-245.120	-36.806	-0.000
-244.788	-36.806	-0.000
-244.455	-36.806	-0.000
-244.122	-36.806	-0.000
-243.790	-36.807	-0.000
-243.457	-36.807	-0.000
-243.125	-36.807	-0.000
-242.792	-36.807	-0.000
-242.460	-36.807	-0.000
-242.127	-36.807	-0.000
-241.795	-36.807	-0.000
-241.462	-36.807	-0.000
-241.130	-36.807	-0.000
-240.797	-36.807	-0.000
-240.465	-36.807	-0.000
-240.132	-36.807	-0.000
-239.800	-36.807	-0.000
-239.467	-36.807	-0.000
-239.135	-36.808	-0.000
-238.802	-36.808	-0.000
-238.470	-36.808	-0.000
-238.138	-36.808	-0.000
-237.805	-36.808	-0.000
-237.473	-36.808	-0.000
-237.140	-36.808	-0.000
-236.808	-36.808	-0.000
-236.475	-36.808	-0.000
-236.143	-36.809	-0.000
-235.810	-36.809	-0.000
-235.478	-36.809	-0.000
-235.145	-36.809	-0.000
-234.813	-36.809	-0.000
-234.480	-36.809	-0.000
-234.148	-36.809	-0.000
-233.815	-36.810	-0.000
-233.483	-36.810	-0.000
-233.150	-36.810	-0.000
-232.818	-36.810	-0.000
-232.486	-36.810	-0.001
-232.153	-36.810	-0.001
-231.821	-36.811	-0.001
-231.488	-36.811	-0.001
-231.156	-36.811	-0.001
-230.823	-36.811	-0.001
-230.491	-36.811	-0.001
-230.158	-36.811	-0.001
-229.826	-36.812	-0.001
-229.494	-36.812	-0.001
-229.161	-36.812	-0.001
-228.829	-36.812	-0.001
-228.496	-36.812	-0.001
-228.164	-36.813	-0.001
-227.831	-36.813	-0.001
-227.499	-36.813	-0.001
-227.167	-36.813	-0.001
-226.834	-36.814	-0.001
-226.502	-36.814	-0.001
-226.169	-36.814	-0.001
-225.837	-36.814	-0.001
-225.504	-36.814	-0.001
-225.172	-36.815	-0.001
-224.840	-36.815	-0.001
-224.507	-36.815	-0.001
-224.175	-36.815	-0.001
-223.842	-36.816	-0.001
-223.510	-36.816	-0.001
-223.178	-36.816	-0.001
-222.845	-36.816	-0.001
-222.513	-36.817	-0.001
-222.180	-36.817	-0.001
-221.848	-36.817	-0.001
-221.516	-36.817	-0.001
-221.183	-36.818	-0.001
-220.851	-36.818	-0.001
-220.518	-36.818	-0.001
-220.186	-36.818	-0.001
-219.854	-36.819	-0.001
-219.521	-36.819	-0.001
-219.189	-36.819	-0.001
-218.856	-36.820	-0.001
-218.524	-36.820	-0.001
-218.191	-36.820	-0.001
-217.859	-36.820	-0.001
-217.527	-36.821	-0.001
-217.194	-36.821	-0.001
-216.862	-36.821	-0.001
-216.529	-36.822	-0.001
-216.197	-36.822	-0.001
-215.864	-36.822	-0.001
-215.532	-36.823	-0.001
-215.199	-36.823	-0.001
-214.867	-36.823	-0.001
-214.534	-36.824	-0.001
-214.201	-36.824	-0.001
-213.869	-36.824	-0.001
-213.536	-36.825	-0.001
-213.204	-36.825	-0.001
-212.871	-36.825	-0.001
-212.539	-36.826	-0.001
-212.206	-36.826	-0.001
-211.873	-36.826	-0.001
-211.541	-36.827	-0.001
-211.208	-36.827	-0.001
-210.875	-36.827	-0.001
-210.543	-36.828	-0.001
-210.210	-36.828	-0.001
-209.877	-36.828	-0.001
-209.545	-36.829	-0.001
-209.212	-36.829	-0.001
-208.879	-36.829	-0.001
-208.547	-36.830	-0.001
-208.214	-36.830	-0.001
-207.881	-36.831	-0.001
-207.549	-36.831	-0.001
-207.216	-36.831	-0.001
-206.883	-36.832	-0.001
-206.550	-36.832	-0.001
-206.218	-36.832	-0.001
-205.885	-36.833	-0.001
-205.552	-36.833	-0.001
-205.219	-36.834	-0.001
-204.887	-36.834	-0.001
-204.554	-36.834	-0.001
-204.221	-36.835	-0.001
-203.888	-36.835	-0.001
-203.556	-36.836	-0.001
-203.223	-36.836	-0.001
-202.890	-36.837	-0.001
-202.557	-36.837	-0.001
-202.224	-36.837	-0.001
-201.892	-36.838	-0.001
-201.559	-36.838	-0.001
-201.226	-36.839	-0.001
-200.893	-36.839	-0.001
-200.560	-36.839	-0.001
-200.228	-36.840	-0.001
-199.895	-36.840	-0.001
-199.562	-36.841	-0.001
-199.229	-36.841	-0.001
-198.896	-36.842	-0.001
-198.564	-36.842	-0.001
-198.231	-36.843	-0.001
-197.898	-36.843	-0.001
-197.565	-36.843	-0.001
-197.232	-36.844	-0.001
-196.899	-36.844	-0.001
-196.567	-36.845	-0.001
-196.234	-36.845	-0.001
-195.901	-36.846	-0.001
-195.568	-36.846	-0.001
-195.235	-36.847	-0.001
-194.902	-36.847	-0.001
-194.569	-36.848	-0.001
-194.237	-36.848	-0.001
-193.904	-36.849	-0.001
-193.571	-36.849	-0.001
-193.238	-36.850	-0.001
-192.905	-36.850	-0.001
-192.572	-36.851	-0.001
-192.239	-36.851	-0.001
-191.907	-36.852	-0.001
-191.574	-36.852	-0.002
-191.241	-36.853	-0.002
-190.908	-36.853	-0.002
-190.575	-36.854	-0.002
-190.242	-36.854	-0.002
-189.909	-36.855	-0.002
-189.577	-36.855	-0.002
-189.244	-36.856	-0.002
-188.911	-36.856	-0.002
-188.578	-36.857	-0.002
-188.245	-36.857	-0.002
-187.912	-36.858	-0.002
-187.579	-36.858	-0.002
-187.246	-36.859	-0.002
-186.914	-36.859	-0.002
-186.581	-36.860	-0.002
-186.248	-36.860	-0.002
-185.915	-36.861	-0.002
-185.582	-36.861	-0.002
-185.249	-36.862	-0.002
-184.916	-36.863	-0.002
-184.583	-36.863	-0.002
-184.251	-36.864	-0.002
-183.918	-36.864	-0.002
-183.585	-36.865	-0.002
-183.252	-36.865	-0.002
-182.919	-36.866	-0.002
-182.586	-36.866	-0.002
-182.253	-36.867	-0.002
-181.920	-36.868	-0.002
-181.588	-36.868	-0.002
-181.255	-36.869	-0.002
-180.922	-36.869	-0.002
-180.589	-36.870	-0.002
-180.256	-36.870	-0.002
-179.923	-36.871	-0.002
-179.590	-36.872	-0.002
-179.257	-36.872	-0.002
-178.925	-36.873	-0.002
-178.592	-36.873	-0.002
-178.259	-36.874	-0.002
-177.926	-36.874	-0.002
-177.593	-36.875	-0.002
-177.260	-36.876	-0.002
-176.927	-36.876	-0.002
-176.594	-36.877	-0.002
-176.261	-36.877	-0.002
-175.929	-36.878	-0.002
-175.596	-36.879	-0.002
-175.263	-36.879	-0.002
-174.930	-36.880	-0.002
-174.597	-36.881	-0.002
-174.264	-36.881	-0.002
-173.931	-36.882	-0.002
-173.598	-36.882	-0.002
-173.266	-36.883	-0.002
-172.933	-36.884	-0.002
-172.600	-36.884	-0.002
-172.267	-36.885	-0.002
-171.934	-36.885	-0.002
-171.601	-36.886	-0.002
-171.268	-36.887	-0.002
-170.935	-36.887	-0.002
-170.602	-36.888	-0.002
-170.270	-36.889	-0.002
-169.937	-36.889	-0.002
-169.604	-36.890	-0.002
-169.271	-36.891	-0.002
-168.938	-36.891	-0.002
-168.605	-36.892	-0.002
-168.272	-36.893	-0.002
-167.939	-36.893	-0.002
-167.607	-36.894	-0.002
-167.274	-36.894	-0.002
-166.941	-36.895	-0.002
-166.608	-36.896	-0.002
-166.275	-36.896	-0.002
-165.942	-36.897	-0.002
-165.609	-36.898	-0.002
-165.276	-36.898	-0.002
-164.943	-36.899	-0.002
-164.611	-36.900	-0.002
-164.278	-36.900	-0.002
-163.945	-36.901	-0.002
-163.612	-36.902	-0.002
-163.279	-36.902	-0.002
-162.946	-36.903	-0.002
-162.613	-36.904	-0.002
-162.280	-36.905	-0.002
-161.947	-36.905	-0.002
-161.615	-36.906	-0.002
-161.282	-36.907	-0.002
-160.949	-36.907	-0.002
-160.616	-36.908	-0.002
-160.283	-36.909	-0.002
-159.950	-36.909	-0.002
-159.617	-36.910	-0.002
-159.284	-36.911	-0.002
-158.951	-36.911	-0.002
-158.619	-36.912	-0.002
-158.286	-36.913	-0.002
-157.953	-36.914	-0.002
-157.620	-36.914	-0.002
-157.287	-36.915	-0.002
-156.954	-36.916	-0.002
-156.621	-36.916	-0.002
-156.288	-36.917	-0.002
-155.956	-36.918	-0.002
-155.623	-36.919	-0.002
-155.290	-36.919	-0.002
-154.957	-36.920	-0.002
-154.624	-36.921	-0.002
-154.291	-36.921	-0.002
-153.958	-36.922	-0.002
-153.625	-36.923	-0.002
-153.292	-36.924	-0.002
-152.960	-36.924	-0.002
-152.627	-36.925	-0.002
-152.294	-36.926	-0.002
-151.961	-36.927	-0.002
-151.628	-36.927	-0.002
-151.295	-36.928	-0.002
-150.962	-36.929	-0.002
-150.629	-36.930	-0.002
-150.296	-36.930	-0.002
-149.964	-36.931	-0.002
-149.631	-36.932	-0.002
-149.298	-36.933	-0.002
-148.965	-36.933	-0.002
-148.632	-36.934	-0.002
-148.299	-36.935	-0.002
-147.966	-36.936	-0.002
-147.633	-36.936	-0.002
-147.301	-36.937	-0.002
-146.968	-36.938	-0.002
-146.635	-36.939	-0.002
-146.302	-36.939	-0.002
-145.969	-36.940	-0.002
-145.636	-36.941	-0.002
-145.303	-36.942	-0.002
-144.970	-36.943	-0.002
-144.637	-36.943	-0.002
-144.305	-36.944	-0.002
-143.972	-36.945	-0.002
-143.639	-36.946	-0.002
-143.306	-36.946	-0.002
-142.973	-36.947	-0.002
-142.640	-36.948	-0.002
-142.307	-36.949	-0.002
-141.974	-36.950	-0.002
-141.641	-36.950	-0.002
-141.309	-36.951	-0.002
-140.976	-36.952	-0.002
-140.643	-36.953	-0.002
-140.310	-36.954	-0.002
-139.977	-36.954	-0.002
-139.644	-36.955	-0.002
-139.311	-36.956	-0.002
-138.978	-36.957	-0.002
-138.645	-36.958	-0.002
-138.313	-36.958	-0.002
-137.980	-36.959	-0.002
-137.647	-36.960	-0.002
-137.314	-36.961	-0.002
-136.981	-36.962	-0.002
-136.648	-36.962	-0.002
-136.315	-36.963	-0.002
-135.982	-36.964	-0.002
-135.650	-36.965	-0.002
-135.317	-36.966	-0.002
-134.984	-36.967	-0.002
-134.651	-36.967	-0.002
-134.318	-36.968	-0.002
-133.985	-36.969	-0.002
-133.652	-36.970	-0.002
-133.319	-36.971	-0.003
-132.986	-36.972	-0.003
-132.653	-36.972	-0.003
-132.321	-36.973	-0.003
-131.988	-36.974	-0.003
-131.655	-36.975	-0.003
-131.322	-36.976	-0.003
-130.989	-36.977	-0.003
-130.655	-36.977	-0.003
-130.322	-36.978	-0.003
-129.989	-36.979	-0.003
-129.656	-36.980	-0.003
-129.323	-36.981	-0.003
-128.989	-36.982	-0.003
-128.656	-36.982	-0.003
-128.322	-36.983	-0.003
-127.989	-36.984	-0.003
-127.655	-36.985	-0.003
-127.322	-36.986	-0.003
-126.988	-36.987	-0.003
-126.655	-36.988	-0.003
-126.321	-36.989	-0.003
-125.987	-36.989	-0.003
-125.654	-36.990	-0.003
-125.320	-36.991	-0.003
-124.986	-36.992	-0.003
-124.652	-36.993	-0.003
-124.318	-36.994	-0.003
-123.985	-36.995	-0.003
-123.651	-36.995	-0.003
-123.317	-36.996	-0.003
-122.983	-36.997	-0.003
-122.649	-36.998	-0.003
-122.315	-36.999	-0.003
-121.980	-37.000	-0.003
-121.646	-37.001	-0.003
-121.312	-37.002	-0.003
-120.978	-37.003	-0.003
-120.644	-37.003	-0.003
-120.310	-37.004	-0.003
-119.975	-37.005	-0.003
-119.641	-37.006	-0.003
-119.307	-37.007	-0.003
-118.972	-37.008	-0.003
-118.638	-37.009	-0.003
-118.304	-37.010	-0.003
-117.969	-37.011	-0.003
-117.635	-37.012	-0.003
-117.301	-37.013	-0.003
-116.966	-37.013	-0.003
-116.632	-37.014	-0.003
-116.297	-37.015	-0.003
-115.963	-37.016	-0.003
-115.628	-37.017	-0.003
-115.294	-37.018	-0.003
-114.959	-37.019	-0.003
-114.624	-37.020	-0.003
-114.290	-37.021	-0.003
-113.955	-37.022	-0.003
-113.621	-37.023	-0.003
-113.286	-37.024	-0.003
-112.951	-37.025	-0.003
-112.617	-37.026	-0.003
-112.282	-37.026	-0.003
-111.947	-37.027	-0.003
-111.613	-37.028	-0.003
-111.278	-37.029	-0.003
-110.943	-37.030	-0.003
-110.608	-37.031	-0.003
-110.274	-37.032	-0.003
-109.939	-37.033	-0.003
-109.604	-37.034	-0.003
-109.269	-37.035	-0.003
-108.934	-37.036	-0.003
-108.600	-37.037	-0.003
-108.265	-37.038	-0.003
-107.932	-37.039	-0.003
-107.600	-37.040	-0.003
-107.268	-37.041	-0.003
-106.936	-37.041	-0.002
-106.605	-37.042	-0.002
-106.276	-37.042	-0.002
-105.950	-37.043	-0.001
-105.625	-37.044	-0.001
-105.302	-37.044	-0.000
-104.982	-37.044	-0.000
-104.671	-37.044	0.000
-104.367	-37.044	-0.000
-104.066	-37.044	-0.000
-103.760	-37.043	-0.001
-103.448	-37.042	-0.001
-103.132	-37.041	-0.002
-102.812	-37.040	-0.003
-102.490	-37.038	-0.004
-102.167	-37.037	-0.005
-101.842	-37.035	-0.006
-101.508	-37.034	-0.008
-101.164	-37.033	-0.009
-100.807	-37.033	-0.010
-100.447	-37.034	-0.011
-100.092	-37.038	-0.011
-99.742	-37.041	-0.010
-99.394	-37.045	-0.010
-99.046	-37.048	-0.010
-98.698	-37.051	-0.009
-98.348	-37.055	-0.009
-97.999	-37.058	-0.009
-97.649	-37.062	-0.009
-97.301	-37.065	-0.008
-96.954	-37.068	-0.008
-96.608	-37.071	-0.008
-96.264	-37.073	-0.007
-95.921	-37.076	-0.007
-95.580	-37.078	-0.007
-95.241	-37.081	-0.007
-94.902	-37.083	-0.006
-94.565	-37.085	-0.006
-94.229	-37.087	-0.006
-93.893	-37.089	-0.006
-93.557	-37.091	-0.006
-93.222	-37.093	-0.005
-92.887	-37.095	-0.005
-92.553	-37.097	-0.005
-92.219	-37.098	-0.005
-91.886	-37.100	-0.005
-91.553	-37.102	-0.005
-91.220	-37.103	-0.004
-90.888	-37.105	-0.004
-90.557	-37.106	-0.004
-90.226	-37.107	-0.004
-89.895	-37.109	-0.004
-89.565	-37.110	-0.004
-89.236	-37.111	-0.004
-88.907	-37.112	-0.004
-88.578	-37.114	-0.003
-88.250	-37.115	-0.003
-87.922	-37.116	-0.003
-87.595	-37.117	-0.003
-87.268	-37.118	-0.003
-86.941	-37.119	-0.003
-86.614	-37.120	-0.003
-86.287	-37.121	-0.003
-85.961	-37.122	-0.003
-85.634	-37.123	-0.003
-85.308	-37.123	-0.003
-84.982	-37.124	-0.003
-84.655	-37.125	-0.002
-84.329	-37.126	-0.002
-84.003	-37.127	-0.002
-83.677	-37.128	-0.002
-83.350	-37.128	-0.002
-83.024	-37.129	-0.002
-82.697	-37.130	-0.002
-82.371	-37.131	-0.002
-82.044	-37.131	-0.002
-81.717	-37.132	-0.002
-81.390	-37.133	-0.002
-81.063	-37.133	-0.002
-80.736	-37.134	-0.002
-80.409	-37.135	-0.002
-80.081	-37.136	-0.002
-79.754	-37.136	-0.002
-79.426	-37.137	-0.002
-79.099	-37.138	-0.002
-78.771	-37.138	-0.002
-78.443	-37.139	-0.002
-78.114	-37.140	-0.002
-77.786	-37.141	-0.002
-77.458	-37.141	-0.002
-77.129	-37.142	-0.002
-76.800	-37.143	-0.002
-76.471	-37.144	-0.002
-76.142	-37.144	-0.002
-75.813	-37.145	-0.002
-75.484	-37.146	-0.002
-75.155	-37.147	-0.002
-74.825	-37.147	-0.002
-74.496	-37.148	-0.002
-74.166	-37.149	-0.002
-73.836	-37.150	-0.002
-73.509	-37.151	-0.003
-73.183	-37.151	-0.003
-72.859	-37.152	-0.003
-72.533	-37.153	-0.003
-72.208	-37.154	-0.003
-71.885	-37.155	-0.003
-71.564	-37.156	-0.003
-71.245	-37.157	-0.003
-70.926	-37.157	-0.003
-70.612	-37.158	-0.003
-70.306	-37.159	-0.003
-70.013	-37.160	-0.003
-69.723	-37.161	-0.003
-69.428	-37.162	-0.003
-69.128	-37.163	-0.003
-68.822	-37.164	-0.003
-68.512	-37.165	-0.003
-68.201	-37.166	-0.003
-67.887	-37.167	-0.003
-67.571	-37.168	-0.003
-67.250	-37.169	-0.003
-66.917	-37.170	-0.003
-66.573	-37.171	-0.003
-66.222	-37.172	-0.003
-65.878	-37.173	-0.003
-65.541	-37.174	-0.003
-65.206	-37.175	-0.003
-64.872	-37.176	-0.003
-64.537	-37.177	-0.003
-64.202	-37.178	-0.003
-63.867	-37.179	-0.003
-63.531	-37.180	-0.003
-63.197	-37.181	-0.003
-62.863	-37.182	-0.003
-62.531	-37.183	-0.003
-62.200	-37.185	-0.003
-61.871	-37.186	-0.004
-61.543	-37.187	-0.004
-61.216	-37.188	-0.004
-60.891	-37.189	-0.004
-60.567	-37.190	-0.004
-60.244	-37.192	-0.004
-59.922	-37.193	-0.004
-59.600	-37.194	-0.004
-59.279	-37.195	-0.004
-58.959	-37.196	-0.004
-58.639	-37.198	-0.004
-58.320	-37.199	-0.004
-58.001	-37.200	-0.004
-57.684	-37.201	-0.004
-57.367	-37.203	-0.004
-57.050	-37.204	-0.004
-56.735	-37.205	-0.004
-56.419	-37.206	-0.004
-56.105	-37.208	-0.004
-55.790	-37.209	-0.004
-55.476	-37.210	-0.004
-55.163	-37.211	-0.004
-54.849	-37.213	-0.004
-54.535	-37.214	-0.004
-54.222	-37.215	-0.004
-53.908	-37.217	-0.004
-53.595	-37.218	-0.004
-53.281	-37.219	-0.004
-52.967	-37.221	-0.004
-52.653	-37.222	-0.004
-52.338	-37.223	-0.004
-52.024	-37.225	-0.004
-51.709	-37.226	-0.004
-51.394	-37.227	-0.004
-51.078	-37.229	-0.004
-50.762	-37.230	-0.004
-50.446	-37.231	-0.004
-50.129	-37.233	-0.004
-49.812	-37.234	-0.004
-49.495	-37.235	-0.004
-49.177	-37.237	-0.004
-48.859	-37.238	-0.004
-48.541	-37.239	-0.004
-48.222	-37.241	-0.004
-47.903	-37.242	-0.004
-47.583	-37.244	-0.004
-47.264	-37.245	-0.004
-46.943	-37.246	-0.004
-46.623	-37.248	-0.004
-46.302	-37.249	-0.004
-45.980	-37.251	-0.004
-45.659	-37.252	-0.004
-45.336	-37.253	-0.004
-45.014	-37.255	-0.004
-44.691	-37.256	-0.004
-44.368	-37.258	-0.004
-44.045	-37.259	-0.004
-43.721	-37.260	-0.004
-43.397	-37.262	-0.004
-43.073	-37.263	-0.004
-42.749	-37.265	-0.004
-42.424	-37.266	-0.004
-42.099	-37.268	-0.004
-41.773	-37.269	-0.004
-41.448	-37.270	-0.004
-41.122	-37.272	-0.004
-40.796	-37.273	-0.004
-40.469	-37.275	-0.004
-40.143	-37.276	-0.004
-39.816	-37.278	-0.004
-39.489	-37.279	-0.004
-39.162	-37.280	-0.004
-38.834	-37.282	-0.004
-38.507	-37.283	-0.004
-38.179	-37.285	-0.004
-37.851	-37.286	-0.004
-37.523	-37.288	-0.004
-37.194	-37.289	-0.004
-36.866	-37.291	-0.004
-36.537	-37.292	-0.004
-36.208	-37.294	-0.004
-35.879	-37.295	-0.004
-35.550	-37.296	-0.004
-35.221	-37.298	-0.004
-34.891	-37.299	-0.004
-34.562	-37.301	-0.004
-34.232	-37.302	-0.004
-33.902	-37.304	-0.004
-33.572	-37.305	-0.004
-33.242	-37.307	-0.004
-32.912	-37.308	-0.004
-32.582	-37.310	-0.004
-32.252	-37.311	-0.004
-31.921	-37.313	-0.004
-31.591	-37.314	-0.005
-31.260	-37.316	-0.005
-30.929	-37.317	-0.005
-30.598	-37.319	-0.005
-30.267	-37.320	-0.005
-29.936	-37.322	-0.005
-29.605	-37.323	-0.005
-29.274	-37.325	-0.005
-28.943	-37.326	-0.005
-28.612	-37.328	-0.005
-28.280	-37.329	-0.005
-27.949	-37.331	-0.005
-27.617	-37.332	-0.005
-27.286	-37.334	-0.005
-26.954	-37.335	-0.005
-26.622	-37.337	-0.005
-26.290	-37.338	-0.005
-25.959	-37.340	-0.005
-25.627	-37.341	-0.005
-25.295	-37.343	-0.005
-24.963	-37.344	-0.005
-24.631	-37.346	-0.005
-24.299	-37.347	-0.005
-23.967	-37.349	-0.005
-23.634	-37.351	-0.005
-23.302	-37.352	-0.005
-22.970	-37.354	-0.005
-22.638	-37.355	-0.005
-22.305	-37.357	-0.005
-21.973	-37.358	-0.005
-21.641	-37.360	-0.005
-21.308	-37.362	-0.005
-20.976	-37.363	-0.005
-20.643	-37.365	-0.005
-20.311	-37.366	-0.005
-19.978	-37.368	-0.005
-19.646	-37.370	-0.005
-19.313	-37.371	-0.005
-18.981	-37.373	-0.005
-18.648	-37.374	-0.005
-18.315	-37.376	-0.005
-17.983	-37.378	-0.005
-17.650	-37.379	-0.005
-17.317	-37.381	-0.005
-16.984	-37.382	-0.005
-16.652	-37.384	-0.005
-16.319	-37.386	-0.005
-15.986	-37.387	-0.005
-15.653	-37.389	-0.005
-15.320	-37.391	-0.005
-14.987	-37.392	-0.005
-14.655	-37.394	-0.005
-14.322	-37.396	-0.005
-13.989	-37.397	-0.005
-13.656	-37.399	-0.005
-13.323	-37.401	-0.005
-12.990	-37.402	-0.005
-12.657	-37.404	-0.005
-12.324	-37.406	-0.005
-11.991	-37.407	-0.005
-11.657	-37.409	-0.005
-11.324	-37.411	-0.005
-10.991	-37.413	-0.005
-10.658	-37.414	-0.005
-10.325	-37.416	-0.005
-9.991	-37.418	-0.005
-9.658	-37.419	-0.005
-9.325	-37.421	-0.005
-8.991	-37.423	-0.005
-8.658	-37.425	-0.005
-8.325	-37.426	-0.005
-7.991	-37.428	-0.005
-7.658	-37.430	-0.005
-7.324	-37.432	-0.005
-6.991	-37.433	-0.005
-6.657	-37.435	-0.005
-6.324	-37.437	-0.005
-5.990	-37.439	-0.005
-5.656	-37.440	-0.005
-5.323	-37.442	-0.005
-4.989	-37.444	-0.005
-4.655	-37.446	-0.005
-4.322	-37.448	-0.005
-3.988	-37.449	-0.005
-3.654	-37.451	-0.005
-3.321	-37.453	-0.005
-2.987	-37.455	-0.005
-2.653	-37.457	-0.005
-2.319	-37.458	-0.005
-1.985	-37.460	-0.005
-1.652	-37.462	-0.005
-1.318	-37.464	-0.006
-0.984	-37.466	-0.006
-0.650	-37.468	-0.006
-0.316	-37.469	-0.006
0.018	-37.471	-0.006
0.352	-37.473	-0.006
0.686	-37.475	-0.006
1.020	-37.477	-0.006
1.354	-37.479	-0.006
1.688	-37.481	-0.006
2.021	-37.482	-0.006
2.355	-37.484	-0.006
2.689	-37.486	-0.006
3.023	-37.488	-0.006
3.357	-37.490	-0.006
3.692	-37.492	-0.006
4.026	-37.494	-0.006
4.360	-37.496	-0.006
4.694	-37.498	-0.006
5.028	-37.499	-0.006
5.362	-37.501	-0.006
5.696	-37.503	-0.006
6.030	-37.505	-0.006
6.364	-37.507	-0.006
6.698	-37.509	-0.006
7.032	-37.511	-0.006
7.366	-37.513	-0.006
7.700	-37.515	-0.006
8.035	-37.517	-0.006
8.369	-37.519	-0.006
8.703	-37.521	-0.006
9.037	-37.523	-0.006
9.371	-37.525	-0.006
9.705	-37.527	-0.006
10.040	-37.529	-0.006
10.374	-37.531	-0.006
10.708	-37.533	-0.006
11.042	-37.535	-0.006
11.376	-37.537	-0.006
11.710	-37.539	-0.006
12.045	-37.541	-0.006
12.379	-37.543	-0.006
12.713	-37.545	-0.006
13.047	-37.547	-0.006
13.381	-37.549	-0.006
13.716	-37.551	-0.006
14.050	-37.553	-0.006
14.384	-37.555	-0.006
14.718	-37.557	-0.006
15.052	-37.559	-0.006
15.386	-37.561	-0.006
15.721	-37.563	-0.006
16.055	-37.565	-0.006
16.389	-37.567	-0.006
16.723	-37.569	-0.006
17.057	-37.571	-0.006
17.391	-37.574	-0.006
17.725	-37.576	-0.006
18.059	-37.578	-0.006
18.393	-37.580	-0.006
18.727	-37.582	-0.006
19.061	-37.584	-0.006
19.395	-37.586	-0.006
19.729	-37.588	-0.006
20.063	-37.590	-0.006
20.397	-37.593	-0.006
20.731	-37.595	-0.006
21.065	-37.597	-0.006
21.399	-37.599	-0.006
21.732	-37.601	-0.006
22.066	-37.603	-0.006
22.400	-37.605	-0.006
22.734	-37.608	-0.006
23.068	-37.610	-0.007
23.402	-37.612	-0.007
23.735	-37.614	-0.007
24.069	-37.616	-0.007
24.403	-37.618	-0.007
24.737	-37.621	-0.007
25.070	-37.623	-0.007
25.404	-37.625	-0.007
25.738	-37.627	-0.007
26.071	-37.629	-0.007
26.405	-37.632	-0.007
26.739	-37.634	-0.007
27.072	-37.636	-0.007
27.406	-37.638	-0.007
27.739	-37.641	-0.007
28.073	-37.643	-0.007
28.407	-37.645	-0.007
28.740	-37.647	-0.007
29.074	-37.650	-0.007
29.407	-37.652	-0.007
29.741	-37.654	-0.007
30.075	-37.656	-0.007
30.408	-37.659	-0.007
30.742	-37.661	-0.007
31.075	-37.663	-0.007
31.409	-37.666	-0.007
31.742	-37.668	-0.007
32.076	-37.670	-0.007
32.409	-37.672	-0.007
32.743	-37.675	-0.007
33.076	-37.677	-0.007
33.410	-37.679	-0.007
33.743	-37.682	-0.007
34.077	-37.684	-0.007
34.410	-37.686	-0.007
34.744	-37.689	-0.007
35.077	-37.691	-0.007
35.410	-37.693	-0.007
35.744	-37.696	-0.007
36.077	-37.698	-0.007
36.411	-37.701	-0.007
36.744	-37.703	-0.007
37.078	-37.705	-0.007
37.411	-37.708	-0.007
37.744	-37.710	-0.007
38.078	-37.713	-0.007
38.411	-37.715	-0.007
38.745	-37.717	-0.007
39.078	-37.720	-0.007
39.411	-37.722	-0.007
39.745	-37.725	-0.007
40.078	-37.727	-0.007
40.412	-37.730	-0.007
40.745	-37.732	-0.007
41.078	-37.735	-0.007
41.412	-37.737	-0.007
41.745	-37.740	-0.007
42.079	-37.742	-0.007
42.412	-37.744	-0.007
42.745	-37.747	-0.008
43.079	-37.749	-0.008
43.412	-37.752	-0.008
43.745	-37.755	-0.008
44.079	-37.757	-0.008
44.412	-37.760	-0.008
44.745	-37.762	-0.008
45.079	-37.765	-0.008
45.412	-37.767	-0.008
45.746	-37.770	-0.008
46.079	-37.772	-0.008
46.412	-37.775	-0.008
46.746	-37.777	-0.008
47.079	-37.780	-0.008
47.412	-37.783	-0.008
47.746	-37.785	-0.008
48.079	-37.788	-0.008
48.412	-37.790	-0.008
48.746	-37.793	-0.008
49.079	-37.796	-0.008
49.412	-37.798	-0.008
49.746	-37.801	-0.008
50.079	-37.803	-0.008
50.412	-37.806	-0.008
50.746	-37.809	-0.008
51.079	-37.811	-0.008
51.412	-37.814	-0.008
51.746	-37.817	-0.008
52.079	-37.819	-0.008
52.412	-37.822	-0.008
52.746	-37.825	-0.008
53.079	-37.827	-0.008
53.412	-37.830	-0.008
53.746	-37.833	-0.008
54.079	-37.836	-0.008
54.412	-37.838	-0.008
54.746	-37.841	-0.008
55.079	-37.844	-0.008
55.412	-37.847	-0.008
55.746	-37.849	-0.008
56.079	-37.852	-0.008
56.412	-37.855	-0.008
56.746	-37.858	-0.008
57.079	-37.860	-0.008
57.412	-37.863	-0.008
57.746	-37.866	-0.008
58.079	-37.869	-0.008
58.412	-37.872	-0.008
58.746	-37.874	-0.008
59.079	-37.877	-0.008
59.412	-37.880	-0.009
59.746	-37.883	-0.009
60.079	-37.886	-0.009
60.412	-37.889	-0.009
60.746	-37.891	-0.009
61.079	-37.894	-0.009
61.413	-37.897	-0.009
61.746	-37.900	-0.009
62.079	-37.903	-0.009
62.413	-37.906	-0.009
62.746	-37.909	-0.009
63.080	-37.912	-0.009
63.413	-37.914	-0.009
63.747	-37.917	-0.009
64.080	-37.920	-0.009
64.414	-37.923	-0.009
64.747	-37.926	-0.009
65.081	-37.929	-0.009
65.414	-37.932	-0.009
65.748	-37.935	-0.009
66.080	-37.938	-0.009
66.411	-37.941	-0.009
66.742	-37.944	-0.009
67.074	-37.947	-0.009
67.407	-37.950	-0.009
67.741	-37.953	-0.009
68.075	-37.956	-0.009
68.409	-37.959	-0.009
68.745	-37.962	-0.009
69.081	-37.965	-0.009
69.420	-37.968	-0.009
69.760	-37.971	-0.009
70.102	-37.975	-0.009
70.442	-37.978	-0.009
70.778	-37.981	-0.009
71.109	-37.984	-0.009
71.435	-37.987	-0.009
71.760	-37.990	-0.009
72.086	-37.993	-0.009
72.412	-37.996	-0.009
72.740	-37.999	-0.009
73.069	-38.002	-0.009
73.398	-38.005	-0.009
73.728	-38.008	-0.009
74.058	-38.011	-0.009
74.387	-38.014	-0.009
74.715	-38.017	-0.009
75.043	-38.021	-0.009
75.370	-38.024	-0.010
75.696	-38.027	-0.010
76.022	-38.030	-0.010
76.348	-38.033	-0.010
76.673	-38.036	-0.010
76.999	-38.039	-0.010
77.324	-38.042	-0.010
77.650	-38.046	-0.010
77.976	-38.049	-0.010
78.302	-38.052	-0.010
78.628	-38.055	-0.010
78.954	-38.058	-0.010
79.280	-38.061	-0.010
79.606	-38.065	-0.010
79.932	-38.068	-0.010
80.258	-38.071	-0.010
80.584	-38.074	-0.010
80.910	-38.077	-0.010
81.236	-38.081	-0.010
81.563	-38.084	-0.010
81.889	-38.087	-0.010
82.216	-38.090	-0.010
82.542	-38.094	-0.010
82.869	-38.097	-0.010
83.196	-38.100	-0.010
83.523	-38.104	-0.010
83.851	-38.107	-0.010
84.178	-38.110	-0.010
84.506	-38.114	-0.010
84.833	-38.117	-0.010
85.161	-38.120	-0.010
85.489	-38.124	-0.010
85.817	-38.127	-0.010
86.145	-38.130	-0.010
86.474	-38.134	-0.010
86.802	-38.137	-0.010
87.131	-38.141	-0.010
87.460	-38.144	-0.010
87.789	-38.147	-0.010
88.118	-38.151	-0.010
88.447	-38.154	-0.010
88.776	-38.158	-0.010
89.106	-38.161	-0.011
89.435	-38.165	-0.011
89.765	-38.168	-0.011
90.095	-38.172	-0.011
90.425	-38.175	-0.011
90.755	-38.179	-0.011
91.085	-38.182	-0.011
91.415	-38.186	-0.011
91.745	-38.189	-0.011
92.076	-38.193	-0.011
92.406	-38.196	-0.011
92.737	-38.200	-0.011
93.068	-38.203	-0.011
93.398	-38.207	-0.011
93.729	-38.210	-0.011
94.060	-38.214	-0.011
94.391	-38.217	-0.011
94.723	-38.221	-0.011
95.054	-38.225	-0.011
95.385	-38.228	-0.011
95.716	-38.232	-0.011
96.048	-38.235	-0.011
96.379	-38.239	-0.011
96.711	-38.243	-0.011
97.043	-38.246	-0.011
97.374	-38.250	-0.011
97.706	-38.254	-0.011
98.038	-38.257	-0.011
98.370	-38.261	-0.011
98.702	-38.265	-0.011
99.034	-38.268	-0.011
99.366	-38.272	-0.011
99.698	-38.276	-0.011
100.030	-38.279	-0.011
100.362	-38.283	-0.011
100.694	-38.287	-0.011
101.026	-38.291	-0.011
101.359	-38.294	-0.011
101.691	-38.298	-0.011
102.023	-38.302	-0.011
102.356	-38.306	-0.011
102.688	-38.309	-0.011
103.021	-38.313	-0.011
103.353	-38.317	-0.011
103.686	-38.321	-0.011
104.018	-38.325	-0.011
104.351	-38.328	-0.011
104.683	-38.332	-0.011
105.016	-38.336	-0.012
105.349	-38.340	-0.012
105.681	-38.344	-0.012
106.014	-38.348	-0.012
106.347	-38.351	-0.012
106.680	-38.355	-0.012
107.012	-38.359	-0.012
107.343	-38.363	-0.012
107.674	-38.367	-0.012
108.004	-38.371	-0.012
108.335	-38.374	-0.012
108.668	-38.378	-0.012
109.001	-38.382	-0.012
109.336	-38.386	-0.012
109.671	-38.390	-0.012
110.006	-38.394	-0.012
110.343	-38.398	-0.012
110.681	-38.402	-0.012
111.021	-38.406	-0.012
111.363	-38.410	-0.012
111.703	-38.415	-0.012
112.041	-38.419	-0.012
112.375	-38.423	-0.012
112.706	-38.427	-0.012
113.036	-38.431	-0.012
113.366	-38.435	-0.012
113.697	-38.439	-0.012
114.029	-38.443	-0.012
114.362	-38.447	-0.012
114.697	-38.451	-0.012
115.031	-38.455	-0.012
115.366	-38.459	-0.012
115.700	-38.463	-0.012
116.035	-38.467	-0.012
116.369	-38.471	-0.012
116.702	-38.475	-0.012
117.036	-38.479	-0.012
117.368	-38.483	-0.012
117.701	-38.487	-0.012
118.034	-38.491	-0.012
118.367	-38.496	-0.012
118.699	-38.500	-0.012
119.032	-38.504	-0.012
119.366	-38.508	-0.012
119.699	-38.512	-0.012
120.032	-38.516	-0.013
120.366	-38.520	-0.013
120.699	-38.525	-0.013
121.032	-38.529	-0.013
121.366	-38.533	-0.013
121.699	-38.537	-0.013
122.033	-38.541	-0.013
122.366	-38.546	-0.013
122.699	-38.550	-0.013
123.033	-38.554	-0.013
123.366	-38.558	-0.013
123.699	-38.563	-0.013
124.033	-38.567	-0.013
124.366	-38.571	-0.013
124.700	-38.575	-0.013
125.033	-38.580	-0.013
125.367	-38.584	-0.013
125.700	-38.588	-0.013
126.034	-38.593	-0.013
126.367	-38.597	-0.013
126.701	-38.601	-0.013
127.034	-38.606	-0.013
127.368	-38.610	-0.013
127.701	-38.614	-0.013
128.035	-38.619	-0.013
128.368	-38.623	-0.013
128.702	-38.627	-0.013
129.035	-38.632	-0.013
129.369	-38.636	-0.013
129.702	-38.641	-0.013
130.036	-38.645	-0.013
130.369	-38.649	-0.013
130.703	-38.654	-0.013
131.037	-38.658	-0.013
131.370	-38.663	-0.013
131.704	-38.667	-0.013
132.037	-38.671	-0.013
132.371	-38.676	-0.013
132.704	-38.680	-0.013
133.038	-38.685	-0.013
133.372	-38.689	-0.013
133.705	-38.694	-0.013
134.039	-38.698	-0.014
134.372	-38.703	-0.014
134.706	-38.707	-0.014
135.039	-38.712	-0.014
135.373	-38.716	-0.014
135.707	-38.721	-0.014
136.040	-38.725	-0.014
136.374	-38.730	-0.014
136.707	-38.735	-0.014
137.041	-38.739	-0.014
137.375	-38.744	-0.014
137.708	-38.748	-0.014
138.042	-38.753	-0.014
138.375	-38.757	-0.014
138.709	-38.762	-0.014
139.042	-38.767	-0.014
139.376	-38.771	-0.014
139.710	-38.776	-0.014
140.043	-38.781	-0.014
140.377	-38.785	-0.014
140.711	-38.790	-0.014
141.044	-38.795	-0.014
141.378	-38.799	-0.014
141.712	-38.804	-0.014
142.045	-38.809	-0.014
142.379	-38.813	-0.014
142.713	-38.818	-0.014
143.047	-38.823	-0.014
143.381	-38.827	-0.014
143.715	-38.832	-0.014
144.048	-38.837	-0.014
144.382	-38.841	-0.014
144.716	-38.846	-0.014
145.050	-38.851	-0.014
145.385	-38.856	-0.014
145.719	-38.860	-0.014
146.053	-38.865	-0.014
146.387	-38.870	-0.014
146.721	-38.875	-0.014
147.055	-38.880	-0.014
147.390	-38.884	-0.014
147.724	-38.889	-0.014
148.058	-38.894	-0.014
148.393	-38.899	-0.014
148.727	-38.904	-0.014
149.061	-38.909	-0.014
149.396	-38.913	-0.015
149.730	-38.918	-0.015
150.065	-38.923	-0.015
150.399	-38.928	-0.015
150.734	-38.933	-0.015
151.068	-38.938	-0.015
151.403	-38.943	-0.015
151.738	-38.948	-0.015
152.072	-38.952	-0.015
152.407	-38.957	-0.015
152.741	-38.962	-0.015
153.076	-38.967	-0.015
153.410	-38.972	-0.015
153.744	-38.977	-0.015
154.079	-38.982	-0.015
154.413	-38.987	-0.015
154.747	-38.992	-0.015
155.080	-38.997	-0.015
155.414	-39.002	-0.015
155.748	-39.007	-0.015
156.082	-39.012	-0.015
156.415	-39.017	-0.015
156.749	-39.022	-0.015
157.082	-39.027	-0.015
157.416	-39.032	-0.015
157.749	-39.037	-0.015
158.083	-39.042	-0.015
158.416	-39.047	-0.015
158.749	-39.052	-0.015
159.083	-39.057	-0.015
159.416	-39.062	-0.015
159.749	-39.067	-0.015
160.083	-39.072	-0.015
160.416	-39.077	-0.015
160.749	-39.082	-0.015
161.082	-39.087	-0.015
161.415	-39.092	-0.015
161.749	-39.097	-0.015
162.082	-39.102	-0.015
162.415	-39.107	-0.015
162.748	-39.112	-0.015
163.082	-39.117	-0.015
163.415	-39.122	-0.015
163.748	-39.127	-0.015
164.081	-39.132	-0.015
164.415	-39.138	-0.015
164.748	-39.143	-0.015
165.081	-39.148	-0.015
165.415	-39.153	-0.015
165.748	-39.158	-0.015
166.081	-39.163	-0.015
166.414	-39.168	-0.015
166.748	-39.173	-0.015
167.081	-39.179	-0.015
167.414	-39.184	-0.015
167.748	-39.189	-0.015
168.081	-39.194	-0.015
168.415	-39.199	-0.015
168.748	-39.204	-0.016
169.081	-39.210	-0.016
169.415	-39.215	-0.016
169.748	-39.220	-0.016
170.081	-39.225	-0.016
170.415	-39.230	-0.016
170.748	-39.235	-0.016
171.082	-39.241	-0.016
171.415	-39.246	-0.016
171.748	-39.251	-0.016
172.082	-39.256	-0.016
172.415	-39.261	-0.016
172.749	-39.267	-0.016
173.082	-39.272	-0.016
173.415	-39.277	-0.016
173.749	-39.282	-0.016
174.082	-39.288	-0.016
174.415	-39.293	-0.016
174.749	-39.298	-0.016
175.082	-39.303	-0.016
175.416	-39.309	-0.016
175.749	-39.314	-0.016
176.082	-39.319	-0.016
176.416	-39.324	-0.016
176.749	-39.330	-0.016
177.083	-39.335	-0.016
177.416	-39.340	-0.016
177.749	-39.345	-0.016
178.083	-39.351	-0.016
178.416	-39.356	-0.016
178.749	-39.361	-0.016
179.083	-39.366	-0.016
179.416	-39.372	-0.016
179.749	-39.377	-0.016
180.083	-39.382	-0.016
180.416	-39.388	-0.016
180.749	-39.393	-0.016
181.083	-39.398	-0.016
181.416	-39.404	-0.016
181.749	-39.409	-0.016
182.083	-39.414	-0.016
182.416	-39.419	-0.016
182.749	-39.425	-0.016
183.083	-39.430	-0.016
183.416	-39.435	-0.016
183.749	-39.441	-0.016
184.083	-39.446	-0.016
184.416	-39.451	-0.016
184.749	-39.457	-0.016
185.083	-39.462	-0.016
185.416	-39.467	-0.016
185.749	-39.473	-0.016
186.083	-39.478	-0.016
186.416	-39.483	-0.016
186.749	-39.489	-0.016
187.083	-39.494	-0.016
187.416	-39.499	-0.016
187.749	-39.505	-0.016
188.083	-39.510	-0.016
188.416	-39.515	-0.016
188.749	-39.521	-0.016
189.082	-39.526	-0.016
189.416	-39.531	-0.016
189.749	-39.537	-0.016
190.082	-39.542	-0.016
190.416	-39.547	-0.016
190.749	-39.553	-0.016
191.082	-39.558	-0.016
191.416	-39.564	-0.016
191.749	-39.569	-0.016
192.082	-39.574	-0.016
192.415	-39.580	-0.016
192.749	-39.585	-0.016
193.082	-39.590	-0.016
193.415	-39.596	-0.016
193.748	-39.601	-0.016
194.082	-39.606	-0.016
194.415	-39.612	-0.016
194.748	-39.617	-0.016
195.082	-39.623	-0.016
195.415	-39.628	-0.016
195.748	-39.633	-0.016
196.081	-39.639	-0.016
196.415	-39.644	-0.016
196.748	-39.649	-0.016
197.081	-39.655	-0.016
197.414	-39.660	-0.016
197.748	-39.666	-0.016
198.081	-39.671	-0.016
198.414	-39.676	-0.016
198.747	-39.682	-0.016
199.081	-39.687	-0.016
199.414	-39.692	-0.016
199.747	-39.698	-0.016
200.080	-39.703	-0.016
200.414	-39.709	-0.016
200.747	-39.714	-0.016
201.080	-39.719	-0.016
201.413	-39.725	-0.016
201.746	-39.730	-0.016
202.080	-39.735	-0.016
202.413	-39.741	-0.016
202.746	-39.746	-0.016
203.079	-39.752	-0.016
203.412	-39.757	-0.016
203.746	-39.762	-0.016
204.079	-39.768	-0.016
204.412	-39.773	-0.016
204.745	-39.779	-0.016
205.078	-39.784	-0.016
205.412	-39.789	-0.016
205.745	-39.795	-0.016
206.078	-39.800	-0.016
206.411	-39.805	-0.016
206.744	-39.811	-0.016
207.078	-39.816	-0.016
207.411	-39.822	-0.016
207.744	-39.827	-0.016
208.077	-39.832	-0.016
208.410	-39.838	-0.016
208.744	-39.843	-0.016
209.077	-39.848	-0.016
209.410	-39.854	-0.016
209.743	-39.859	-0.016
210.076	-39.865	-0.016
210.409	-39.870	-0.016
210.742	-39.875	-0.016
211.075	-39.881	-0.016
211.409	-39.886	-0.016
211.742	-39.891	-0.016
212.075	-39.897	-0.016
212.408	-39.902	-0.016
212.741	-39.907	-0.016
213.074	-39.913	-0.016
213.407	-39.918	-0.016
213.740	-39.924	-0.016
214.073	-39.929	-0.016
214.406	-39.934	-0.016
214.739	-39.940	-0.016
215.071	-39.945	-0.016
215.404	-39.950	-0.016
215.737	-39.956	-0.016
216.070	-39.961	-0.016
216.403	-39.966	-0.016
216.736	-39.972	-0.016
217.069	-39.977	-0.016
217.402	-39.983	-0.016
217.734	-39.988	-0.016
218.067	-39.993	-0.016
218.400	-39.999	-0.016
218.733	-40.004	-0.016
219.066	-40.009	-0.016
219.398	-40.015	-0.016
219.731	-40.020	-0.016
220.064	-40.025	-0.016
220.397	-40.031	-0.016
220.730	-40.036	-0.016
221.062	-40.041	-0.016
221.395	-40.047	-0.016
221.728	-40.052	-0.016
222.061	-40.057	-0.016
222.393	-40.063	-0.016
222.726	-40.068	-0.016
223.059	-40.073	-0.016
223.392	-40.079	-0.016
223.724	-40.084	-0.016
224.057	-40.090	-0.016
224.390	-40.095	-0.016
224.722	-40.100	-0.016
225.055	-40.106	-0.016
225.388	-40.111	-0.016
225.721	-40.116	-0.016
226.053	-40.122	-0.016
226.386	-40.127	-0.016
226.719	-40.132	-0.016
227.051	-40.138	-0.016
227.384	-40.143	-0.016
227.717	-40.148	-0.016
228.050	-40.154	-0.016
228.382	-40.159	-0.016
228.715	-40.164	-0.016
229.048	-40.170	-0.016
229.380	-40.175	-0.016
229.713	-40.180	-0.016
230.046	-40.186	-0.016
230.378	-40.191	-0.016
230.711	-40.196	-0.016
231.044	-40.202	-0.016
231.377	-40.207	-0.016
231.709	-40.212	-0.016
232.042	-40.218	-0.016
232.375	-40.223	-0.016
232.707	-40.228	-0.016
233.040	-40.234	-0.016
233.373	-40.239	-0.016
233.705	-40.245	-0.016
234.038	-40.250	-0.016
234.371	-40.255	-0.016
234.703	-40.261	-0.016
235.036	-40.266	-0.016
235.369	-40.271	-0.016
235.702	-40.277	-0.016
236.034	-40.282	-0.016
236.367	-40.287	-0.016
236.700	-40.293	-0.016
237.032	-40.298	-0.016
237.365	-40.303	-0.016
237.698	-40.309	-0.016
238.030	-40.314	-0.016
238.363	-40.320	-0.016
238.696	-40.325	-0.016
239.028	-40.330	-0.016
239.361	-40.336	-0.016
239.694	-40.341	-0.016
240.026	-40.346	-0.016
240.359	-40.352	-0.016
240.692	-40.357	-0.016
241.025	-40.363	-0.016
241.357	-40.368	-0.016
241.690	-40.373	-0.016
242.023	-40.379	-0.016
242.355	-40.384	-0.016
242.688	-40.390	-0.016
243.021	-40.395	-0.016
243.353	-40.400	-0.016
243.686	-40.406	-0.016
244.019	-40.411	-0.016
244.351	-40.417	-0.016
244.684	-40.422	-0.016
245.017	-40.427	-0.016
245.349	-40.433	-0.016
245.682	-40.438	-0.016
246.015	-40.444	-0.016
246.348	-40.449	-0.016
246.680	-40.455	-0.016
247.013	-40.460	-0.016
247.346	-40.465	-0.016
247.678	-40.471	-0.016
248.011	-40.476	-0.016
248.344	-40.482	-0.016
248.676	-40.487	-0.016
249.009	-40.493	-0.016
249.342	-40.498	-0.016
249.674	-40.504	-0.016
250.007	-40.509	-0.016
250.340	-40.515	-0.017
250.672	-40.520	-0.017
251.005	-40.526	-0.017
251.338	-40.531	-0.017
251.671	-40.537	-0.017
252.003	-40.542	-0.017
252.336	-40.548	-0.017
252.668	-40.553	-0.017
253.001	-40.559	-0.017
253.334	-40.564	-0.017
253.666	-40.570	-0.017
253.999	-40.575	-0.017
254.331	-40.581	-0.017
254.664	-40.586	-0.017
254.997	-40.592	-0.017
255.329	-40.598	-0.017
255.662	-40.603	-0.017
255.994	-40.609	-0.017
256.327	-40.614	-0.017
256.659	-40.620	-0.017
256.992	-40.626	-0.017
257.324	-40.631	-0.017
257.657	-40.637	-0.017
257.989	-40.642	-0.017
258.321	-40.648	-0.017
258.654	-40.654	-0.017
258.986	-40.659	-0.017
259.319	-40.665	-0.017
259.651	-40.671	-0.017
259.983	-40.676	-0.017
260.316	-40.682	-0.017
260.648	-40.688	-0.017
260.980	-40.694	-0.017
261.313	-40.699	-0.017
261.645	-40.705	-0.017
261.978	-40.711	-0.017
262.310	-40.716	-0.017
262.642	-40.722	-0.017
262.975	-40.728	-0.017
263.307	-40.734	-0.017
263.639	-40.740	-0.017
263.971	-40.745	-0.017
264.304	-40.751	-0.018
264.636	-40.757	-0.018
264.968	-40.763	-0.018
265.301	-40.769	-0.018
265.633	-40.774	-0.018
265.965	-40.780	-0.018
266.298	-40.786	-0.018
266.630	-40.792	-0.018
266.962	-40.798	-0.018
267.295	-40.804	-0.018
267.627	-40.810	-0.018
267.959	-40.816	-0.018
268.291	-40.822	-0.018
268.624	-40.828	-0.018
268.956	-40.834	-0.018
269.288	-40.840	-0.018
269.621	-40.846	-0.018
269.953	-40.852	-0.018
270.285	-40.858	-0.018
270.618	-40.864	-0.018
270.950	-40.870	-0.018
271.282	-40.876	-0.018
271.615	-40.882	-0.018
271.947	-40.888	-0.018
272.279	-40.894	-0.018
272.611	-40.900	-0.018
272.944	-40.906	-0.019
273.276	-40.912	-0.019
273.608	-40.919	-0.019
273.941	-40.925	-0.019
274.273	-40.931	-0.019
274.605	-40.937	-0.019
274.938	-40.943	-0.019
275.270	-40.950	-0.019
275.602	-40.956	-0.019
275.935	-40.962	-0.019
276.267	-40.968	-0.019
276.599	-40.975	-0.019
276.932	-40.981	-0.019
277.264	-40.987	-0.019
277.596	-40.994	-0.019
277.929	-41.000	-0.019
278.261	-41.007	-0.019
278.593	-41.013	-0.019
278.926	-41.019	-0.019
279.258	-41.026	-0.019
279.591	-41.032	-0.019
279.923	-41.039	-0.020
280.255	-41.045	-0.020
280.588	-41.052	-0.020
280.920	-41.058	-0.020
281.252	-41.065	-0.020
281.585	-41.071	-0.020
281.917	-41.078	-0.020
282.249	-41.084	-0.020
282.582	-41.091	-0.020
282.914	-41.098	-0.020
283.247	-41.104	-0.020
283.579	-41.111	-0.020
283.911	-41.118	-0.020
284.244	-41.124	-0.020
284.576	-41.131	-0.020
284.909	-41.138	-0.020
285.241	-41.145	-0.020
285.573	-41.151	-0.021
285.906	-41.158	-0.021
286.238	-41.165	-0.021
286.571	-41.172	-0.021
286.903	-41.179	-0.021
287.235	-41.186	-0.021
287.568	-41.193	-0.021
287.900	-41.200	-0.021
288.233	-41.206	-0.021
288.565	-41.213	-0.021
288.897	-41.220	-0.021
289.230	-41.228	-0.021
289.562	-41.235	-0.021
289.895	-41.242	-0.021
290.227	-41.249	-0.021
290.560	-41.256	-0.022
290.892	-41.263	-0.022
291.224	-41.270	-0.022
291.557	-41.277	-0.022
291.889	-41.285	-0.022
292.222	-41.292	-0.022
292.554	-41.299	-0.022
292.887	-41.306	-0.022
293.219	-41.314	-0.022
293.552	-41.321	-0.022
293.884	-41.328	-0.022
294.217	-41.336	-0.022
294.549	-41.343	-0.022
294.881	-41.351	-0.023
295.214	-41.358	-0.023
295.546	-41.366	-0.023
295.879	-41.373	-0.023
296.211	-41.381	-0.023
296.544	-41.388	-0.023
296.876	-41.396	-0.023
297.209	-41.404	-0.023
297.541	-41.411	-0.023
297.874	-41.419	-0.023
298.206	-41.427	-0.023
298.539	-41.434	-0.023
298.871	-41.442	-0.024
299.204	-41.450	-0.024
299.536	-41.458	-0.024
299.869	-41.466	-0.024
300.201	-41.474	-0.024
300.534	-41.482	-0.024
300.866	-41.490	-0.024
301.199	-41.498	-0.024
301.531	-41.506	-0.024
301.864	-41.514	-0.024
302.196	-41.522	-0.024
302.529	-41.530	-0.024
302.861	-41.538	-0.025
303.194	-41.546	-0.025
303.526	-41.554	-0.025
303.859	-41.562	-0.025
304.191	-41.571	-0.025
304.524	-41.579	-0.025
304.856	-41.587	-0.025
305.189	-41.595	-0.025
305.521	-41.604	-0.025
305.854	-41.612	-0.025
306.186	-41.621	-0.025
306.519	-41.629	-0.025
306.851	-41.637	-0.025
307.184	-41.646	-0.026
307.516	-41.654	-0.026
307.849	-41.663	-0.026
308.181	-41.671	-0.026
308.514	-41.680	-0.026
308.846	-41.689	-0.026
309.179	-41.697	-0.026
309.511	-41.706	-0.026
309.844	-41.714	-0.026
310.176	-41.723	-0.026
310.509	-41.732	-0.026
310.841	-41.740	-0.026
311.174	-41.749	-0.026
311.506	-41.758	-0.026
311.839	-41.767	-0.026
312.171	-41.775	-0.026
312.504	-41.784	-0.026
312.836	-41.793	-0.027
313.169	-41.802	-0.027
313.501	-41.811	-0.027
313.834	-41.819	-0.027
314.166	-41.828	-0.027
314.499	-41.837	-0.027
314.831	-41.846	-0.027
315.164	-41.855	-0.027
315.496	-41.864	-0.027
315.828	-41.873	-0.027
316.161	-41.882	-0.027
316.493	-41.890	-0.027
316.825	-41.899	-0.027
317.157	-41.908	-0.027
317.490	-41.917	-0.027
317.822	-41.926	-0.027
318.154	-41.935	-0.027
318.486	-41.944	-0.027
318.818	-41.952	-0.026
319.150	-41.961	-0.026
319.482	-41.970	-0.026
319.814	-41.979	-0.026
320.146	-41.987	-0.026
320.477	-41.996	-0.026
320.809	-42.005	-0.026
321.141	-42.013	-0.026
321.472	-42.022	-0.026
321.804	-42.031	-0.026
322.136	-42.039	-0.025
322.467	-42.047	-0.025
322.799	-42.056	-0.025
323.131	-42.064	-0.025
323.462	-42.072	-0.024
323.794	-42.080	-0.024
324.126	-42.089	-0.024
324.457	-42.097	-0.024
324.789	-42.104	-0.023
325.121	-42.112	-0.023
325.452	-42.120	-0.023
325.784	-42.128	-0.022
326.116	-42.135	-0.022
326.448	-42.142	-0.022
326.779	-42.150	-0.021
327.111	-42.157	-0.021
327.443	-42.164	-0.020
327.775	-42.170	-0.020
328.107	-42.177	-0.019
328.439	-42.183	-0.018
328.771	-42.189	-0.018
329.103	-42.196	-0.017
329.435	-42.201	-0.017
329.767	-42.207	-0.016
330.099	-42.212	-0.015
330.431	-42.217	-0.014
330.763	-42.222	-0.014
331.095	-42.227	-0.013
331.428	-42.231	-0.012
331.760	-42.235	-0.011
332.092	-42.239	-0.010
332.424	-42.243	-0.009
332.757	-42.246	-0.008
333.089	-42.249	-0.007
333.422	-42.251	-0.006
333.754	-42.253	-0.005
334.086	-42.255	-0.003
334.419	-42.256	-0.002
334.751	-42.257	-0.001
335.084	-42.258	0.000
335.416	-42.258	0.002
335.749	-42.257	0.003
336.081	-42.256	0.005
336.414	-42.255	0.006
336.746	-42.253	0.008
337.079	-42.251	0.009
337.411	-42.248	0.011
337.744	-42.245	0.013
338.076	-42.241	0.014
338.409	-42.236	0.016
338.742	-42.231	0.018
339.074	-42.225	0.020
339.407	-42.219	0.022
339.740	-42.212	0.024
340.072	-42.204	0.026
340.405	-42.196	0.028
340.737	-42.187	0.030
341.070	-42.177	0.033
341.403	-42.166	0.035
341.735	-42.155	0.037
342.067	-42.143	0.040
342.400	-42.130	0.042
342.732	-42.116	0.045
343.065	-42.102	0.047
343.397	-42.086	0.050
343.729	-42.070	0.053
344.061	-42.053	0.055
344.393	-42.035	0.058
344.726	-42.016	0.061
345.058	-41.996	0.064
345.390	-41.975	0.067
345.722	-41.953	0.070
346.054	-41.930	0.073
346.386	-41.906	0.076
346.717	-41.881	0.080
347.049	-41.855	0.083
347.381	-41.828	0.086
347.712	-41.800	0.090
348.044	-41.770	0.093
348.375	-41.740	0.097
348.706	-41.708	0.100
349.037	-41.675	0.104
349.369	-41.641	0.107
349.699	-41.606	0.111
350.030	-41.570	0.115
350.361	-41.532	0.119
350.691	-41.493	0.122
351.022	-41.453	0.126
351.352	-41.412	0.130
351.682	-41.369	0.134
352.012	-41.325	0.138
352.341	-41.280	0.142
352.671	-41.233	0.147
353.000	-41.185	0.151
353.329	-41.135	0.155
353.658	-41.084	0.159
353.986	-41.032	0.164
354.315	-40.979	0.168
354.643	-40.923	0.172
354.971	-40.867	0.177
355.299	-40.809	0.181
355.626	-40.750	0.186
355.953	-40.689	0.190
356.280	-40.626	0.195
356.606	-40.562	0.199
356.933	-40.497	0.204
357.259	-40.430	0.209
357.584	-40.362	0.213
357.910	-40.292	0.218
358.235	-40.221	0.223
358.559	-40.148	0.228
358.884	-40.073	0.232
359.207	-39.997	0.237
359.531	-39.919	0.242
359.854	-39.840	0.247
360.177	-39.760	0.252
360.499	-39.677	0.257
360.821	-39.594	0.261
361.143	-39.508	0.266
361.464	-39.421	0.271
361.785	-39.333	0.276
362.105	-39.242	0.281
362.425	-39.151	0.286
362.744	-39.057	0.291
363.063	-38.962	0.296
363.382	-38.866	0.301
363.700	-38.768	0.306
364.017	-38.668	0.311
364.334	-38.567	0.316
364.651	-38.464	0.321
364.967	-38.360	0.326
365.282	-38.254	0.331
365.597	-38.146	0.336
365.911	-38.037	0.341
366.225	-37.926	0.346
366.538	-37.814	0.351
366.851	-37.700	0.356
367.163	-37.585	0.361
367.474	-37.468	0.366
367.785	-37.349	0.371
368.095	-37.229	0.376
368.405	-37.107	0.381
368.714	-36.984	0.386
369.023	-36.859	0.391
369.331	-36.733	0.396
369.638	-36.605	0.401
369.944	-36.475	0.406
370.250	-36.344	0.411
370.555	-36.212	0.416
370.860	-36.078	0.421
371.164	-35.942	0.426
371.467	-35.805	0.431
371.770	-35.666	0.436
372.071	-35.526	0.441
372.372	-35.385	0.446
372.673	-35.242	0.451
372.973	-35.097	0.456
373.272	-34.951	0.461
373.570	-34.803	0.466
373.867	-34.654	0.471
374.164	-34.504	0.476
374.460	-34.352	0.481
374.755	-34.198	0.486
375.050	-34.044	0.491
375.344	-33.887	0.496
375.636	-33.729	0.501
375.929	-33.570	0.506
376.220	-33.409	0.511
376.511	-33.247	0.516
376.800	-33.084	0.521
377.089	-32.919	0.526
377.377	-32.752	0.531
377.665	-32.584	0.535
377.951	-32.415	0.540
378.237	-32.245	0.545
378.522	-32.072	0.550
378.806	-31.899	0.555
379.089	-31.724	0.560
379.371	-31.548	0.565
379.653	-31.370	0.570
379.933	-31.191	0.575
380.213	-31.011	0.580
380.491	-30.829	0.585
380.769	-30.646	0.589
381.046	-30.462	0.594
381.322	-30.276	0.599
381.597	-30.089	0.604
381.872	-29.900	0.609
382.145	-29.710	0.614
382.417	-29.519	0.619
382.689	-29.327	0.624
382.959	-29.133	0.628
383.229	-28.938	0.633
383.497	-28.741	0.638
383.765	-28.544	0.643
384.032	-28.345	0.648
384.298	-28.144	0.652
384.562	-27.943	0.657
384.826	-27.740	0.662
385.089	-27.536	0.666
385.351	-27.331	0.671
385.612	-27.124	0.675
385.872	-26.917	0.680
386.131	-26.708	0.684
386.390	-26.498	0.688
386.647	-26.287	0.693
386.903	-26.075	0.697
387.159	-25.862	0.701
387.414	-25.648	0.704
387.667	-25.432	0.708
387.921	-25.216	0.712
388.173	-24.999	0.715
388.424	-24.781	0.718
388.675	-24.562	0.721
388.925	-24.343	0.724
389.175	-24.123	0.727
389.424	-23.902	0.730
