335.490	-273.743	-1.571
335.468	-273.981	-1.587
335.441	-274.252	-1.602
335.419	-274.594	-1.609
335.394	-274.998	-1.615
335.380	-275.220	-1.618
335.365	-275.457	-1.621
335.349	-275.708	-1.624
335.331	-275.971	-1.626
335.313	-276.239	-1.629
335.295	-276.510	-1.631
335.276	-276.788	-1.633
335.256	-277.075	-1.634
335.235	-277.374	-1.636
335.213	-277.686	-1.637
335.190	-278.014	-1.639
335.165	-278.352	-1.640
335.140	-278.704	-1.641
335.113	-279.067	-1.642
335.086	-279.441	-1.643
335.061	-279.821	-1.640
335.040	-280.201	-1.635
335.021	-280.578	-1.630
335.004	-280.952	-1.625
334.987	-281.321	-1.622
334.972	-281.685	-1.618
334.957	-282.044	-1.616
334.943	-282.399	-1.613
334.930	-282.753	-1.611
334.917	-283.108	-1.610
334.905	-283.465	-1.608
334.892	-283.826	-1.607
334.880	-284.190	-1.606
334.869	-284.557	-1.604
334.860	-284.926	-1.601
334.852	-285.294	-1.598
334.844	-285.662	-1.596
334.837	-286.028	-1.594
334.830	-286.391	-1.592
334.824	-286.754	-1.591
334.818	-287.114	-1.590
334.812	-287.474	-1.589
334.806	-287.835	-1.588
334.801	-288.196	-1.587
334.795	-288.558	-1.586
334.790	-288.922	-1.586
334.785	-289.286	-1.586
334.781	-289.651	-1.585
334.777	-290.017	-1.583
334.773	-290.382	-1.582
334.770	-290.746	-1.581
334.767	-291.110	-1.580
334.764	-291.473	-1.580
334.762	-291.835	-1.579
334.759	-292.197	-1.579
334.757	-292.560	-1.578
334.754	-292.922	-1.578
334.752	-293.285	-1.578
334.750	-293.649	-1.577
334.748	-294.013	-1.577
334.745	-294.376	-1.577
334.743	-294.741	-1.577
334.742	-295.104	-1.576
334.740	-295.468	-1.576
334.739	-295.832	-1.575
334.738	-296.195	-1.575
334.736	-296.558	-1.575
334.735	-296.921	-1.574
334.734	-297.284	-1.574
334.733	-297.647	-1.574
334.732	-298.010	-1.574
334.731	-298.374	-1.574
334.730	-298.737	-1.574
334.729	-299.101	-1.574
334.728	-299.464	-1.574
334.727	-299.827	-1.573
334.726	-300.188	-1.573
334.726	-300.545	-1.573
334.725	-300.899	-1.573
334.724	-301.248	-1.573
334.724	-301.592	-1.573
334.723	-301.932	-1.573
334.723	-302.268	-1.573
334.722	-302.600	-1.573
334.721	-302.929	-1.573
334.721	-303.256	-1.572
334.720	-303.581	-1.572
334.720	-303.904	-1.572
334.719	-304.225	-1.572
334.719	-304.544	-1.572
334.719	-304.861	-1.572
334.718	-305.175	-1.572
334.718	-305.486	-1.572
334.717	-305.794	-1.572
334.717	-306.098	-1.572
334.717	-306.399	-1.572
334.716	-306.697	-1.572
334.716	-306.992	-1.572
334.715	-307.285	-1.572
334.715	-307.576	-1.572
334.715	-307.864	-1.572
334.715	-308.151	-1.572
334.714	-308.435	-1.572
334.714	-308.717	-1.572
334.714	-308.996	-1.572
334.714	-309.274	-1.572
334.713	-309.548	-1.572
334.713	-309.820	-1.572
334.713	-310.089	-1.572
334.713	-310.356	-1.572
334.713	-310.620	-1.572
334.712	-310.882	-1.572
334.712	-311.142	-1.572
334.712	-311.399	-1.572
334.712	-311.655	-1.572
334.712	-311.908	-1.572
334.711	-312.160	-1.572
334.711	-312.412	-1.572
334.711	-312.659	-1.572
334.711	-312.886	-1.572
334.711	-313.117	-1.572
334.711	-313.353	-1.572
334.710	-313.596	-1.572
334.710	-313.843	-1.572
334.710	-314.089	-1.572
334.710	-314.330	-1.572
334.708	-314.566	-1.573
334.706	-314.800	-1.574
334.704	-315.032	-1.575
334.701	-315.262	-1.576
334.698	-315.491	-1.577
334.696	-315.718	-1.578
334.693	-315.944	-1.579
334.690	-316.168	-1.580
334.688	-316.389	-1.580
334.685	-316.608	-1.581
334.682	-316.824	-1.581
334.679	-317.039	-1.582
334.676	-317.253	-1.582
334.673	-317.465	-1.582
334.667	-317.675	-1.586
334.658	-317.885	-1.591
334.647	-318.099	-1.595
334.636	-318.321	-1.599
334.624	-318.554	-1.603
334.611	-318.798	-1.607
334.592	-319.054	-1.615
334.565	-319.316	-1.627
334.535	-319.583	-1.640
334.502	-319.855	-1.652
334.465	-320.139	-1.663
334.422	-320.430	-1.678
334.366	-320.728	-1.698
334.301	-321.037	-1.719
334.223	-321.355	-1.745
334.127	-321.681	-1.777
334.018	-322.014	-1.811
333.892	-322.353	-1.848
333.747	-322.692	-1.891
333.585	-323.030	-1.935
333.409	-323.361	-1.981
333.217	-323.678	-2.031
333.013	-323.981	-2.080
332.796	-324.269	-2.131
332.566	-324.538	-2.184
332.325	-324.792	-2.237
332.071	-325.031	-2.290
331.802	-325.252	-2.346
331.518	-325.459	-2.401
331.219	-325.652	-2.459
330.907	-325.820	-2.523
330.582	-325.962	-2.593
330.246	-326.082	-2.663
329.900	-326.184	-2.730
329.545	-326.272	-2.789
329.185	-326.348	-2.842
328.821	-326.412	-2.888
328.456	-326.465	-2.929
328.093	-326.509	-2.965
327.730	-326.544	-2.995
327.370	-326.573	-3.021
327.011	-326.596	-3.042
326.653	-326.615	-3.060
326.294	-326.630	-3.075
325.935	-326.642	-3.088
325.574	-326.651	-3.098
325.211	-326.658	-3.107
324.846	-326.663	-3.115
324.480	-326.667	-3.121
324.114	-326.669	-3.126
323.748	-326.671	-3.131
323.383	-326.671	-3.134
323.019	-326.671	-3.137
322.656	-326.670	-3.140
322.294	-326.668	3.141
321.932	-326.666	3.139
321.570	-326.664	3.138
321.208	-326.662	3.137
320.845	-326.660	3.137
320.482	-326.658	3.136
320.118	-326.656	3.136
319.754	-326.654	3.136
319.390	-326.652	3.136
319.026	-326.651	3.136
318.662	-326.649	3.136
318.298	-326.647	3.136
317.935	-326.645	3.136
317.572	-326.643	3.136
317.209	-326.641	3.136
316.846	-326.639	3.136
316.483	-326.637	3.136
316.120	-326.635	3.136
315.757	-326.634	3.137
315.393	-326.633	3.137
315.030	-326.631	3.138
314.666	-326.630	3.138
314.302	-326.629	3.138
313.938	-326.628	3.138
313.575	-326.627	3.138
313.212	-326.626	3.139
312.848	-326.625	3.139
312.485	-326.624	3.139
312.122	-326.623	3.139
311.759	-326.622	3.139
311.395	-326.621	3.139
311.032	-326.620	3.139
310.669	-326.620	3.139
310.305	-326.619	3.140
309.942	-326.618	3.140
309.578	-326.618	3.140
309.215	-326.617	3.140
308.851	-326.617	3.140
308.488	-326.617	3.140
308.124	-326.616	3.140
307.761	-326.616	3.140
307.398	-326.615	3.140
307.034	-326.615	3.140
306.671	-326.614	3.140
306.308	-326.614	3.140
305.944	-326.614	3.141
305.581	-326.613	3.141
305.217	-326.613	3.141
304.854	-326.613	3.141
304.491	-326.613	3.141
304.127	-326.612	3.141
303.764	-326.612	3.141
303.401	-326.612	3.141
303.037	-326.612	3.141
302.674	-326.612	3.141
302.310	-326.612	3.141
301.947	-326.612	3.141
301.584	-326.611	3.141
301.220	-326.611	3.141
300.857	-326.611	3.141
300.493	-326.611	3.141
300.130	-326.611	3.141
299.767	-326.611	3.141
299.403	-326.611	3.141
299.040	-326.611	3.141
298.676	-326.611	3.141
298.313	-326.611	3.141
297.950	-326.610	3.141
297.586	-326.610	3.141
297.223	-326.610	3.141
296.860	-326.610	3.141
296.496	-326.610	3.141
296.133	-326.610	3.141
295.769	-326.610	3.141
295.406	-326.610	3.141
295.043	-326.610	3.141
294.679	-326.610	3.141
294.316	-326.609	3.141
293.953	-326.609	3.141
293.589	-326.609	3.141
293.226	-326.609	3.141
292.862	-326.609	3.141
292.499	-326.609	3.141
292.136	-326.609	3.141
291.772	-326.609	3.141
291.409	-326.609	3.141
291.046	-326.609	3.141
290.682	-326.609	3.141
290.319	-326.608	3.141
289.955	-326.608	3.141
289.592	-326.608	3.141
289.228	-326.608	3.141
288.865	-326.608	3.141
288.502	-326.608	3.141
288.138	-326.608	3.141
287.775	-326.608	3.141
287.412	-326.608	3.141
287.048	-326.608	3.141
286.685	-326.608	3.141
286.321	-326.608	3.142
285.958	-326.608	3.142
285.595	-326.608	3.142
285.231	-326.608	3.142
284.868	-326.608	3.142
284.505	-326.608	3.142
284.141	-326.608	3.142
283.778	-326.608	-3.142
283.414	-326.608	-3.142
283.051	-326.608	-3.141
282.688	-326.608	-3.141
282.324	-326.608	-3.141
281.961	-326.608	-3.141
281.598	-326.608	-3.141
281.234	-326.608	-3.141
280.871	-326.608	-3.141
280.507	-326.608	-3.141
280.144	-326.608	-3.141
279.781	-326.608	-3.141
279.417	-326.608	-3.141
279.054	-326.608	-3.141
278.691	-326.608	-3.141
278.327	-326.608	-3.141
277.964	-326.608	-3.141
277.600	-326.608	-3.141
277.237	-326.608	-3.141
276.874	-326.608	-3.141
276.510	-326.608	-3.141
276.147	-326.608	-3.141
275.784	-326.608	-3.141
275.420	-326.608	-3.141
275.057	-326.608	-3.141
274.693	-326.608	-3.141
274.330	-326.608	-3.141
273.967	-326.608	-3.141
273.603	-326.608	-3.141
273.240	-326.608	-3.141
272.877	-326.608	-3.141
272.513	-326.608	-3.142
272.150	-326.608	-3.142
271.786	-326.608	-3.142
271.423	-326.608	-3.142
271.060	-326.608	-3.142
270.696	-326.608	-3.142
270.333	-326.608	-3.142
269.970	-326.608	-3.142
269.606	-326.608	-3.142
269.243	-326.608	-3.142
268.879	-326.608	-3.142
268.516	-326.608	3.142
268.153	-326.608	3.142
267.789	-326.608	3.142
267.426	-326.608	3.142
267.062	-326.608	3.141
266.699	-326.608	3.141
266.336	-326.608	3.141
265.972	-326.608	3.141
265.609	-326.608	3.141
265.245	-326.608	3.141
264.882	-326.607	3.141
264.519	-326.607	3.141
264.155	-326.607	3.141
263.792	-326.607	3.141
263.429	-326.607	3.141
263.065	-326.607	3.141
262.702	-326.607	3.141
262.338	-326.607	3.141
261.975	-326.607	3.141
261.612	-326.607	3.141
261.248	-326.607	3.141
260.885	-326.607	3.141
260.522	-326.607	3.141
260.158	-326.607	3.141
259.795	-326.606	3.141
259.431	-326.606	3.141
259.068	-326.606	3.141
258.705	-326.606	3.141
258.341	-326.606	3.141
257.978	-326.606	3.141
257.615	-326.606	3.141
257.251	-326.606	3.141
256.888	-326.606	3.141
256.524	-326.606	3.141
256.161	-326.606	3.141
255.798	-326.606	3.141
255.434	-326.606	3.141
255.071	-326.606	3.141
254.708	-326.606	3.141
254.344	-326.606	3.141
253.981	-326.606	3.142
253.617	-326.606	3.141
253.254	-326.606	3.141
252.891	-326.606	3.141
252.527	-326.606	3.141
252.164	-326.606	3.141
251.801	-326.606	3.141
251.437	-326.606	3.141
251.074	-326.606	3.141
250.710	-326.606	3.141
250.347	-326.606	3.141
249.984	-326.606	3.141
249.620	-326.606	3.141
249.257	-326.606	3.141
248.894	-326.606	3.141
248.530	-326.606	3.141
248.167	-326.606	3.141
247.803	-326.606	3.141
247.440	-326.606	3.141
247.077	-326.606	3.141
246.713	-326.605	3.141
246.350	-326.605	3.141
245.986	-326.605	3.141
245.623	-326.605	3.141
245.260	-326.605	3.141
244.896	-326.605	3.141
244.533	-326.605	3.141
244.170	-326.605	3.141
243.806	-326.605	3.141
243.443	-326.605	3.141
243.079	-326.605	3.141
242.716	-326.605	3.141
242.353	-326.605	3.141
241.989	-326.604	3.141
241.626	-326.604	3.141
241.262	-326.604	3.141
240.899	-326.604	3.142
240.536	-326.604	3.142
240.172	-326.604	3.142
239.809	-326.604	3.142
239.446	-326.604	3.142
239.082	-326.604	3.142
238.719	-326.604	3.142
238.355	-326.604	3.142
237.992	-326.604	3.142
237.629	-326.604	3.141
237.265	-326.604	3.141
236.902	-326.604	3.141
236.539	-326.604	3.141
236.175	-326.604	3.141
235.812	-326.604	3.141
235.448	-326.604	3.141
235.085	-326.604	3.141
234.722	-326.603	3.141
234.358	-326.603	3.141
233.995	-326.603	3.141
233.632	-326.603	3.142
233.268	-326.603	3.142
232.905	-326.603	3.142
232.541	-326.603	3.142
232.178	-326.603	3.142
231.815	-326.603	3.142
231.451	-326.603	3.142
231.088	-326.603	3.142
230.725	-326.603	3.142
230.361	-326.603	3.142
229.998	-326.603	3.142
229.634	-326.603	3.142
229.271	-326.603	3.142
228.908	-326.603	3.142
228.544	-326.603	3.142
228.181	-326.603	3.141
227.818	-326.603	3.141
227.454	-326.603	3.141
227.091	-326.603	3.141
226.727	-326.603	3.141
226.364	-326.603	3.141
226.001	-326.603	3.142
225.637	-326.603	3.142
225.274	-326.603	3.142
224.911	-326.603	3.142
224.547	-326.603	3.142
224.184	-326.603	3.142
223.820	-326.603	3.142
223.457	-326.603	3.142
223.094	-326.603	3.142
222.730	-326.603	3.142
222.367	-326.603	3.142
222.003	-326.603	3.142
221.640	-326.603	3.142
221.277	-326.603	3.142
220.913	-326.603	3.142
220.550	-326.603	3.142
220.186	-326.603	3.142
219.823	-326.603	3.142
219.460	-326.603	3.142
219.096	-326.603	3.142
218.733	-326.603	3.142
218.370	-326.603	3.142
218.006	-326.603	3.142
217.643	-326.603	3.142
217.279	-326.603	3.141
216.916	-326.603	3.141
216.553	-326.602	3.141
216.189	-326.602	3.141
215.826	-326.602	3.141
215.463	-326.602	3.141
215.099	-326.602	3.141
214.736	-326.602	3.141
214.372	-326.602	3.141
214.009	-326.602	3.141
213.646	-326.602	3.141
213.282	-326.602	3.141
212.919	-326.602	3.141
212.556	-326.602	3.142
212.192	-326.602	3.142
211.829	-326.602	3.142
211.465	-326.602	3.142
211.102	-326.602	3.142
210.739	-326.602	3.142
210.375	-326.602	3.142
210.012	-326.602	3.142
209.649	-326.602	3.142
209.285	-326.602	3.142
208.922	-326.602	3.142
208.558	-326.602	3.142
208.195	-326.602	3.142
207.832	-326.602	3.142
207.468	-326.602	3.141
207.105	-326.601	3.141
206.742	-326.601	3.141
206.378	-326.601	3.141
206.015	-326.601	3.141
205.651	-326.601	3.141
205.288	-326.601	3.141
204.925	-326.601	3.141
204.561	-326.601	3.141
204.198	-326.601	3.141
203.835	-326.601	3.141
203.471	-326.601	3.141
203.108	-326.601	3.141
202.744	-326.600	3.141
202.381	-326.600	3.141
202.018	-326.600	3.141
201.654	-326.600	3.141
201.291	-326.600	3.141
200.928	-326.600	3.141
200.564	-326.600	3.141
200.201	-326.600	3.141
199.837	-326.600	3.141
199.474	-326.600	3.141
199.111	-326.599	3.141
198.747	-326.599	3.141
198.384	-326.599	3.141
198.020	-326.599	3.142
197.657	-326.599	3.142
197.294	-326.599	3.142
196.930	-326.599	3.142
196.567	-326.599	3.142
196.203	-326.599	3.142
195.840	-326.599	3.142
195.477	-326.599	3.141
195.113	-326.599	3.141
194.750	-326.599	3.141
194.387	-326.599	3.141
194.023	-326.599	3.141
193.660	-326.599	3.141
193.296	-326.599	3.142
192.933	-326.599	3.142
192.570	-326.599	3.142
192.206	-326.599	3.142
191.843	-326.599	3.142
191.480	-326.599	3.142
191.116	-326.599	3.142
190.753	-326.599	3.142
190.389	-326.599	3.142
190.026	-326.599	3.142
189.663	-326.599	3.142
189.299	-326.599	3.142
188.936	-326.599	3.142
188.573	-326.599	3.142
188.209	-326.599	3.142
187.846	-326.599	3.141
187.482	-326.599	3.141
187.119	-326.599	3.141
186.756	-326.599	3.141
186.392	-326.599	3.141
186.029	-326.599	3.141
185.666	-326.599	3.141
185.302	-326.599	3.141
184.939	-326.599	3.141
184.575	-326.599	3.141
184.212	-326.598	3.141
183.849	-326.598	3.141
183.485	-326.598	3.141
183.122	-326.598	3.142
182.759	-326.598	3.142
182.395	-326.598	3.142
182.032	-326.598	3.142
181.668	-326.598	3.142
181.305	-326.598	3.142
180.942	-326.598	3.142
180.578	-326.598	3.142
180.215	-326.598	3.142
179.852	-326.598	3.142
179.488	-326.598	3.142
179.125	-326.598	3.142
178.761	-326.598	3.142
178.398	-326.598	3.142
178.035	-326.598	3.141
177.671	-326.598	3.141
177.308	-326.598	3.141
176.945	-326.598	3.141
176.581	-326.598	3.141
176.218	-326.598	3.141
175.854	-326.598	3.141
175.491	-326.598	3.141
175.128	-326.598	3.141
174.764	-326.598	3.141
174.401	-326.597	3.141
174.037	-326.597	3.141
173.674	-326.597	3.141
173.311	-326.597	3.141
172.947	-326.597	3.141
172.584	-326.597	3.141
172.220	-326.597	3.141
171.857	-326.597	3.141
171.494	-326.597	3.141
171.130	-326.597	3.141
170.767	-326.597	3.141
170.404	-326.597	3.141
170.040	-326.597	3.141
169.677	-326.597	3.141
169.313	-326.597	3.141
168.950	-326.597	3.141
168.587	-326.597	3.141
168.223	-326.597	3.141
167.860	-326.597	3.141
167.497	-326.597	3.141
167.133	-326.597	3.141
166.770	-326.597	3.141
166.406	-326.597	3.141
166.043	-326.597	3.141
165.680	-326.597	3.141
165.316	-326.597	3.141
164.953	-326.597	3.141
164.590	-326.597	3.141
164.226	-326.597	3.141
163.863	-326.597	3.141
163.499	-326.597	3.141
163.136	-326.597	3.141
162.773	-326.597	3.141
162.409	-326.596	3.141
162.046	-326.596	3.141
161.682	-326.596	3.141
161.319	-326.596	3.141
160.956	-326.596	3.141
160.592	-326.596	3.141
160.229	-326.596	3.141
159.865	-326.596	3.141
159.502	-326.596	3.141
159.139	-326.596	3.141
158.775	-326.596	3.141
158.412	-326.596	3.141
158.049	-326.596	3.141
157.685	-326.596	3.141
157.322	-326.596	3.141
156.958	-326.596	3.141
156.595	-326.596	3.141
156.232	-326.596	3.141
155.868	-326.596	3.141
155.505	-326.596	3.141
155.141	-326.596	3.141
154.778	-326.596	3.141
154.415	-326.596	3.141
154.051	-326.595	3.141
153.688	-326.595	3.141
153.324	-326.595	3.141
152.961	-326.595	3.141
152.598	-326.595	3.141
152.234	-326.595	3.141
151.871	-326.595	3.142
151.507	-326.595	3.142
151.144	-326.595	3.142
150.781	-326.595	3.142
150.417	-326.595	3.142
150.054	-326.595	3.142
149.690	-326.595	3.142
149.327	-326.595	3.142
148.964	-326.595	3.142
148.600	-326.595	3.142
148.237	-326.595	3.142
147.874	-326.595	3.142
147.510	-326.595	3.142
147.147	-326.595	3.141
146.783	-326.595	3.141
146.420	-326.595	3.141
146.056	-326.595	3.141
145.693	-326.595	3.141
145.330	-326.595	3.141
144.966	-326.595	3.141
144.603	-326.594	3.141
144.240	-326.594	3.141
143.876	-326.594	3.142
143.513	-326.594	3.142
143.149	-326.594	3.142
142.786	-326.594	3.142
142.423	-326.594	3.142
142.059	-326.594	3.142
141.696	-326.594	3.142
141.332	-326.594	3.142
140.969	-326.594	3.142
140.606	-326.594	3.142
140.242	-326.594	3.141
139.879	-326.594	3.141
139.515	-326.594	3.141
139.152	-326.594	3.141
138.789	-326.594	3.141
138.425	-326.594	3.141
138.062	-326.594	3.142
137.699	-326.594	3.142
137.335	-326.594	3.141
136.972	-326.594	3.141
136.608	-326.594	3.141
136.245	-326.594	3.141
135.881	-326.594	3.141
135.518	-326.594	3.141
135.155	-326.594	3.141
134.791	-326.594	3.141
134.428	-326.594	3.141
134.065	-326.593	3.141
133.701	-326.593	3.141
133.338	-326.593	3.141
132.974	-326.593	3.141
132.611	-326.593	3.141
132.248	-326.593	3.141
131.884	-326.593	3.141
131.521	-326.593	3.141
131.157	-326.593	3.141
130.794	-326.593	3.141
130.431	-326.593	3.141
130.067	-326.593	3.141
129.704	-326.593	3.141
129.340	-326.593	3.141
128.977	-326.593	3.141
128.614	-326.593	3.141
128.250	-326.593	3.141
127.887	-326.593	3.141
127.523	-326.593	3.141
127.160	-326.593	3.141
126.797	-326.593	3.141
126.433	-326.593	3.141
126.070	-326.593	3.141
125.706	-326.593	3.141
125.343	-326.593	3.141
124.980	-326.592	3.141
124.616	-326.592	3.141
124.253	-326.592	3.141
123.890	-326.592	3.141
123.526	-326.592	3.141
123.163	-326.592	3.141
122.799	-326.592	3.142
122.436	-326.592	3.141
122.073	-326.592	3.141
121.709	-326.592	3.141
121.346	-326.592	3.141
120.982	-326.592	3.142
120.619	-326.592	3.142
120.256	-326.592	3.142
119.892	-326.592	3.142
119.529	-326.592	3.142
119.165	-326.592	3.142
118.803	-326.592	3.142
118.442	-326.592	3.141
118.085	-326.592	3.141
117.730	-326.592	3.141
117.381	-326.591	3.141
117.036	-326.591	3.141
116.696	-326.591	3.141
116.360	-326.591	3.141
116.027	-326.591	3.141
115.698	-326.591	3.141
115.371	-326.591	3.141
115.046	-326.591	3.141
114.723	-326.591	3.141
114.402	-326.591	3.141
114.082	-326.591	3.141
113.765	-326.591	3.141
113.451	-326.591	3.141
113.140	-326.591	3.141
112.832	-326.591	3.141
112.527	-326.591	3.141
112.226	-326.591	3.141
111.928	-326.591	3.141
111.632	-326.591	3.141
111.339	-326.591	3.141
111.049	-326.591	3.141
110.760	-326.591	3.141
110.473	-326.591	3.141
110.189	-326.591	3.141
109.907	-326.591	3.141
109.627	-326.591	3.141
109.350	-326.591	3.141
109.075	-326.591	3.141
108.803	-326.591	3.141
108.534	-326.591	3.141
108.267	-326.590	3.141
108.002	-326.590	3.141
107.740	-326.590	3.141
107.480	-326.590	3.141
107.223	-326.590	3.141
106.967	-326.590	3.141
106.713	-326.590	3.141
106.461	-326.590	3.141
106.208	-326.590	3.141
105.966	-326.590	3.141
105.746	-326.590	3.141
105.521	-326.590	3.141
105.291	-326.589	3.141
105.054	-326.589	3.141
104.808	-326.589	3.141
104.560	-326.589	3.141
104.313	-326.589	3.141
104.073	-326.589	3.141
103.838	-326.589	3.141
103.608	-326.589	3.141
103.382	-326.589	3.141
103.160	-326.589	3.141
102.940	-326.589	3.141
102.720	-326.588	3.141
102.501	-326.588	3.141
102.284	-326.588	3.141
102.068	-326.588	3.141
101.854	-326.588	3.141
101.643	-326.588	3.141
101.434	-326.588	3.141
101.227	-326.588	3.141
101.020	-326.588	3.141
100.809	-326.588	3.141
100.590	-326.587	3.141
100.367	-326.587	3.141
100.143	-326.587	3.141
99.923	-326.587	3.141
99.709	-326.587	3.141
99.500	-326.587	3.141
99.294	-326.587	3.141
99.090	-326.587	3.141
98.884	-326.587	3.141
98.672	-326.587	3.141
98.451	-326.586	3.141
98.219	-326.586	3.141
97.974	-326.586	3.141
97.718	-326.586	3.141
97.450	-326.586	3.141
97.181	-326.586	3.141
96.907	-326.586	3.141
96.625	-326.586	3.141
96.333	-326.586	3.141
96.031	-326.586	3.141
95.716	-326.585	3.141
95.389	-326.585	3.141
95.048	-326.585	3.141
94.694	-326.585	3.141
94.327	-326.585	3.141
93.949	-326.585	3.141
93.567	-326.585	3.141
93.184	-326.585	3.141
92.805	-326.585	3.141
92.430	-326.584	3.141
92.061	-326.584	3.141
91.697	-326.584	3.141
91.338	-326.584	3.141
90.982	-326.584	3.141
90.628	-326.583	3.141
90.274	-326.583	3.141
89.917	-326.583	3.141
89.556	-326.583	3.141
89.191	-326.583	3.141
88.824	-326.582	3.141
88.455	-326.582	3.141
88.086	-326.582	3.141
87.718	-326.582	3.141
87.352	-326.582	3.141
86.988	-326.582	3.141
86.626	-326.581	3.141
86.266	-326.581	3.141
85.906	-326.581	3.141
85.546	-326.581	3.141
85.184	-326.581	3.141
84.822	-326.580	3.141
84.458	-326.580	3.141
84.094	-326.580	3.141
83.728	-326.580	3.141
83.363	-326.580	3.141
82.998	-326.579	3.141
82.634	-326.579	3.141
82.270	-326.579	3.141
81.907	-326.579	3.141
81.545	-326.579	3.141
81.182	-326.578	3.141
80.820	-326.578	3.141
80.457	-326.578	3.141
80.094	-326.578	3.141
79.731	-326.578	3.141
79.367	-326.577	3.141
79.003	-326.577	3.141
78.639	-326.577	3.141
78.275	-326.577	3.141
77.911	-326.577	3.141
77.548	-326.576	3.141
77.185	-326.576	3.141
76.822	-326.576	3.141
76.458	-326.576	3.141
76.096	-326.576	3.141
75.732	-326.575	3.141
75.369	-326.575	3.141
75.006	-326.575	3.141
74.642	-326.575	3.141
74.279	-326.575	3.141
73.915	-326.574	3.141
73.551	-326.574	3.141
73.188	-326.574	3.141
72.824	-326.574	3.141
72.461	-326.574	3.141
72.098	-326.574	3.141
71.735	-326.573	3.141
71.371	-326.573	3.141
71.008	-326.573	3.141
70.645	-326.573	3.141
70.281	-326.573	3.141
69.918	-326.572	3.141
69.554	-326.572	3.141
69.191	-326.572	3.141
68.828	-326.572	3.141
68.464	-326.572	3.141
68.101	-326.571	3.141
67.737	-326.571	3.141
67.374	-326.571	3.141
67.010	-326.571	3.141
66.647	-326.571	3.141
66.284	-326.570	3.141
65.920	-326.570	3.141
65.557	-326.570	3.141
65.194	-326.570	3.141
64.830	-326.570	3.141
64.467	-326.569	3.141
64.103	-326.569	3.141
63.740	-326.569	3.141
63.377	-326.569	3.141
63.013	-326.569	3.141
62.650	-326.568	3.141
62.286	-326.568	3.141
61.923	-326.568	3.141
61.560	-326.568	3.141
61.196	-326.568	3.141
60.833	-326.567	3.141
60.469	-326.567	3.141
60.106	-326.567	3.141
59.743	-326.567	3.141
59.379	-326.567	3.141
59.016	-326.566	3.141
58.653	-326.566	3.141
58.289	-326.566	3.141
57.926	-326.566	3.141
57.562	-326.566	3.141
57.199	-326.565	3.141
56.836	-326.565	3.141
56.472	-326.565	3.141
56.109	-326.565	3.141
55.745	-326.565	3.141
55.382	-326.565	3.141
55.019	-326.564	3.141
54.655	-326.564	3.141
54.292	-326.564	3.141
53.928	-326.564	3.141
53.565	-326.564	3.141
53.202	-326.563	3.141
52.838	-326.563	3.141
52.475	-326.563	3.141
52.111	-326.563	3.141
51.748	-326.563	3.141
51.385	-326.562	3.141
51.021	-326.562	3.141
50.658	-326.562	3.141
50.294	-326.562	3.141
49.931	-326.562	3.141
49.568	-326.561	3.141
49.204	-326.561	3.141
48.841	-326.561	3.141
48.478	-326.561	3.141
48.114	-326.561	3.141
47.751	-326.560	3.141
47.387	-326.560	3.141
47.024	-326.560	3.141
46.660	-326.560	3.141
46.297	-326.560	3.141
45.934	-326.559	3.141
45.570	-326.559	3.141
45.207	-326.559	3.141
44.844	-326.559	3.141
44.480	-326.559	3.141
44.117	-326.558	3.141
43.753	-326.558	3.141
43.390	-326.558	3.141
43.027	-326.558	3.141
42.663	-326.558	3.141
42.300	-326.557	3.141
41.936	-326.557	3.141
41.573	-326.557	3.141
41.210	-326.557	3.141
40.846	-326.557	3.141
40.483	-326.557	3.141
40.119	-326.556	3.141
39.756	-326.556	3.141
39.393	-326.556	3.141
39.029	-326.556	3.141
38.666	-326.556	3.141
38.302	-326.555	3.141
37.939	-326.555	3.141
37.576	-326.555	3.141
37.212	-326.555	3.141
36.849	-326.555	3.141
36.485	-326.554	3.141
36.122	-326.554	3.141
35.759	-326.554	3.141
35.395	-326.554	3.141
35.032	-326.554	3.141
34.669	-326.553	3.141
34.305	-326.553	3.141
33.942	-326.553	3.141
33.578	-326.553	3.141
33.215	-326.553	3.141
32.852	-326.552	3.141
32.488	-326.552	3.141
32.125	-326.552	3.141
31.761	-326.552	3.141
31.398	-326.552	3.141
31.035	-326.551	3.141
30.671	-326.551	3.141
30.308	-326.551	3.141
29.944	-326.551	3.141
29.581	-326.551	3.141
29.218	-326.550	3.141
28.854	-326.550	3.141
28.491	-326.550	3.141
28.128	-326.550	3.141
27.764	-326.550	3.141
27.401	-326.549	3.141
27.037	-326.549	3.141
26.674	-326.549	3.141
26.310	-326.549	3.141
25.947	-326.549	3.141
25.584	-326.549	3.141
25.220	-326.548	3.141
24.857	-326.548	3.141
24.494	-326.548	3.141
24.130	-326.548	3.141
23.767	-326.548	3.141
23.403	-326.547	3.141
23.040	-326.547	3.141
22.677	-326.547	3.141
22.313	-326.547	3.141
21.950	-326.547	3.141
21.586	-326.546	3.141
21.223	-326.546	3.141
20.860	-326.546	3.141
20.496	-326.546	3.141
20.133	-326.546	3.141
19.769	-326.545	3.141
19.406	-326.545	3.141
19.043	-326.545	3.141
18.679	-326.545	3.141
18.316	-326.545	3.141
17.953	-326.544	3.141
17.589	-326.544	3.141
17.226	-326.544	3.141
16.862	-326.544	3.141
16.499	-326.544	3.141
16.136	-326.543	3.141
15.772	-326.543	3.141
15.409	-326.543	3.141
15.045	-326.543	3.141
14.682	-326.543	3.141
14.319	-326.539	3.138
13.956	-326.528	3.129
13.594	-326.514	3.120
13.232	-326.497	3.111
12.869	-326.478	3.103
12.506	-326.457	3.096
12.143	-326.434	3.090
11.780	-326.410	3.084
11.417	-326.385	3.080
11.054	-326.359	3.076
10.692	-326.332	3.073
10.329	-326.304	3.070
9.967	-326.276	3.068
9.606	-326.243	3.062
9.246	-326.204	3.053
8.887	-326.158	3.039
8.530	-326.102	3.021
8.175	-326.037	3.000
7.822	-325.962	2.975
7.473	-325.874	2.947
7.129	-325.770	2.913
6.792	-325.649	2.872
6.466	-325.509	2.826
6.146	-325.352	2.777
5.834	-325.178	2.727
5.529	-324.988	2.677
5.233	-324.782	2.626
4.948	-324.560	2.574
4.671	-324.325	2.526
4.407	-324.077	2.477
4.159	-323.816	2.424
3.927	-323.544	2.371
3.706	-323.261	2.322
3.499	-322.968	2.274
3.306	-322.666	2.226
3.127	-322.354	2.178
2.962	-322.034	2.131
2.814	-321.706	2.083
2.687	-321.373	2.031
2.578	-321.032	1.978
2.483	-320.686	1.928
2.401	-320.333	1.883
2.328	-319.976	1.842
2.265	-319.615	1.806
2.210	-319.253	1.775
2.163	-318.890	1.747
2.124	-318.527	1.721
2.093	-318.166	1.697
2.067	-317.805	1.677
2.046	-317.444	1.659
2.029	-317.084	1.644
2.015	-316.723	1.631
2.004	-316.361	1.620
1.996	-315.998	1.611
1.989	-315.635	1.603
1.984	-315.271	1.596
1.980	-314.906	1.590
1.977	-314.541	1.586
1.975	-314.177	1.582
1.974	-313.813	1.579
1.973	-313.449	1.577
1.973	-313.086	1.575
1.973	-312.724	1.573
1.973	-312.361	1.572
1.974	-311.998	1.571
1.975	-311.635	1.570
1.976	-311.272	1.569
1.978	-310.909	1.568
1.979	-310.545	1.568
1.981	-310.181	1.567
1.983	-309.818	1.567
1.984	-309.454	1.567
1.986	-309.090	1.567
1.987	-308.727	1.567
1.988	-308.363	1.567
1.989	-308.000	1.567
1.991	-307.637	1.567
1.992	-307.274	1.567
1.993	-306.911	1.567
1.994	-306.547	1.568
1.995	-306.184	1.568
1.996	-305.821	1.568
1.997	-305.457	1.568
1.998	-305.093	1.568
1.999	-304.730	1.568
2.000	-304.366	1.568
2.001	-304.003	1.568
2.002	-303.640	1.568
2.002	-303.276	1.569
2.003	-302.913	1.569
2.004	-302.550	1.569
2.004	-302.186	1.569
2.005	-301.822	1.569
2.005	-301.453	1.569
2.006	-301.078	1.569
2.006	-300.694	1.569
2.007	-300.299	1.569
2.007	-299.894	1.569
2.008	-299.476	1.569
2.008	-299.045	1.570
2.009	-298.602	1.570
2.009	-298.145	1.570
2.010	-297.675	1.570
2.010	-297.192	1.570
2.010	-296.695	1.570
2.011	-296.184	1.570
2.011	-295.659	1.570
2.011	-295.121	1.570
2.012	-294.569	1.570
2.012	-294.004	1.570
2.012	-293.426	1.570
2.013	-292.837	1.570
2.013	-292.235	1.570
2.013	-291.622	1.570
2.013	-290.997	1.570
2.014	-290.360	1.570
2.014	-289.712	1.570
2.014	-289.053	1.570
2.014	-288.383	1.570
2.015	-287.701	1.570
2.015	-287.008	1.570
2.015	-286.304	1.571
2.015	-285.589	1.571
2.016	-284.863	1.571
2.016	-284.126	1.571
2.016	-283.378	1.571
2.016	-282.620	1.571
2.016	-281.851	1.571
2.017	-281.071	1.571
2.017	-280.281	1.571
2.017	-279.480	1.571
2.017	-278.668	1.571
2.017	-277.846	1.571
2.017	-277.014	1.571
2.017	-276.172	1.571
2.017	-275.319	1.571
2.017	-274.456	1.571
2.017	-273.582	1.571
2.017	-272.699	1.571
2.017	-271.806	1.571
2.016	-270.902	1.571
2.016	-269.989	1.571
2.016	-269.066	1.571
2.016	-268.132	1.571
2.016	-267.190	1.571
2.016	-266.237	1.571
2.016	-265.275	1.571
2.017	-264.302	1.571
2.017	-263.321	1.571
2.017	-262.330	1.571
2.017	-261.329	1.571
2.017	-260.319	1.571
2.017	-259.300	1.571
2.017	-258.271	1.571
2.017	-257.233	1.571
2.018	-256.185	1.571
2.018	-255.129	1.571
2.018	-254.063	1.571
2.018	-252.988	1.571
2.018	-251.904	1.571
2.018	-250.812	1.571
2.019	-249.713	1.571
2.019	-248.610	1.571
2.019	-247.507	1.571
2.019	-246.406	1.571
2.019	-245.308	1.571
2.019	-244.216	1.571
2.019	-243.127	1.571
2.019	-242.042	1.571
2.019	-240.959	1.571
2.019	-239.875	1.571
2.019	-238.791	1.571
2.019	-237.704	1.571
2.019	-236.615	1.571
2.018	-235.523	1.571
2.018	-234.431	1.571
2.018	-233.338	1.571
2.018	-232.244	1.571
2.017	-231.152	1.571
2.017	-230.061	1.571
2.017	-228.970	1.571
2.016	-227.881	1.571
2.016	-226.792	1.571
2.015	-225.704	1.571
2.015	-224.616	1.571
2.014	-223.527	1.571
2.013	-222.437	1.571
2.013	-221.347	1.571
2.012	-220.257	1.571
2.012	-219.166	1.571
2.011	-218.075	1.571
2.010	-216.985	1.571
2.009	-215.894	1.572
2.009	-214.804	1.572
2.008	-213.714	1.572
2.007	-212.624	1.572
2.006	-211.535	1.572
2.006	-210.445	1.572
2.005	-209.355	1.572
2.004	-208.266	1.572
2.003	-207.176	1.572
2.002	-206.086	1.571
2.002	-204.995	1.571
2.001	-203.905	1.571
2.000	-202.815	1.571
2.000	-201.725	1.571
1.999	-200.635	1.571
1.998	-199.545	1.571
1.997	-198.455	1.571
1.997	-197.365	1.571
1.996	-196.275	1.571
1.995	-195.185	1.571
1.995	-194.095	1.571
1.994	-193.005	1.571
1.994	-191.915	1.571
1.993	-190.825	1.571
1.993	-189.735	1.571
1.992	-188.645	1.571
1.992	-187.555	1.571
1.991	-186.465	1.571
1.991	-185.375	1.571
1.990	-184.285	1.571
1.990	-183.195	1.571
1.989	-182.105	1.571
1.989	-181.018	1.571
1.988	-179.936	1.571
1.988	-178.865	1.571
1.987	-177.808	1.571
1.987	-176.767	1.571
1.986	-175.743	1.571
1.986	-174.737	1.571
1.985	-173.749	1.571
1.985	-172.779	1.571
1.985	-171.825	1.571
1.984	-170.886	1.571
1.984	-169.960	1.571
1.983	-169.045	1.571
1.983	-168.141	1.571
1.982	-167.246	1.571
1.982	-166.361	1.571
1.982	-165.485	1.571
1.981	-164.619	1.571
1.981	-163.765	1.571
1.980	-162.923	1.571
1.980	-162.092	1.571
1.979	-161.274	1.571
1.979	-160.467	1.571
1.979	-159.674	1.571
1.978	-158.892	1.571
1.978	-158.121	1.571
1.977	-157.362	1.571
1.977	-156.612	1.571
1.977	-155.872	1.571
1.976	-155.142	1.571
1.976	-154.420	1.571
1.975	-153.707	1.571
1.975	-153.003	1.571
1.975	-152.308	1.571
1.974	-151.621	1.571
1.974	-150.943	1.571
1.974	-150.274	1.571
1.973	-149.614	1.571
1.973	-148.962	1.571
1.973	-148.319	1.571
1.972	-147.685	1.571
1.972	-147.058	1.571
1.972	-146.440	1.571
1.971	-145.830	1.571
1.971	-145.228	1.571
1.971	-144.633	1.571
1.970	-144.046	1.571
1.970	-143.467	1.571
1.969	-142.895	1.571
1.969	-142.331	1.571
1.969	-141.773	1.572
1.968	-141.223	1.572
1.968	-140.680	1.572
1.968	-140.144	1.572
1.967	-139.615	1.572
1.967	-139.093	1.572
1.967	-138.578	1.571
1.966	-138.070	1.571
1.966	-137.568	1.571
1.966	-137.073	1.571
1.965	-136.585	1.571
1.965	-136.102	1.571
1.965	-135.626	1.571
1.964	-135.157	1.571
1.964	-134.693	1.571
1.964	-134.235	1.571
1.964	-133.784	1.571
1.963	-133.338	1.571
1.963	-132.898	1.571
1.963	-132.464	1.571
1.963	-132.035	1.571
1.962	-131.612	1.571
1.962	-131.195	1.571
1.962	-130.783	1.571
1.962	-130.377	1.571
1.962	-129.976	1.571
1.961	-129.583	1.571
1.961	-129.199	1.571
1.961	-128.825	1.571
1.961	-128.460	1.571
1.961	-128.101	1.571
1.961	-127.748	1.571
1.961	-127.397	1.571
1.960	-127.047	1.571
1.960	-126.694	1.571
1.960	-126.335	1.571
1.960	-125.971	1.571
1.960	-125.603	1.571
1.960	-125.231	1.571
1.960	-124.859	1.571
1.959	-124.489	1.571
1.959	-124.121	1.571
1.959	-123.756	1.571
1.959	-123.394	1.571
1.959	-123.035	1.571
1.959	-122.676	1.571
1.958	-122.318	1.571
1.958	-121.958	1.571
1.958	-121.597	1.571
1.958	-121.234	1.571
1.958	-120.869	1.571
1.957	-120.503	1.571
1.957	-120.136	1.571
1.957	-119.770	1.571
1.957	-119.405	1.571
1.957	-119.041	1.571
1.956	-118.678	1.571
1.956	-118.316	1.571
1.956	-117.954	1.571
1.956	-117.592	1.571
1.956	-117.230	1.571
1.955	-116.868	1.571
1.955	-116.505	1.571
1.955	-116.141	1.571
1.955	-115.776	1.571
1.955	-115.412	1.571
1.954	-115.048	1.571
1.954	-114.684	1.571
1.954	-114.320	1.571
1.954	-113.957	1.571
1.954	-113.594	1.571
1.953	-113.231	1.571
1.953	-112.868	1.571
1.953	-112.505	1.571
1.953	-112.142	1.571
1.953	-111.779	1.571
1.952	-111.415	1.571
1.952	-111.051	1.571
1.952	-110.688	1.571
1.952	-110.324	1.571
1.952	-109.960	1.571
1.951	-109.597	1.571
1.951	-109.234	1.571
1.951	-108.870	1.571
1.951	-108.507	1.571
1.951	-108.144	1.571
1.950	-107.781	1.571
1.950	-107.417	1.571
1.950	-107.054	1.571
1.950	-106.691	1.571
1.950	-106.327	1.571
1.949	-105.964	1.571
1.949	-105.600	1.571
1.949	-105.237	1.571
1.949	-104.873	1.571
1.949	-104.510	1.571
1.948	-104.146	1.571
1.948	-103.783	1.571
1.948	-103.420	1.571
1.948	-103.056	1.571
1.948	-102.693	1.571
1.947	-102.330	1.571
1.947	-101.966	1.571
1.947	-101.603	1.571
1.947	-101.240	1.571
1.947	-100.876	1.571
1.946	-100.513	1.571
1.946	-100.149	1.571
1.946	-99.786	1.571
1.946	-99.422	1.571
1.946	-99.059	1.571
1.945	-98.696	1.571
1.945	-98.332	1.571
1.945	-97.969	1.571
1.945	-97.606	1.571
1.945	-97.242	1.571
1.944	-96.879	1.571
1.944	-96.515	1.571
1.944	-96.152	1.571
1.944	-95.789	1.571
1.944	-95.425	1.571
1.943	-95.062	1.571
1.943	-94.698	1.571
1.943	-94.335	1.571
1.943	-93.972	1.571
1.943	-93.608	1.571
1.942	-93.245	1.571
1.942	-92.881	1.571
1.942	-92.518	1.571
1.942	-92.155	1.571
1.942	-91.791	1.571
1.941	-91.428	1.571
1.941	-91.065	1.571
1.941	-90.701	1.571
1.941	-90.338	1.571
1.941	-89.974	1.571
1.941	-89.611	1.571
1.941	-89.247	1.571
1.941	-88.884	1.571
1.941	-88.521	1.571
1.941	-88.157	1.571
1.941	-87.794	1.571
1.941	-87.431	1.571
1.941	-87.067	1.571
1.941	-86.704	1.571
1.941	-86.340	1.571
1.941	-85.977	1.571
1.941	-85.614	1.571
1.941	-85.250	1.571
1.941	-84.887	1.571
1.941	-84.523	1.571
1.942	-84.160	1.571
1.942	-83.797	1.571
1.942	-83.433	1.571
1.942	-83.070	1.571
1.942	-82.706	1.571
1.942	-82.343	1.571
1.942	-81.980	1.571
1.942	-81.616	1.571
1.942	-81.253	1.571
1.943	-80.889	1.571
1.943	-80.526	1.571
1.943	-80.163	1.571
1.943	-79.799	1.571
1.943	-79.436	1.571
1.943	-79.072	1.571
1.943	-78.709	1.571
1.943	-78.346	1.571
1.943	-77.982	1.571
1.943	-77.619	1.571
1.943	-77.256	1.571
1.944	-76.892	1.571
1.944	-76.529	1.571
1.944	-76.165	1.571
1.944	-75.802	1.570
1.944	-75.438	1.570
1.944	-75.075	1.570
1.944	-74.712	1.570
1.944	-74.348	1.570
1.945	-73.985	1.570
1.945	-73.622	1.570
1.945	-73.258	1.570
1.945	-72.895	1.570
1.945	-72.531	1.570
1.945	-72.168	1.570
1.945	-71.804	1.570
1.946	-71.441	1.570
1.946	-71.078	1.570
1.946	-70.714	1.570
1.946	-70.351	1.570
1.946	-69.988	1.570
1.946	-69.624	1.570
1.946	-69.261	1.570
1.947	-68.897	1.570
1.947	-68.534	1.570
1.947	-68.171	1.570
1.947	-67.807	1.570
1.947	-67.444	1.570
1.947	-67.080	1.570
1.948	-66.717	1.570
1.948	-66.354	1.570
1.948	-65.990	1.570
1.948	-65.627	1.570
1.948	-65.263	1.570
1.948	-64.900	1.570
1.949	-64.537	1.570
1.949	-64.173	1.570
1.949	-63.810	1.570
1.949	-63.446	1.570
1.949	-63.083	1.570
1.949	-62.720	1.570
1.950	-62.356	1.570
1.950	-61.993	1.570
1.950	-61.629	1.570
1.950	-61.266	1.570
1.950	-60.903	1.570
1.950	-60.539	1.570
1.950	-60.176	1.570
1.951	-59.813	1.570
1.951	-59.449	1.570
1.951	-59.086	1.570
1.951	-58.722	1.570
1.951	-58.359	1.570
1.951	-57.995	1.570
1.952	-57.632	1.570
1.952	-57.269	1.570
1.952	-56.905	1.570
1.952	-56.542	1.570
1.952	-56.179	1.570
1.952	-55.815	1.570
1.953	-55.452	1.570
1.953	-55.088	1.570
1.953	-54.725	1.570
1.953	-54.361	1.570
1.953	-53.998	1.570
1.953	-53.635	1.570
1.954	-53.271	1.570
1.954	-52.908	1.570
1.954	-52.545	1.570
1.954	-52.181	1.570
1.954	-51.818	1.570
1.954	-51.454	1.570
1.954	-51.091	1.570
1.955	-50.728	1.570
1.955	-50.364	1.570
1.955	-50.001	1.570
1.955	-49.637	1.570
1.955	-49.274	1.570
1.955	-48.911	1.570
1.956	-48.547	1.570
1.956	-48.184	1.570
1.956	-47.820	1.570
1.956	-47.457	1.570
1.956	-47.094	1.570
1.956	-46.730	1.570
1.957	-46.367	1.570
1.957	-46.003	1.570
1.957	-45.640	1.570
1.957	-45.277	1.570
1.957	-44.913	1.570
1.957	-44.550	1.570
1.958	-44.186	1.570
1.958	-43.823	1.570
1.958	-43.460	1.570
1.958	-43.096	1.570
1.958	-42.733	1.570
1.958	-42.370	1.570
1.958	-42.006	1.570
1.959	-41.643	1.570
1.959	-41.279	1.570
1.959	-40.916	1.570
1.959	-40.552	1.570
1.959	-40.189	1.570
1.959	-39.826	1.570
1.960	-39.462	1.570
1.960	-39.099	1.570
1.960	-38.736	1.570
1.960	-38.372	1.570
1.960	-38.009	1.570
1.960	-37.645	1.570
1.961	-37.282	1.570
1.961	-36.919	1.570
1.961	-36.555	1.570
1.961	-36.192	1.570
1.961	-35.828	1.570
1.961	-35.465	1.570
1.962	-35.102	1.570
1.962	-34.738	1.570
1.962	-34.375	1.570
1.962	-34.011	1.570
1.962	-33.648	1.570
1.962	-33.285	1.570
1.962	-32.921	1.570
1.963	-32.558	1.570
1.963	-32.195	1.570
1.963	-31.831	1.570
1.963	-31.468	1.570
1.963	-31.104	1.570
1.963	-30.741	1.570
1.964	-30.377	1.570
1.964	-30.014	1.570
1.964	-29.651	1.570
1.964	-29.287	1.570
1.964	-28.924	1.570
1.964	-28.561	1.570
1.965	-28.197	1.570
1.965	-27.834	1.570
1.965	-27.470	1.570
1.965	-27.107	1.570
1.965	-26.744	1.570
1.965	-26.380	1.570
1.966	-26.017	1.570
1.966	-25.653	1.570
1.966	-25.290	1.570
1.966	-24.927	1.570
1.966	-24.563	1.570
1.966	-24.200	1.570
1.966	-23.836	1.570
1.967	-23.473	1.570
1.967	-23.110	1.570
1.967	-22.746	1.570
1.967	-22.383	1.570
1.967	-22.020	1.570
1.967	-21.656	1.570
1.968	-21.293	1.570
1.968	-20.929	1.570
1.968	-20.566	1.570
1.968	-20.203	1.570
1.968	-19.839	1.571
1.968	-19.476	1.571
1.968	-19.112	1.571
1.968	-18.749	1.571
1.968	-18.386	1.571
1.968	-18.022	1.571
1.969	-17.659	1.571
1.969	-17.295	1.571
1.969	-16.932	1.571
1.969	-16.569	1.571
1.969	-16.205	1.571
1.969	-15.842	1.571
1.969	-15.479	1.571
1.969	-15.115	1.571
1.969	-14.752	1.571
1.973	-14.388	1.568
1.980	-14.026	1.562
1.990	-13.663	1.556
2.001	-13.300	1.550
2.013	-12.937	1.545
2.027	-12.573	1.541
2.041	-12.210	1.537
2.056	-11.847	1.534
2.072	-11.483	1.532
2.088	-11.120	1.530
2.105	-10.757	1.528
2.122	-10.394	1.526
2.140	-10.031	1.525
2.158	-9.669	1.523
2.180	-9.306	1.519
2.207	-8.945	1.511
2.242	-8.584	1.498
2.285	-8.225	1.482
2.338	-7.868	1.462
2.405	-7.514	1.435
2.487	-7.166	1.402
2.587	-6.824	1.361
2.704	-6.487	1.319
2.837	-6.155	1.274
2.986	-5.828	1.228
3.152	-5.508	1.181
3.336	-5.200	1.129
3.537	-4.901	1.076
3.753	-4.614	1.022
3.986	-4.343	0.965
4.234	-4.086	0.909
4.494	-3.838	0.856
4.768	-3.604	0.803
5.053	-3.384	0.752
5.349	-3.179	0.700
5.655	-2.993	0.645
5.971	-2.823	0.591
6.295	-2.671	0.537
6.625	-2.544	0.478
6.963	-2.437	0.418
7.308	-2.346	0.362
7.661	-2.268	0.311
8.020	-2.201	0.266
8.383	-2.143	0.226
8.748	-2.095	0.191
9.113	-2.054	0.161
9.478	-2.022	0.134
9.841	-1.995	0.111
10.203	-1.974	0.091
10.563	-1.957	0.074
10.923	-1.944	0.060
11.282	-1.934	0.049
11.643	-1.926	0.039
12.004	-1.920	0.030
12.368	-1.916	0.023
12.732	-1.913	0.017
13.097	-1.912	0.012
13.462	-1.912	0.008
13.828	-1.912	0.004
14.192	-1.914	0.001
14.556	-1.916	-0.001
14.919	-1.917	-0.003
15.282	-1.919	-0.004
15.644	-1.921	-0.004
16.007	-1.923	-0.005
16.369	-1.925	-0.005
16.732	-1.927	-0.005
17.095	-1.929	-0.005
17.459	-1.931	-0.006
17.823	-1.934	-0.006
18.187	-1.936	-0.006
18.551	-1.938	-0.006
18.915	-1.940	-0.006
19.278	-1.943	-0.006
19.642	-1.945	-0.006
20.005	-1.947	-0.006
20.368	-1.948	-0.005
20.731	-1.950	-0.005
21.094	-1.951	-0.005
21.457	-1.953	-0.004
21.820	-1.954	-0.004
22.184	-1.955	-0.004
22.547	-1.956	-0.004
22.911	-1.957	-0.003
23.275	-1.959	-0.003
23.638	-1.960	-0.003
24.002	-1.961	-0.003
24.365	-1.962	-0.003
24.728	-1.963	-0.003
25.091	-1.963	-0.003
25.455	-1.964	-0.002
25.818	-1.965	-0.002
26.181	-1.965	-0.002
26.545	-1.966	-0.002
26.908	-1.966	-0.002
27.272	-1.967	-0.001
27.635	-1.967	-0.001
27.999	-1.968	-0.001
28.362	-1.968	-0.001
28.725	-1.968	-0.001
29.089	-1.969	-0.001
29.452	-1.969	-0.001
29.816	-1.969	-0.001
30.179	-1.970	-0.001
30.542	-1.970	-0.001
30.906	-1.970	-0.001
31.269	-1.970	-0.001
31.632	-1.970	-0.000
31.996	-1.970	-0.000
32.359	-1.971	-0.000
32.723	-1.971	-0.000
33.086	-1.971	-0.000
33.449	-1.971	-0.000
33.813	-1.971	-0.000
34.176	-1.971	-0.000
34.540	-1.971	-0.000
34.903	-1.971	-0.000
35.266	-1.971	-0.000
35.630	-1.971	-0.000
35.993	-1.971	-0.000
36.357	-1.971	-0.000
36.720	-1.971	-0.000
37.083	-1.971	-0.000
37.447	-1.971	-0.000
37.810	-1.971	0.000
38.173	-1.971	0.000
38.537	-1.971	0.000
38.900	-1.971	0.000
39.264	-1.971	0.000
39.627	-1.971	0.000
39.991	-1.971	0.000
40.354	-1.971	0.000
40.717	-1.971	0.000
41.081	-1.970	0.000
41.444	-1.970	0.000
41.807	-1.970	0.000
42.171	-1.970	0.000
42.534	-1.970	0.000
42.898	-1.970	0.000
43.261	-1.970	0.000
43.624	-1.969	0.000
43.988	-1.969	0.000
44.351	-1.969	0.000
44.715	-1.969	0.000
45.078	-1.969	0.000
45.441	-1.969	0.000
45.805	-1.968	0.000
46.168	-1.968	0.000
46.532	-1.968	0.000
46.895	-1.968	0.000
47.258	-1.968	0.000
47.622	-1.968	0.000
47.985	-1.968	0.000
48.349	-1.967	0.000
48.712	-1.967	0.000
49.075	-1.967	0.000
49.439	-1.967	0.000
49.802	-1.967	0.000
50.166	-1.967	0.000
50.529	-1.966	0.000
50.892	-1.966	0.000
51.256	-1.966	0.000
51.619	-1.966	0.000
51.982	-1.966	0.000
52.346	-1.966	0.000
52.709	-1.966	0.000
53.073	-1.965	0.000
53.436	-1.965	0.000
53.800	-1.965	0.000
54.163	-1.965	0.000
54.526	-1.965	0.000
54.890	-1.965	0.000
55.253	-1.964	0.000
55.616	-1.964	0.000
55.980	-1.964	0.000
56.343	-1.964	0.000
56.707	-1.964	0.000
57.070	-1.964	0.000
57.433	-1.964	0.000
57.797	-1.963	0.000
58.160	-1.963	0.000
58.524	-1.963	0.000
58.887	-1.963	0.000
59.250	-1.963	0.000
59.614	-1.963	0.000
59.977	-1.962	0.000
60.341	-1.962	0.000
60.704	-1.962	0.000
61.067	-1.962	0.000
61.431	-1.962	0.000
61.793	-1.962	0.000
62.155	-1.962	0.000
62.515	-1.961	0.000
62.872	-1.961	0.000
63.227	-1.961	0.000
63.579	-1.961	0.000
63.928	-1.961	0.000
64.275	-1.961	0.000
64.620	-1.961	0.000
64.963	-1.961	0.000
65.305	-1.961	0.000
65.645	-1.960	0.000
65.985	-1.960	0.000
66.323	-1.960	0.000
66.660	-1.960	0.000
66.995	-1.960	0.000
67.329	-1.960	0.000
67.661	-1.960	0.000
67.990	-1.960	0.000
68.318	-1.960	0.000
68.644	-1.960	0.000
68.968	-1.960	0.000
69.290	-1.960	0.000
69.611	-1.960	0.000
69.930	-1.959	0.000
70.248	-1.959	0.000
70.565	-1.959	0.000
70.880	-1.959	0.000
71.193	-1.959	0.000
71.505	-1.959	0.000
71.816	-1.959	0.000
72.124	-1.959	0.000
72.431	-1.959	0.000
72.736	-1.959	0.000
73.040	-1.959	0.000
73.342	-1.959	0.000
73.643	-1.959	0.000
73.942	-1.959	0.000
74.240	-1.959	0.000
74.536	-1.958	0.000
74.831	-1.958	0.000
75.125	-1.958	0.000
75.417	-1.958	0.000
75.707	-1.958	0.000
75.997	-1.958	0.000
76.284	-1.958	0.000
76.570	-1.958	0.000
76.855	-1.958	0.000
77.138	-1.958	0.000
77.419	-1.958	0.000
77.700	-1.958	0.000
77.979	-1.958	0.000
78.256	-1.958	0.000
78.532	-1.957	0.000
78.807	-1.957	0.000
79.080	-1.957	0.000
79.353	-1.957	0.000
79.623	-1.957	0.000
79.893	-1.957	0.000
80.161	-1.957	0.000
80.432	-1.957	0.000
80.708	-1.957	0.000
80.991	-1.957	0.000
81.285	-1.957	0.000
81.589	-1.957	0.000
81.906	-1.957	0.000
82.235	-1.957	0.000
82.577	-1.957	0.000
82.934	-1.956	0.000
83.303	-1.956	0.000
83.682	-1.956	0.000
84.066	-1.956	0.000
84.449	-1.956	0.000
84.829	-1.956	0.000
85.203	-1.956	0.000
85.573	-1.956	0.000
85.936	-1.956	0.000
86.295	-1.955	0.000
86.650	-1.955	0.000
87.004	-1.955	0.000
87.359	-1.955	0.000
87.716	-1.955	0.000
88.077	-1.955	0.000
88.441	-1.955	0.000
88.809	-1.955	0.000
89.178	-1.955	0.000
89.547	-1.955	0.000
89.915	-1.954	0.000
90.281	-1.954	0.000
90.645	-1.954	0.000
91.007	-1.954	0.000
91.367	-1.954	0.000
91.727	-1.954	0.000
92.087	-1.954	0.000
92.449	-1.954	0.000
92.811	-1.954	0.000
93.175	-1.954	0.000
93.539	-1.953	0.000
93.905	-1.953	0.000
94.270	-1.953	0.000
94.635	-1.953	0.000
94.999	-1.953	0.000
95.363	-1.953	0.000
95.726	-1.953	0.000
96.089	-1.953	0.000
96.451	-1.953	0.000
96.813	-1.953	0.000
97.176	-1.952	0.000
97.539	-1.952	0.000
97.902	-1.952	0.000
98.266	-1.952	0.000
98.630	-1.952	0.000
98.994	-1.952	0.000
99.358	-1.952	0.000
99.722	-1.952	0.000
100.085	-1.952	0.000
100.448	-1.952	0.000
100.811	-1.952	0.000
101.175	-1.951	0.000
101.537	-1.951	0.000
101.901	-1.951	0.000
102.264	-1.951	0.000
102.627	-1.951	0.000
102.991	-1.951	0.000
103.354	-1.951	0.000
103.718	-1.951	0.000
104.082	-1.951	0.000
104.445	-1.951	0.000
104.809	-1.951	0.000
105.172	-1.951	0.000
105.535	-1.951	0.000
105.898	-1.951	0.000
106.262	-1.951	0.000
106.625	-1.951	0.000
106.988	-1.951	0.000
107.352	-1.951	0.000
107.715	-1.951	-0.000
108.079	-1.951	-0.000
108.442	-1.951	-0.000
108.805	-1.951	-0.000
109.169	-1.951	-0.000
109.532	-1.951	-0.000
109.896	-1.951	-0.000
110.259	-1.951	-0.000
110.622	-1.951	-0.000
110.986	-1.951	-0.000
111.349	-1.951	-0.000
111.712	-1.951	-0.000
112.076	-1.951	-0.000
112.439	-1.951	-0.000
112.803	-1.951	-0.000
113.166	-1.951	-0.000
113.530	-1.951	-0.000
113.893	-1.951	-0.000
114.256	-1.951	-0.000
114.620	-1.951	-0.000
114.983	-1.951	-0.000
115.346	-1.951	-0.000
115.710	-1.951	-0.000
116.073	-1.951	-0.000
116.437	-1.951	-0.000
116.800	-1.951	-0.000
117.163	-1.951	-0.000
117.527	-1.951	-0.000
117.890	-1.951	-0.000
118.254	-1.951	-0.000
118.617	-1.951	-0.000
118.980	-1.951	-0.000
119.344	-1.951	-0.000
119.707	-1.951	-0.000
120.071	-1.951	-0.000
120.434	-1.951	-0.000
120.797	-1.951	-0.000
121.161	-1.951	-0.000
121.524	-1.951	-0.000
121.887	-1.952	-0.000
122.251	-1.952	-0.000
122.614	-1.952	-0.000
122.978	-1.952	-0.000
123.341	-1.952	-0.000
123.705	-1.952	-0.000
124.068	-1.952	-0.000
124.431	-1.952	-0.000
124.795	-1.952	-0.000
125.158	-1.952	-0.000
125.521	-1.952	-0.000
125.885	-1.952	-0.000
126.248	-1.952	-0.000
126.612	-1.952	-0.000
126.975	-1.952	-0.000
127.337	-1.953	-0.000
127.698	-1.953	-0.000
128.055	-1.953	-0.000
128.409	-1.953	-0.000
128.758	-1.953	-0.000
129.103	-1.953	-0.000
129.443	-1.953	-0.000
129.778	-1.953	-0.000
130.111	-1.953	-0.000
130.440	-1.953	-0.000
130.767	-1.953	-0.000
131.091	-1.953	-0.000
131.414	-1.953	-0.000
131.735	-1.953	-0.000
132.055	-1.953	-0.000
132.371	-1.953	-0.000
132.685	-1.953	-0.000
132.996	-1.953	-0.000
133.304	-1.953	-0.000
133.608	-1.953	-0.000
133.909	-1.953	-0.000
134.208	-1.954	-0.000
134.503	-1.954	-0.000
134.796	-1.954	-0.000
135.086	-1.954	-0.000
135.375	-1.954	-0.000
135.661	-1.954	-0.000
135.945	-1.954	-0.000
136.227	-1.954	-0.000
136.507	-1.954	-0.000
136.784	-1.954	-0.000
137.058	-1.954	-0.000
137.330	-1.954	-0.000
137.599	-1.954	-0.000
137.866	-1.954	-0.000
138.130	-1.954	-0.000
138.392	-1.954	-0.000
138.652	-1.954	-0.000
138.910	-1.954	-0.000
139.165	-1.954	-0.000
139.419	-1.954	-0.000
139.670	-1.954	-0.000
139.923	-1.954	-0.000
140.170	-1.954	-0.000
140.396	-1.954	-0.000
140.628	-1.954	-0.000
140.864	-1.954	-0.000
141.107	-1.954	-0.000
141.354	-1.954	-0.000
141.599	-1.954	-0.000
141.840	-1.954	-0.000
142.076	-1.954	-0.000
142.308	-1.954	-0.000
142.535	-1.954	-0.000
142.760	-1.954	-0.000
142.982	-1.954	-0.000
143.203	-1.954	-0.000
143.423	-1.954	-0.000
143.642	-1.954	-0.000
143.860	-1.954	-0.000
144.075	-1.954	-0.000
144.288	-1.954	-0.000
144.498	-1.954	-0.000
144.707	-1.954	-0.000
144.913	-1.955	-0.000
145.119	-1.955	-0.000
145.323	-1.955	-0.000
145.528	-1.955	-0.000
145.738	-1.955	-0.000
145.956	-1.955	-0.000
146.185	-1.955	-0.000
146.425	-1.955	-0.000
146.678	-1.955	-0.000
146.942	-1.955	-0.000
147.209	-1.955	-0.000
147.480	-1.955	-0.000
147.759	-1.955	-0.000
148.046	-1.955	-0.000
148.344	-1.955	-0.000
148.655	-1.955	-0.000
148.977	-1.955	-0.000
149.313	-1.955	-0.000
149.663	-1.955	-0.000
150.027	-1.955	-0.000
150.402	-1.955	-0.000
150.784	-1.955	-0.000
151.167	-1.955	-0.000
151.547	-1.955	-0.000
151.923	-1.955	-0.000
152.294	-1.955	-0.000
152.659	-1.955	-0.000
153.019	-1.955	-0.000
153.376	-1.955	-0.000
153.730	-1.955	-0.000
154.085	-1.955	-0.000
154.441	-1.955	-0.000
154.801	-1.955	-0.000
155.164	-1.955	-0.000
155.531	-1.955	-0.000
155.900	-1.956	-0.000
156.268	-1.956	-0.000
156.637	-1.956	-0.000
157.003	-1.956	-0.000
157.368	-1.956	-0.000
157.730	-1.956	-0.000
158.091	-1.956	-0.000
158.451	-1.956	-0.000
158.812	-1.956	-0.000
159.172	-1.956	-0.000
159.534	-1.956	-0.000
159.897	-1.956	-0.000
160.262	-1.956	-0.000
160.627	-1.956	-0.000
160.992	-1.956	-0.000
161.358	-1.956	-0.000
161.722	-1.956	-0.000
162.086	-1.956	-0.000
162.449	-1.956	-0.000
162.812	-1.956	-0.000
163.174	-1.956	-0.000
163.536	-1.956	-0.000
163.899	-1.956	-0.000
164.262	-1.956	-0.000
164.625	-1.956	-0.000
164.989	-1.957	-0.000
165.353	-1.957	-0.000
165.717	-1.957	-0.000
166.081	-1.957	-0.000
166.445	-1.957	-0.000
166.808	-1.957	-0.000
167.171	-1.957	-0.000
167.535	-1.957	-0.000
167.898	-1.957	-0.000
168.261	-1.957	-0.000
168.624	-1.957	-0.000
168.987	-1.957	-0.000
169.350	-1.957	-0.000
169.714	-1.957	-0.000
170.077	-1.957	-0.000
170.441	-1.957	-0.000
170.804	-1.957	-0.000
171.168	-1.957	-0.000
171.531	-1.957	-0.000
171.895	-1.957	-0.000
172.258	-1.957	-0.000
172.622	-1.957	-0.000
172.985	-1.957	-0.000
173.348	-1.958	-0.000
173.711	-1.958	-0.000
174.075	-1.958	-0.000
174.438	-1.958	-0.000
174.802	-1.958	-0.000
175.165	-1.958	-0.000
175.529	-1.958	-0.000
175.892	-1.958	-0.000
176.256	-1.958	-0.000
176.619	-1.958	-0.000
176.982	-1.958	-0.000
177.346	-1.958	-0.000
177.709	-1.958	-0.000
178.072	-1.958	-0.000
178.436	-1.958	-0.000
178.799	-1.958	-0.000
179.162	-1.958	-0.000
179.526	-1.958	-0.000
179.889	-1.958	-0.000
180.253	-1.958	-0.000
180.616	-1.958	-0.000
180.979	-1.958	-0.000
181.343	-1.958	-0.000
181.706	-1.958	-0.000
182.070	-1.958	-0.000
182.433	-1.959	-0.000
182.796	-1.959	-0.000
183.160	-1.959	-0.000
183.523	-1.959	-0.000
183.886	-1.959	-0.000
184.250	-1.959	-0.000
184.613	-1.959	-0.000
184.977	-1.959	-0.000
185.340	-1.959	-0.000
185.704	-1.959	-0.000
186.067	-1.959	-0.000
186.430	-1.959	-0.000
186.794	-1.959	-0.000
187.157	-1.959	-0.000
187.520	-1.959	-0.000
187.884	-1.959	-0.000
188.247	-1.959	-0.000
188.611	-1.959	-0.000
188.974	-1.959	-0.000
189.337	-1.959	-0.000
189.701	-1.959	-0.000
190.064	-1.959	-0.000
190.427	-1.959	-0.000
190.791	-1.959	-0.000
191.154	-1.959	-0.000
191.518	-1.959	-0.000
191.881	-1.959	-0.000
192.244	-1.959	-0.000
192.608	-1.959	-0.000
192.971	-1.959	-0.000
193.334	-1.959	-0.000
193.698	-1.959	-0.000
194.061	-1.959	-0.000
194.425	-1.960	-0.000
194.788	-1.960	-0.000
195.151	-1.960	-0.000
195.515	-1.960	-0.000
195.878	-1.960	-0.000
196.241	-1.960	-0.000
196.605	-1.960	-0.000
196.968	-1.960	-0.000
197.332	-1.960	-0.000
197.695	-1.960	-0.000
198.058	-1.960	-0.000
198.422	-1.960	-0.000
198.785	-1.960	-0.000
199.148	-1.960	-0.000
199.512	-1.960	-0.000
199.875	-1.960	-0.000
200.239	-1.960	-0.000
200.602	-1.961	-0.000
200.965	-1.961	-0.000
201.329	-1.961	-0.000
201.692	-1.961	-0.000
202.056	-1.961	-0.000
202.419	-1.961	-0.000
202.782	-1.961	-0.000
203.146	-1.961	-0.000
203.509	-1.961	-0.000
203.873	-1.961	-0.000
204.236	-1.961	-0.000
204.599	-1.961	-0.000
204.963	-1.961	-0.000
205.326	-1.961	-0.000
205.689	-1.961	-0.000
206.053	-1.961	-0.000
206.416	-1.961	-0.000
206.780	-1.961	-0.000
207.143	-1.961	-0.000
207.506	-1.961	-0.000
207.870	-1.961	-0.000
208.233	-1.961	-0.000
208.596	-1.961	-0.000
208.960	-1.961	-0.000
209.323	-1.962	-0.000
209.687	-1.962	-0.000
210.050	-1.962	-0.000
210.413	-1.962	-0.000
210.777	-1.962	-0.000
211.140	-1.962	-0.000
211.503	-1.962	-0.000
211.867	-1.962	-0.000
212.230	-1.962	-0.000
212.594	-1.962	-0.000
212.957	-1.962	-0.000
213.320	-1.962	-0.000
213.684	-1.962	-0.000
214.047	-1.962	-0.000
214.410	-1.962	-0.000
214.774	-1.962	-0.000
215.137	-1.962	-0.000
215.501	-1.962	-0.000
215.864	-1.962	-0.000
216.227	-1.962	-0.000
216.591	-1.962	-0.000
216.954	-1.962	-0.000
217.317	-1.962	-0.000
217.681	-1.962	-0.000
218.044	-1.962	-0.000
218.408	-1.962	-0.000
218.771	-1.962	-0.000
219.134	-1.962	-0.000
219.498	-1.962	-0.000
219.861	-1.962	-0.000
220.224	-1.963	-0.000
220.588	-1.963	-0.000
220.951	-1.963	-0.000
221.315	-1.963	-0.000
221.678	-1.963	-0.000
222.041	-1.963	-0.000
222.405	-1.963	-0.000
222.768	-1.963	-0.000
223.132	-1.963	-0.000
223.495	-1.963	-0.000
223.858	-1.963	-0.000
224.222	-1.963	-0.000
224.585	-1.963	-0.000
224.948	-1.963	-0.000
225.312	-1.963	-0.000
225.675	-1.963	-0.000
226.039	-1.963	-0.000
226.402	-1.963	-0.000
226.765	-1.963	-0.000
227.129	-1.963	-0.000
227.492	-1.963	-0.000
227.856	-1.963	-0.000
228.219	-1.963	-0.000
228.582	-1.963	-0.000
228.946	-1.963	-0.000
229.309	-1.963	-0.000
229.672	-1.963	-0.000
230.036	-1.963	-0.000
230.399	-1.963	-0.000
230.763	-1.963	-0.000
231.126	-1.963	-0.000
231.489	-1.963	-0.000
231.853	-1.963	-0.000
232.216	-1.964	-0.000
232.579	-1.964	-0.000
232.943	-1.964	-0.000
233.306	-1.964	-0.000
233.670	-1.964	-0.000
234.033	-1.964	-0.000
234.396	-1.964	-0.000
234.760	-1.964	-0.000
235.123	-1.964	-0.000
235.486	-1.964	-0.000
235.850	-1.964	-0.000
236.213	-1.964	-0.000
236.577	-1.964	-0.000
236.940	-1.964	-0.000
237.303	-1.964	-0.000
237.667	-1.964	-0.000
238.030	-1.964	-0.000
238.393	-1.964	-0.000
238.757	-1.964	-0.000
239.120	-1.964	-0.000
239.484	-1.964	-0.000
239.847	-1.964	-0.000
240.210	-1.964	-0.000
240.574	-1.964	-0.000
240.937	-1.964	-0.000
241.300	-1.964	-0.000
241.664	-1.965	-0.000
242.027	-1.965	-0.000
242.391	-1.965	-0.000
242.754	-1.965	-0.000
243.117	-1.965	-0.000
243.481	-1.965	-0.000
243.844	-1.965	-0.000
244.207	-1.965	-0.000
244.571	-1.965	-0.000
244.934	-1.965	-0.000
245.298	-1.965	-0.000
245.661	-1.965	-0.000
246.024	-1.965	-0.000
246.388	-1.965	-0.000
246.751	-1.965	-0.000
247.115	-1.965	-0.000
247.478	-1.965	-0.000
247.841	-1.965	-0.000
248.205	-1.965	-0.000
248.568	-1.965	-0.000
248.932	-1.965	-0.000
249.295	-1.966	-0.000
249.658	-1.966	-0.000
250.022	-1.966	-0.000
250.385	-1.966	-0.000
250.748	-1.966	-0.000
251.112	-1.966	-0.000
251.475	-1.966	-0.000
251.839	-1.966	-0.000
252.202	-1.966	-0.000
252.565	-1.966	-0.000
252.929	-1.966	-0.000
253.292	-1.966	-0.000
253.655	-1.966	-0.000
254.019	-1.966	-0.000
254.382	-1.966	-0.000
254.746	-1.966	-0.000
255.109	-1.966	-0.000
255.472	-1.966	-0.000
255.836	-1.966	-0.000
256.199	-1.966	-0.000
256.562	-1.966	-0.000
256.926	-1.966	-0.000
257.289	-1.966	-0.000
257.653	-1.966	-0.000
258.016	-1.966	-0.000
258.379	-1.966	-0.000
258.743	-1.967	-0.000
259.106	-1.967	-0.000
259.469	-1.967	-0.000
259.833	-1.967	-0.000
260.196	-1.967	-0.000
260.560	-1.967	-0.000
260.923	-1.967	-0.000
261.286	-1.967	-0.000
261.650	-1.967	-0.000
262.013	-1.967	-0.000
262.376	-1.967	-0.000
262.740	-1.967	-0.000
263.103	-1.967	-0.000
263.467	-1.967	-0.000
263.830	-1.967	-0.000
264.193	-1.967	-0.000
264.557	-1.967	-0.000
264.920	-1.967	-0.000
265.283	-1.967	-0.000
265.647	-1.967	-0.000
266.010	-1.967	-0.000
266.374	-1.967	-0.000
266.737	-1.967	-0.000
267.100	-1.968	-0.000
267.464	-1.968	-0.000
267.827	-1.968	-0.000
268.190	-1.968	-0.000
268.554	-1.968	-0.000
268.917	-1.968	-0.000
269.281	-1.968	-0.000
269.644	-1.968	-0.000
270.007	-1.968	-0.000
270.371	-1.968	-0.000
270.734	-1.968	-0.000
271.098	-1.968	-0.000
271.461	-1.968	-0.000
271.824	-1.968	-0.000
272.188	-1.968	-0.000
272.551	-1.968	-0.000
272.915	-1.968	-0.000
273.278	-1.968	-0.000
273.641	-1.968	-0.000
274.005	-1.968	-0.000
274.368	-1.968	-0.000
274.731	-1.968	-0.000
275.095	-1.968	-0.000
275.458	-1.968	-0.000
275.822	-1.968	-0.000
276.185	-1.968	-0.000
276.548	-1.968	-0.000
276.912	-1.968	-0.000
277.275	-1.968	-0.000
277.638	-1.968	-0.000
278.002	-1.968	-0.000
278.365	-1.968	-0.000
278.729	-1.968	-0.000
279.092	-1.968	-0.000
279.455	-1.968	-0.000
279.819	-1.968	-0.000
280.182	-1.969	-0.000
280.545	-1.969	-0.000
280.909	-1.969	-0.000
281.272	-1.969	-0.000
281.636	-1.969	-0.000
281.999	-1.969	-0.000
282.362	-1.969	-0.000
282.726	-1.969	-0.000
283.089	-1.969	-0.000
283.452	-1.969	-0.000
283.816	-1.969	-0.000
284.179	-1.969	-0.000
284.543	-1.969	-0.000
284.906	-1.969	-0.000
285.269	-1.969	-0.000
285.633	-1.969	-0.000
285.996	-1.969	-0.000
286.359	-1.969	-0.000
286.723	-1.969	-0.000
287.086	-1.970	-0.000
287.450	-1.970	-0.000
287.813	-1.970	-0.000
288.176	-1.970	-0.000
288.540	-1.970	-0.000
288.903	-1.970	-0.000
289.266	-1.970	-0.000
289.630	-1.970	-0.000
289.993	-1.970	-0.000
290.357	-1.970	-0.000
290.720	-1.971	-0.000
291.083	-1.971	-0.000
291.447	-1.971	-0.000
291.810	-1.971	-0.000
292.173	-1.971	-0.000
292.537	-1.971	-0.000
292.900	-1.971	-0.000
293.264	-1.971	-0.000
293.627	-1.971	-0.000
293.990	-1.972	-0.000
294.354	-1.972	-0.000
294.717	-1.972	-0.000
295.081	-1.972	-0.000
295.444	-1.972	-0.000
295.807	-1.972	-0.000
296.171	-1.972	-0.000
296.534	-1.973	-0.000
296.898	-1.973	-0.000
297.261	-1.973	-0.000
297.624	-1.973	-0.000
297.988	-1.973	-0.000
298.351	-1.973	-0.000
298.714	-1.974	-0.000
299.078	-1.974	-0.000
299.441	-1.974	-0.000
299.805	-1.974	-0.000
300.168	-1.974	-0.000
300.531	-1.974	-0.000
300.895	-1.975	-0.000
301.258	-1.975	-0.000
301.621	-1.975	-0.000
301.985	-1.975	-0.000
302.348	-1.975	-0.000
302.712	-1.975	-0.000
303.075	-1.975	-0.000
303.438	-1.976	-0.000
303.802	-1.976	-0.000
304.165	-1.976	-0.000
304.528	-1.976	-0.000
304.892	-1.976	-0.000
305.255	-1.976	-0.000
305.619	-1.977	-0.000
305.982	-1.977	-0.000
306.345	-1.977	-0.001
306.709	-1.977	-0.001
307.072	-1.978	-0.001
307.435	-1.978	-0.001
307.798	-1.978	-0.001
308.160	-1.978	-0.001
308.519	-1.978	-0.001
308.875	-1.979	-0.001
309.227	-1.979	-0.001
309.574	-1.979	-0.001
309.917	-1.979	-0.001
310.255	-1.980	-0.001
310.589	-1.980	-0.001
310.920	-1.980	-0.001
311.248	-1.980	-0.001
311.574	-1.981	-0.001
311.898	-1.981	-0.001
312.220	-1.981	-0.001
312.541	-1.981	-0.001
312.859	-1.981	-0.001
313.174	-1.982	-0.001
313.487	-1.982	-0.001
313.796	-1.982	-0.001
314.102	-1.982	-0.001
314.406	-1.983	-0.001
314.705	-1.983	-0.001
315.002	-1.983	-0.001
315.297	-1.983	-0.001
315.589	-1.983	-0.001
315.878	-1.984	-0.001
316.166	-1.984	-0.001
316.451	-1.984	-0.001
316.734	-1.984	-0.001
317.015	-1.984	-0.001
317.294	-1.985	-0.001
317.570	-1.985	-0.001
317.843	-1.985	-0.001
318.114	-1.985	-0.001
318.382	-1.985	-0.001
318.648	-1.985	-0.001
318.911	-1.986	-0.001
319.172	-1.986	-0.001
319.431	-1.986	-0.001
319.687	-1.986	-0.001
319.942	-1.986	-0.001
320.195	-1.986	-0.001
320.446	-1.987	-0.001
320.701	-1.987	-0.001
320.952	-1.987	-0.001
321.203	-1.987	-0.001
321.411	-1.987	-0.001
321.772	-1.988	-0.001
322.153	-1.988	-0.001
322.359	-1.988	-0.001
322.576	-1.988	-0.001
322.805	-1.989	-0.001
323.045	-1.989	-0.001
323.291	-1.989	-0.001
323.534	-1.989	-0.001
323.771	-1.990	-0.001
324.000	-1.990	-0.001
324.223	-1.990	-0.001
324.441	-1.991	-0.001
324.655	-1.991	-0.001
324.867	-1.991	-0.001
325.076	-1.991	-0.001
325.285	-1.992	-0.001
325.494	-1.992	-0.001
325.701	-1.992	-0.001
325.907	-1.996	-0.004
326.111	-2.010	-0.015
326.317	-2.030	-0.028
326.530	-2.054	-0.041
326.753	-2.080	-0.054
326.988	-2.110	-0.066
327.234	-2.142	-0.078
327.494	-2.177	-0.089
327.759	-2.214	-0.099
328.027	-2.253	-0.109
328.301	-2.294	-0.118
328.584	-2.337	-0.126
328.880	-2.384	-0.134
329.191	-2.434	-0.141
329.511	-2.492	-0.151
329.840	-2.557	-0.165
330.179	-2.634	-0.182
330.525	-2.727	-0.208
330.876	-2.839	-0.242
331.227	-2.966	-0.278
331.574	-3.108	-0.318
331.909	-3.267	-0.363
332.229	-3.442	-0.414
332.529	-3.633	-0.469
332.811	-3.840	-0.528
333.076	-4.062	-0.587
333.326	-4.301	-0.647
333.560	-4.557	-0.709
333.776	-4.832	-0.774
333.973	-5.126	-0.843
334.155	-5.437	-0.910
334.318	-5.762	-0.979
334.459	-6.098	-1.047
334.583	-6.442	-1.111
334.688	-6.792	-1.172
334.776	-7.145	-1.229
334.849	-7.500	-1.281
334.908	-7.857	-1.328
334.955	-8.214	-1.370
334.992	-8.573	-1.406
335.021	-8.932	-1.437
335.043	-9.292	-1.464
335.059	-9.654	-1.487
335.070	-10.016	-1.507
335.076	-10.380	-1.524
335.079	-10.744	-1.539
335.078	-11.108	-1.552
335.076	-11.473	-1.561
335.074	-11.837	-1.567
335.071	-12.201	-1.572
335.067	-12.564	-1.576
335.062	-12.927	-1.579
335.056	-13.290	-1.582
335.050	-13.652	-1.584
335.044	-14.015	-1.586
335.037	-14.378	-1.587
335.029	-14.741	-1.589
335.022	-15.105	-1.590
335.014	-15.468	-1.591
335.006	-15.832	-1.591
334.999	-16.196	-1.591
334.993	-16.559	-1.590
334.988	-16.923	-1.589
334.982	-17.286	-1.587
334.977	-17.649	-1.586
334.972	-18.013	-1.586
334.968	-18.376	-1.585
334.963	-18.739	-1.584
334.959	-19.102	-1.584
334.954	-19.465	-1.584
334.950	-19.829	-1.583
334.946	-20.192	-1.583
334.941	-20.556	-1.583
334.937	-20.919	-1.583
334.934	-21.283	-1.582
334.931	-21.646	-1.581
334.928	-22.010	-1.580
334.925	-22.373	-1.579
334.923	-22.736	-1.579
334.920	-23.099	-1.578
334.918	-23.463	-1.578
334.916	-23.826	-1.577
334.914	-24.190	-1.577
334.912	-24.553	-1.577
334.910	-24.916	-1.577
334.908	-25.280	-1.576
334.906	-25.643	-1.576
334.904	-26.007	-1.576
334.902	-26.370	-1.576
334.901	-26.733	-1.575
334.900	-27.097	-1.575
334.898	-27.460	-1.575
334.897	-27.824	-1.574
334.896	-28.187	-1.574
334.895	-28.550	-1.574
334.894	-28.912	-1.574
334.893	-29.274	-1.574
334.892	-29.633	-1.574
334.891	-29.990	-1.574
334.890	-30.344	-1.573
334.889	-30.695	-1.573
334.889	-31.044	-1.573
334.888	-31.390	-1.573
334.887	-31.735	-1.573
334.887	-32.078	-1.573
334.886	-32.419	-1.573
334.885	-32.759	-1.573
334.885	-33.099	-1.573
334.884	-33.437	-1.572
334.884	-33.773	-1.572
334.883	-34.108	-1.572
334.883	-34.441	-1.572
334.882	-34.773	-1.572
334.882	-35.102	-1.572
334.882	-35.429	-1.572
334.881	-35.754	-1.572
334.881	-36.078	-1.572
334.880	-36.400	-1.572
334.880	-36.720	-1.572
334.880	-37.039	-1.572
334.879	-37.357	-1.572
334.879	-37.673	-1.572
334.879	-37.988	-1.572
334.878	-38.301	-1.572
334.878	-38.613	-1.572
334.878	-38.923	-1.572
334.877	-39.231	-1.572
334.877	-39.538	-1.572
334.877	-39.843	-1.572
334.876	-40.146	-1.572
334.876	-40.448	-1.572
334.876	-40.748	-1.572
334.876	-41.047	-1.572
334.876	-41.345	-1.572
334.875	-41.641	-1.572
334.875	-41.935	-1.572
334.875	-42.229	-1.572
334.875	-42.520	-1.572
334.875	-42.810	-1.572
334.875	-43.099	-1.572
334.874	-43.386	-1.572
334.874	-43.672	-1.572
334.874	-43.956	-1.572
334.874	-44.239	-1.572
334.874	-44.520	-1.572
334.873	-44.800	-1.572
334.873	-45.079	-1.572
334.873	-45.356	-1.572
334.873	-45.632	-1.572
334.873	-45.907	-1.572
334.872	-46.180	-1.572
334.872	-46.452	-1.572
334.872	-46.725	-1.572
334.872	-47.000	-1.572
334.872	-47.280	-1.572
334.871	-47.568	-1.572
334.871	-47.865	-1.572
334.871	-48.174	-1.572
334.871	-48.495	-1.572
334.871	-48.828	-1.572
334.870	-49.175	-1.572
334.870	-49.535	-1.572
334.870	-49.906	-1.572
334.869	-50.286	-1.572
334.869	-50.668	-1.572
334.868	-51.049	-1.572
334.868	-51.426	-1.572
334.868	-51.798	-1.572
334.867	-52.164	-1.572
334.867	-52.526	-1.572
334.867	-52.883	-1.572
334.867	-53.238	-1.572
334.867	-53.592	-1.572
334.866	-53.948	-1.571
334.866	-54.307	-1.571
334.866	-54.669	-1.571
334.866	-55.035	-1.571
334.866	-55.403	-1.571
334.865	-55.773	-1.571
334.865	-56.141	-1.571
334.865	-56.508	-1.571
334.865	-56.873	-1.571
334.865	-57.236	-1.571
334.864	-57.597	-1.571
334.864	-57.958	-1.571
334.864	-58.317	-1.571
334.864	-58.678	-1.571
334.864	-59.040	-1.571
334.863	-59.403	-1.571
334.863	-59.767	-1.571
334.863	-60.132	-1.571
334.863	-60.497	-1.571
334.863	-60.863	-1.571
334.862	-61.227	-1.571
334.862	-61.591	-1.571
334.862	-61.955	-1.571
334.862	-62.317	-1.571
334.862	-62.680	-1.571
334.861	-63.042	-1.571
334.861	-63.404	-1.571
334.861	-63.767	-1.571
334.861	-64.130	-1.571
334.861	-64.494	-1.571
334.860	-64.858	-1.571
334.860	-65.222	-1.571
334.860	-65.586	-1.571
334.860	-65.950	-1.571
334.860	-66.313	-1.571
334.859	-66.677	-1.571
334.859	-67.040	-1.571
334.859	-67.403	-1.571
334.859	-67.766	-1.571
334.859	-68.129	-1.571
334.859	-68.492	-1.571
334.858	-68.856	-1.571
334.858	-69.219	-1.571
334.858	-69.583	-1.571
334.858	-69.946	-1.571
334.857	-70.310	-1.571
334.857	-70.673	-1.571
334.857	-71.037	-1.571
334.857	-71.400	-1.571
334.857	-71.764	-1.571
334.857	-72.127	-1.571
334.856	-72.490	-1.571
334.856	-72.853	-1.571
334.856	-73.217	-1.571
334.856	-73.580	-1.571
334.855	-73.944	-1.571
334.855	-74.307	-1.571
334.855	-74.670	-1.571
334.855	-75.034	-1.571
334.855	-75.397	-1.571
334.855	-75.761	-1.571
334.854	-76.124	-1.571
334.854	-76.487	-1.571
334.854	-76.851	-1.571
334.854	-77.214	-1.571
334.854	-77.578	-1.571
334.853	-77.941	-1.571
334.853	-78.304	-1.571
334.853	-78.668	-1.571
334.853	-79.031	-1.571
334.853	-79.394	-1.571
334.852	-79.758	-1.571
334.852	-80.121	-1.571
334.852	-80.485	-1.571
334.852	-80.848	-1.571
334.852	-81.212	-1.571
334.851	-81.575	-1.571
334.851	-81.938	-1.571
334.851	-82.302	-1.572
334.851	-82.665	-1.572
334.850	-83.028	-1.572
334.850	-83.392	-1.572
334.850	-83.755	-1.572
334.850	-84.119	-1.572
334.850	-84.482	-1.572
334.849	-84.845	-1.572
334.849	-85.209	-1.572
334.849	-85.572	-1.572
334.849	-85.936	-1.572
334.849	-86.299	-1.572
334.848	-86.662	-1.572
334.848	-87.026	-1.572
334.848	-87.389	-1.572
334.848	-87.753	-1.572
334.848	-88.116	-1.572
334.847	-88.479	-1.572
334.847	-88.843	-1.572
334.847	-89.206	-1.572
334.847	-89.569	-1.572
334.847	-89.933	-1.572
334.846	-90.296	-1.572
334.846	-90.660	-1.572
334.846	-91.023	-1.572
334.846	-91.387	-1.572
334.846	-91.750	-1.572
334.845	-92.113	-1.572
334.845	-92.477	-1.572
334.845	-92.840	-1.572
334.845	-93.203	-1.572
334.845	-93.567	-1.572
334.845	-93.930	-1.572
334.844	-94.294	-1.572
334.844	-94.657	-1.572
334.844	-95.020	-1.572
334.844	-95.384	-1.572
334.844	-95.747	-1.572
334.843	-96.111	-1.572
334.843	-96.474	-1.572
334.843	-96.837	-1.572
334.843	-97.201	-1.572
334.843	-97.564	-1.572
334.842	-97.928	-1.572
334.842	-98.291	-1.572
334.842	-98.654	-1.572
334.842	-99.018	-1.572
334.842	-99.381	-1.572
334.841	-99.744	-1.572
334.841	-100.108	-1.572
334.841	-100.471	-1.572
334.841	-100.835	-1.572
334.841	-101.198	-1.572
334.840	-101.562	-1.572
334.840	-101.925	-1.572
334.840	-102.288	-1.572
334.840	-102.652	-1.572
334.840	-103.015	-1.572
334.839	-103.378	-1.572
334.839	-103.739	-1.572
334.839	-104.097	-1.572
334.839	-104.451	-1.572
334.839	-104.801	-1.572
334.838	-105.147	-1.572
334.838	-105.487	-1.572
334.838	-105.824	-1.572
334.838	-106.157	-1.572
334.838	-106.486	-1.572
334.837	-106.813	-1.572
334.837	-107.139	-1.572
334.837	-107.462	-1.572
334.837	-107.784	-1.572
334.837	-108.103	-1.572
334.836	-108.420	-1.572
334.836	-108.735	-1.572
334.836	-109.046	-1.572
334.836	-109.354	-1.572
334.836	-109.660	-1.572
334.835	-109.961	-1.572
334.835	-110.260	-1.572
334.835	-110.556	-1.572
334.835	-110.849	-1.572
334.835	-111.140	-1.572
334.834	-111.429	-1.572
334.834	-111.715	-1.572
334.834	-112.000	-1.572
334.834	-112.282	-1.572
334.834	-112.563	-1.572
334.833	-112.840	-1.572
334.833	-113.115	-1.572
334.833	-113.387	-1.572
334.833	-113.657	-1.572
334.833	-113.924	-1.572
334.832	-114.189	-1.572
334.832	-114.451	-1.572
334.832	-114.711	-1.572
334.832	-114.969	-1.572
334.832	-115.225	-1.572
334.831	-115.479	-1.572
334.831	-115.731	-1.572
334.831	-115.982	-1.572
334.831	-116.236	-1.572
334.831	-116.487	-1.572
334.830	-116.737	-1.572
334.830	-116.985	-1.572
334.830	-117.229	-1.572
334.830	-117.469	-1.572
334.830	-117.705	-1.572
334.829	-117.938	-1.572
334.829	-118.168	-1.572
334.829	-118.397	-1.572
334.829	-118.625	-1.572
334.829	-118.852	-1.572
334.829	-119.077	-1.572
334.827	-119.300	-1.573
334.824	-119.521	-1.574
334.822	-119.739	-1.576
334.819	-119.955	-1.577
334.817	-120.169	-1.578
334.814	-120.382	-1.579
334.811	-120.593	-1.580
334.805	-120.802	-1.583
334.795	-121.012	-1.589
334.785	-121.225	-1.593
334.774	-121.447	-1.598
334.761	-121.679	-1.602
334.748	-121.923	-1.607
334.729	-122.178	-1.615
334.699	-122.439	-1.629
334.665	-122.704	-1.645
334.626	-122.974	-1.661
334.581	-123.259	-1.677
334.529	-123.551	-1.695
334.463	-123.851	-1.718
334.389	-124.158	-1.743
334.301	-124.473	-1.770
334.194	-124.798	-1.805
334.072	-125.129	-1.841
333.935	-125.464	-1.880
333.777	-125.797	-1.926
333.601	-126.125	-1.974
333.410	-126.443	-2.024
333.204	-126.749	-2.075
332.985	-127.039	-2.127
332.752	-127.310	-2.183
332.508	-127.563	-2.239
332.251	-127.799	-2.295
331.981	-128.021	-2.350
331.697	-128.229	-2.405
331.399	-128.417	-2.464
331.087	-128.579	-2.531
330.764	-128.716	-2.602
330.427	-128.834	-2.671
330.079	-128.936	-2.734
329.722	-129.026	-2.792
329.359	-129.104	-2.842
328.993	-129.171	-2.886
328.627	-129.229	-2.924
328.264	-129.277	-2.958
327.903	-129.316	-2.987
327.544	-129.348	-3.012
327.187	-129.375	-3.033
326.831	-129.397	-3.050
326.474	-129.416	-3.065
326.115	-129.432	-3.077
325.754	-129.445	-3.087
325.390	-129.456	-3.096
325.025	-129.465	-3.104
324.658	-129.473	-3.110
324.291	-129.480	-3.115
323.925	-129.485	-3.119
323.560	-129.490	-3.123
323.196	-129.494	-3.126
322.833	-129.497	-3.128
322.472	-129.500	-3.130
322.111	-129.502	-3.132
321.749	-129.504	-3.134
321.387	-129.506	-3.135
321.025	-129.507	-3.136
320.661	-129.508	-3.137
320.297	-129.509	-3.138
319.932	-129.510	-3.139
319.568	-129.510	-3.139
319.203	-129.511	-3.140
318.839	-129.511	-3.140
318.476	-129.511	-3.140
318.112	-129.511	-3.141
317.750	-129.511	-3.141
317.387	-129.511	-3.141
317.024	-129.511	-3.141
316.661	-129.511	-3.141
316.298	-129.511	-3.142
315.935	-129.511	3.142
315.571	-129.511	3.141
315.207	-129.511	3.141
314.844	-129.511	3.141
314.480	-129.511	3.141
314.116	-129.511	3.141
313.753	-129.511	3.141
313.390	-129.510	3.141
313.026	-129.510	3.141
312.663	-129.510	3.141
312.300	-129.510	3.141
311.937	-129.510	3.141
311.573	-129.510	3.141
311.210	-129.509	3.141
310.847	-129.509	3.141
310.483	-129.509	3.141
310.120	-129.509	3.141
309.756	-129.509	3.141
309.393	-129.509	3.141
309.029	-129.509	3.141
308.666	-129.508	3.141
308.302	-129.508	3.141
307.939	-129.508	3.141
307.576	-129.508	3.141
307.212	-129.508	3.141
306.849	-129.508	3.141
306.486	-129.508	3.141
306.122	-129.507	3.141
305.759	-129.507	3.141
305.395	-129.507	3.141
305.032	-129.507	3.141
304.669	-129.507	3.141
304.305	-129.507	3.141
303.942	-129.507	3.141
303.578	-129.506	3.141
303.215	-129.506	3.141
302.852	-129.506	3.141
302.488	-129.506	3.141
302.125	-129.506	3.141
301.762	-129.506	3.141
301.398	-129.506	3.141
301.035	-129.505	3.141
300.671	-129.505	3.141
300.308	-129.505	3.141
299.944	-129.505	3.141
299.581	-129.505	3.141
299.218	-129.505	3.141
298.854	-129.505	3.141
298.491	-129.504	3.141
298.128	-129.504	3.141
297.764	-129.504	3.141
297.401	-129.504	3.141
297.037	-129.504	3.141
296.674	-129.504	3.141
296.311	-129.503	3.141
295.947	-129.503	3.141
295.584	-129.503	3.141
295.221	-129.503	3.141
294.857	-129.503	3.141
294.494	-129.503	3.141
294.130	-129.503	3.141
293.767	-129.502	3.141
293.404	-129.502	3.141
293.040	-129.502	3.141
292.677	-129.502	3.141
292.314	-129.502	3.141
291.950	-129.502	3.141
291.587	-129.502	3.141
291.223	-129.501	3.141
290.860	-129.501	3.141
290.496	-129.501	3.141
290.133	-129.501	3.141
289.770	-129.501	3.141
289.406	-129.501	3.141
289.043	-129.501	3.141
288.680	-129.500	3.141
288.316	-129.500	3.141
287.953	-129.500	3.141
287.589	-129.500	3.141
287.226	-129.500	3.141
286.863	-129.500	3.141
286.499	-129.500	3.141
286.136	-129.499	3.141
285.773	-129.499	3.141
285.409	-129.499	3.141
285.046	-129.499	3.141
284.682	-129.499	3.141
284.319	-129.498	3.141
283.956	-129.498	3.141
283.592	-129.498	3.141
283.229	-129.498	3.141
282.866	-129.498	3.141
282.502	-129.497	3.141
282.139	-129.497	3.141
281.775	-129.497	3.141
281.412	-129.497	3.141
281.049	-129.496	3.141
280.685	-129.496	3.141
280.322	-129.496	3.141
279.959	-129.496	3.141
279.595	-129.495	3.141
279.232	-129.495	3.141
278.868	-129.495	3.141
278.505	-129.495	3.141
278.142	-129.495	3.141
277.778	-129.495	3.141
277.415	-129.494	3.141
277.052	-129.494	3.141
276.688	-129.494	3.141
276.325	-129.494	3.141
275.961	-129.494	3.141
275.598	-129.493	3.141
275.235	-129.493	3.141
274.871	-129.493	3.141
274.508	-129.493	3.141
274.145	-129.493	3.141
273.781	-129.492	3.141
273.418	-129.492	3.141
273.054	-129.492	3.141
272.691	-129.492	3.141
272.328	-129.492	3.141
271.964	-129.491	3.141
271.601	-129.491	3.141
271.237	-129.491	3.141
270.874	-129.491	3.141
270.511	-129.491	3.141
270.147	-129.490	3.141
269.784	-129.490	3.141
269.421	-129.490	3.141
269.057	-129.490	3.141
268.694	-129.490	3.141
268.330	-129.489	3.141
267.967	-129.489	3.141
267.604	-129.489	3.141
267.240	-129.489	3.141
266.877	-129.489	3.141
266.513	-129.488	3.141
266.150	-129.488	3.141
265.787	-129.488	3.141
265.423	-129.488	3.141
265.060	-129.488	3.141
264.697	-129.488	3.141
264.333	-129.487	3.141
263.970	-129.487	3.141
263.606	-129.487	3.141
263.243	-129.487	3.141
262.880	-129.487	3.141
262.516	-129.486	3.141
262.153	-129.486	3.141
261.790	-129.486	3.141
261.426	-129.486	3.141
261.063	-129.486	3.141
260.699	-129.485	3.141
260.336	-129.485	3.141
259.973	-129.485	3.141
259.609	-129.485	3.141
259.246	-129.485	3.141
258.883	-129.485	3.141
258.519	-129.485	3.141
258.156	-129.484	3.141
257.792	-129.484	3.141
257.429	-129.484	3.141
257.066	-129.484	3.141
256.702	-129.484	3.141
256.339	-129.484	3.141
255.976	-129.484	3.141
255.612	-129.483	3.141
255.249	-129.483	3.141
254.885	-129.483	3.141
254.522	-129.483	3.141
254.159	-129.483	3.141
253.795	-129.483	3.141
253.432	-129.483	3.141
253.069	-129.482	3.141
252.705	-129.482	3.141
252.342	-129.482	3.141
251.978	-129.482	3.141
251.615	-129.482	3.141
251.252	-129.482	3.141
250.888	-129.482	3.141
250.525	-129.481	3.141
250.162	-129.481	3.141
249.798	-129.481	3.141
249.435	-129.481	3.141
249.071	-129.481	3.141
248.708	-129.481	3.141
248.345	-129.481	3.141
247.981	-129.480	3.141
247.618	-129.480	3.141
247.254	-129.480	3.141
246.891	-129.480	3.141
246.528	-129.480	3.141
246.164	-129.480	3.141
245.801	-129.479	3.141
245.438	-129.479	3.141
245.074	-129.479	3.141
244.711	-129.479	3.141
244.347	-129.479	3.141
243.984	-129.479	3.141
243.621	-129.479	3.141
243.257	-129.478	3.141
242.894	-129.478	3.141
242.530	-129.478	3.141
242.167	-129.478	3.141
241.804	-129.478	3.141
241.440	-129.478	3.141
241.077	-129.477	3.141
240.714	-129.477	3.141
240.350	-129.477	3.141
239.987	-129.477	3.141
239.623	-129.477	3.141
239.260	-129.477	3.141
238.897	-129.477	3.141
238.533	-129.476	3.141
238.170	-129.476	3.141
237.807	-129.476	3.141
237.443	-129.476	3.141
237.080	-129.476	3.141
236.716	-129.476	3.141
236.353	-129.475	3.141
235.990	-129.475	3.141
235.626	-129.475	3.141
235.263	-129.475	3.141
234.900	-129.475	3.141
234.536	-129.475	3.141
234.173	-129.475	3.141
233.809	-129.474	3.141
233.446	-129.474	3.141
233.083	-129.474	3.141
232.719	-129.474	3.141
232.356	-129.474	3.141
231.993	-129.473	3.141
231.629	-129.473	3.141
231.266	-129.473	3.141
230.902	-129.473	3.141
230.539	-129.473	3.141
230.176	-129.472	3.141
229.812	-129.472	3.141
229.449	-129.472	3.141
229.086	-129.472	3.141
228.722	-129.472	3.141
228.359	-129.471	3.141
227.995	-129.471	3.141
227.632	-129.471	3.141
227.269	-129.471	3.141
226.905	-129.471	3.141
226.542	-129.470	3.141
226.179	-129.470	3.141
225.815	-129.470	3.141
225.452	-129.470	3.141
225.088	-129.470	3.141
224.725	-129.470	3.141
224.362	-129.469	3.141
223.998	-129.469	3.141
223.635	-129.469	3.141
223.271	-129.469	3.141
222.908	-129.469	3.141
222.545	-129.469	3.141
222.181	-129.469	3.141
221.818	-129.468	3.141
221.454	-129.468	3.141
221.091	-129.468	3.141
220.728	-129.468	3.141
220.364	-129.468	3.141
220.001	-129.468	3.141
219.638	-129.467	3.141
219.274	-129.467	3.141
218.911	-129.467	3.141
218.547	-129.467	3.141
218.184	-129.467	3.141
217.821	-129.467	3.141
217.457	-129.467	3.141
217.094	-129.466	3.141
216.731	-129.466	3.141
216.367	-129.466	3.141
216.004	-129.466	3.141
215.640	-129.466	3.141
215.277	-129.466	3.141
214.914	-129.465	3.141
214.550	-129.465	3.141
214.187	-129.465	3.141
213.824	-129.465	3.141
213.460	-129.465	3.141
213.097	-129.465	3.141
212.733	-129.465	3.141
212.370	-129.464	3.141
212.007	-129.464	3.141
211.643	-129.464	3.141
211.280	-129.464	3.141
210.917	-129.464	3.141
210.553	-129.464	3.141
210.190	-129.463	3.141
209.826	-129.463	3.141
209.463	-129.463	3.141
209.100	-129.463	3.141
208.736	-129.463	3.141
208.373	-129.463	3.141
208.010	-129.463	3.141
207.646	-129.462	3.141
207.283	-129.462	3.141
206.919	-129.462	3.141
206.556	-129.462	3.141
206.193	-129.462	3.141
205.829	-129.462	3.141
205.466	-129.462	3.141
205.103	-129.461	3.141
204.739	-129.461	3.141
204.376	-129.461	3.141
204.012	-129.461	3.141
203.649	-129.461	3.141
203.286	-129.461	3.141
202.922	-129.461	3.141
202.559	-129.460	3.141
202.196	-129.460	3.141
201.832	-129.460	3.141
201.469	-129.460	3.141
201.105	-129.460	3.141
200.742	-129.460	3.141
200.379	-129.460	3.141
200.015	-129.459	3.141
199.652	-129.459	3.141
199.288	-129.459	3.141
198.925	-129.459	3.141
198.562	-129.459	3.141
198.198	-129.459	3.141
197.835	-129.458	3.141
197.471	-129.458	3.141
197.108	-129.458	3.141
196.745	-129.458	3.141
196.381	-129.458	3.141
196.018	-129.458	3.141
195.655	-129.458	3.141
195.291	-129.457	3.141
194.928	-129.457	3.141
194.564	-129.457	3.141
194.201	-129.457	3.141
193.838	-129.457	3.141
193.474	-129.457	3.141
193.111	-129.457	3.141
192.748	-129.456	3.141
192.384	-129.456	3.141
192.021	-129.456	3.141
191.657	-129.456	3.141
191.294	-129.456	3.141
190.931	-129.456	3.141
190.567	-129.456	3.141
190.204	-129.455	3.141
189.841	-129.455	3.141
189.477	-129.455	3.141
189.114	-129.455	3.141
188.750	-129.455	3.141
188.387	-129.455	3.141
188.024	-129.455	3.141
187.660	-129.454	3.141
187.297	-129.454	3.141
186.934	-129.454	3.141
186.570	-129.454	3.141
186.207	-129.454	3.141
185.843	-129.454	3.141
185.480	-129.454	3.141
185.117	-129.453	3.141
184.753	-129.453	3.141
184.390	-129.453	3.141
184.027	-129.453	3.141
183.663	-129.453	3.141
183.300	-129.453	3.141
182.936	-129.452	3.141
182.573	-129.452	3.141
182.210	-129.452	3.141
181.846	-129.452	3.141
181.483	-129.452	3.141
181.120	-129.452	3.141
180.756	-129.452	3.141
180.393	-129.451	3.141
180.029	-129.451	3.141
179.666	-129.451	3.141
179.303	-129.451	3.141
178.939	-129.451	3.141
178.576	-129.451	3.141
178.212	-129.451	3.141
177.849	-129.450	3.141
177.486	-129.450	3.141
177.122	-129.450	3.141
176.759	-129.450	3.141
176.396	-129.450	3.141
176.032	-129.450	3.141
175.669	-129.450	3.141
175.305	-129.449	3.141
174.942	-129.449	3.141
174.579	-129.449	3.141
174.215	-129.449	3.141
173.852	-129.449	3.141
173.488	-129.448	3.141
173.125	-129.448	3.141
172.762	-129.448	3.141
172.398	-129.448	3.141
172.035	-129.447	3.141
171.672	-129.447	3.141
171.308	-129.447	3.141
170.945	-129.447	3.141
170.581	-129.447	3.141
170.218	-129.446	3.141
169.855	-129.446	3.141
169.491	-129.446	3.141
169.128	-129.446	3.141
168.765	-129.446	3.141
168.401	-129.446	3.141
168.038	-129.445	3.141
167.674	-129.445	3.141
167.311	-129.445	3.141
166.948	-129.445	3.141
166.584	-129.445	3.141
166.221	-129.444	3.141
165.858	-129.444	3.141
165.494	-129.444	3.141
165.131	-129.444	3.141
164.767	-129.444	3.141
164.404	-129.443	3.141
164.041	-129.443	3.141
163.677	-129.443	3.141
163.314	-129.443	3.141
162.951	-129.443	3.141
162.587	-129.443	3.141
162.224	-129.442	3.141
161.860	-129.442	3.141
161.497	-129.442	3.141
161.133	-129.442	3.141
160.770	-129.442	3.141
160.407	-129.441	3.141
160.043	-129.441	3.141
159.680	-129.441	3.141
159.317	-129.441	3.141
158.953	-129.441	3.141
158.590	-129.440	3.141
158.226	-129.440	3.141
157.863	-129.440	3.141
157.500	-129.440	3.141
157.136	-129.440	3.141
156.773	-129.439	3.141
156.409	-129.439	3.141
156.046	-129.439	3.141
155.683	-129.439	3.141
155.319	-129.439	3.141
154.956	-129.438	3.141
154.592	-129.438	3.141
154.229	-129.438	3.141
153.866	-129.438	3.141
153.502	-129.438	3.141
153.139	-129.438	3.141
152.776	-129.438	3.141
152.412	-129.438	3.141
152.049	-129.437	3.141
151.685	-129.437	3.141
151.322	-129.437	3.141
150.958	-129.437	3.141
150.595	-129.437	3.141
150.232	-129.437	3.141
149.868	-129.436	3.141
149.505	-129.436	3.141
149.142	-129.436	3.141
148.778	-129.436	3.141
148.415	-129.436	3.141
148.051	-129.436	3.141
147.688	-129.436	3.141
147.325	-129.435	3.141
146.961	-129.435	3.141
146.598	-129.435	3.141
146.234	-129.435	3.141
145.871	-129.435	3.141
145.508	-129.435	3.141
145.144	-129.435	3.141
144.781	-129.434	3.141
144.417	-129.434	3.141
144.054	-129.434	3.141
143.691	-129.434	3.141
143.327	-129.434	3.141
142.964	-129.434	3.141
142.600	-129.433	3.141
142.237	-129.433	3.141
141.874	-129.433	3.141
141.510	-129.433	3.141
141.147	-129.433	3.141
140.783	-129.433	3.141
140.420	-129.433	3.141
140.057	-129.432	3.141
139.693	-129.432	3.141
139.330	-129.432	3.141
138.967	-129.432	3.141
138.603	-129.432	3.141
138.240	-129.432	3.141
137.876	-129.432	3.141
137.513	-129.431	3.141
137.150	-129.431	3.141
136.786	-129.431	3.141
136.423	-129.431	3.141
136.059	-129.431	3.141
135.696	-129.431	3.141
135.333	-129.431	3.141
134.969	-129.430	3.141
134.606	-129.430	3.141
134.242	-129.430	3.141
133.879	-129.430	3.141
133.516	-129.430	3.141
133.152	-129.430	3.141
132.789	-129.430	3.141
132.425	-129.429	3.141
132.062	-129.429	3.141
131.699	-129.429	3.141
131.335	-129.429	3.141
130.972	-129.429	3.141
130.608	-129.429	3.141
130.245	-129.428	3.141
129.882	-129.428	3.141
129.518	-129.428	3.141
129.155	-129.428	3.141
128.792	-129.428	3.141
128.428	-129.428	3.141
128.065	-129.428	3.141
127.701	-129.427	3.141
127.338	-129.427	3.141
126.974	-129.427	3.141
126.611	-129.427	3.141
126.248	-129.427	3.141
125.884	-129.427	3.141
125.521	-129.427	3.141
125.158	-129.426	3.141
124.794	-129.426	3.141
124.431	-129.426	3.141
124.067	-129.426	3.141
