38517414.982	3374902.242	2.865
38517414.761	3374902.308	2.866
38517414.549	3374902.374	2.868
38517414.348	3374902.429	2.869
38517414.146	3374902.484	2.870
38517413.944	3374902.539	2.871
38517413.743	3374902.594	2.872
38517413.416	3374902.683	2.872
38517413.205	3374902.738	2.874
38517413.003	3374902.793	2.874
38517412.792	3374902.848	2.876
38517412.590	3374902.903	2.877
38517412.359	3374902.958	2.879
38517411.927	3374903.068	2.884
38517411.716	3374903.123	2.885
38517411.495	3374903.178	2.886
38517411.149	3374903.267	2.886
38517410.909	3374903.322	2.887
38517410.515	3374903.421	2.887
38517410.304	3374903.476	2.886
38517410.102	3374903.531	2.885
38517409.766	3374903.608	2.884
38517409.565	3374903.663	2.884
38517409.344	3374903.718	2.883
38517409.132	3374903.773	2.882
38517408.912	3374903.828	2.882
38517408.710	3374903.883	2.882
38517408.422	3374903.949	2.879
38517408.153	3374904.016	2.878
38517407.797	3374904.115	2.878
38517407.432	3374904.214	2.878
38517407.019	3374904.313	2.877
38517406.799	3374904.368	2.877
38517406.472	3374904.456	2.877
38517406.145	3374904.544	2.877
38517405.915	3374904.600	2.879
38517405.502	3374904.710	2.879
38517405.300	3374904.765	2.879
38517404.705	3374904.919	2.880
38517404.455	3374904.985	2.881
38517404.234	3374905.040	2.881
38517403.946	3374905.106	2.882
38517403.648	3374905.183	2.882
38517403.274	3374905.283	2.883
38517402.938	3374905.371	2.883
38517402.707	3374905.426	2.883
38517402.438	3374905.492	2.883
38517402.236	3374905.536	2.881
38517401.929	3374905.624	2.881
38517401.727	3374905.668	2.880
38517401.295	3374905.789	2.879
38517401.055	3374905.844	2.879
38517400.805	3374905.911	2.878
38517400.604	3374905.966	2.878
38517400.402	3374906.010	2.878
38517400.191	3374906.065	2.877
38517399.864	3374906.153	2.877
38517399.403	3374906.274	2.876
38517399.144	3374906.340	2.876
38517398.894	3374906.406	2.877
38517398.635	3374906.472	2.877
38517398.375	3374906.539	2.877
38517398.154	3374906.605	2.877
38517397.934	3374906.660	2.877
38517397.453	3374906.781	2.876
38517397.136	3374906.858	2.876
38517396.781	3374906.957	2.876
38517396.368	3374907.068	2.876
38517396.099	3374907.134	2.875
38517395.773	3374907.222	2.875
38517395.542	3374907.288	2.875
38517395.302	3374907.343	2.875
38517394.927	3374907.442	2.875
38517394.649	3374907.519	2.874
38517394.217	3374907.629	2.873
38517393.880	3374907.718	2.874
38517393.640	3374907.784	2.874
38517393.151	3374907.905	2.873
38517392.862	3374907.993	2.872
38517392.565	3374908.070	2.872
38517392.219	3374908.158	2.872
38517392.017	3374908.213	2.872
38517391.767	3374908.280	2.871
38517391.566	3374908.335	2.871
38517390.855	3374908.522	2.872
38517390.490	3374908.610	2.872
38517390.077	3374908.720	2.872
38517389.664	3374908.831	2.872
38517389.405	3374908.897	2.872
38517389.193	3374908.952	2.872
38517388.828	3374909.051	2.872
38517388.454	3374909.150	2.872
38517388.195	3374909.216	2.872
38517387.974	3374909.271	2.872
38517387.657	3374909.359	2.873
38517387.119	3374909.503	2.873
38517386.898	3374909.558	2.874
38517386.571	3374909.646	2.874
38517386.245	3374909.734	2.875
38517385.918	3374909.822	2.875
38517385.649	3374909.888	2.876
38517385.313	3374909.977	2.876
38517384.823	3374910.109	2.876
38517384.487	3374910.186	2.878
38517384.209	3374910.263	2.878
38517383.930	3374910.340	2.878
38517383.642	3374910.406	2.878
38517383.421	3374910.461	2.878
38517383.085	3374910.549	2.878
38517382.749	3374910.638	2.878
38517382.518	3374910.704	2.878
38517382.230	3374910.770	2.878
38517381.836	3374910.880	2.878
38517381.606	3374910.935	2.878
38517381.318	3374911.012	2.878
38517380.972	3374911.100	2.878
38517380.741	3374911.155	2.878
38517380.396	3374911.244	2.877
38517380.165	3374911.310	2.877
38517379.819	3374911.398	2.876
38517379.589	3374911.464	2.876
38517379.349	3374911.519	2.875
38517379.118	3374911.585	2.875
38517378.830	3374911.662	2.875
38517378.062	3374911.861	2.874
38517377.831	3374911.916	2.874
38517377.476	3374912.015	2.874
38517377.236	3374912.081	2.874
38517376.938	3374912.158	2.874
38517376.708	3374912.213	2.873
38517376.112	3374912.379	2.872
38517375.872	3374912.434	2.872
38517375.632	3374912.500	2.872
38517375.267	3374912.599	2.872
38517374.969	3374912.676	2.871
38517374.729	3374912.742	2.871
38517374.489	3374912.808	2.871
38517374.124	3374912.896	2.871
38517373.884	3374912.963	2.871
38517373.576	3374913.051	2.871
38517372.846	3374913.238	2.870
38517372.539	3374913.326	2.870
38517372.232	3374913.403	2.869
38517371.924	3374913.492	2.869
38517371.435	3374913.624	2.868
38517371.060	3374913.723	2.869
38517370.513	3374913.866	2.869
38517370.263	3374913.932	2.869
38517369.706	3374914.087	2.868
38517369.456	3374914.153	2.868
38517369.014	3374914.274	2.868
38517368.765	3374914.340	2.868
38517368.390	3374914.439	2.867
38517367.958	3374914.561	2.867
38517367.641	3374914.649	2.867
38517367.324	3374914.726	2.867
38517367.074	3374914.803	2.867
38517365.931	3374915.112	2.866
38517365.614	3374915.200	2.866
38517364.788	3374915.420	2.866
38517364.471	3374915.508	2.865
38517364.020	3374915.630	2.865
38517363.703	3374915.718	2.865
38517363.443	3374915.795	2.865
38517362.867	3374915.949	2.865
38517362.608	3374916.026	2.865
38517362.291	3374916.115	2.865
38517361.897	3374916.214	2.865
38517361.254	3374916.390	2.865
38517360.927	3374916.478	2.866
38517360.668	3374916.555	2.866
38517360.284	3374916.655	2.866
38517359.957	3374916.743	2.865
38517359.630	3374916.831	2.866
38517359.371	3374916.908	2.866
38517358.977	3374917.007	2.866
38517358.324	3374917.195	2.865
38517358.122	3374917.250	2.865
38517357.729	3374917.349	2.865
38517357.268	3374917.481	2.865
38517357.008	3374917.547	2.865
38517356.739	3374917.625	2.865
38517356.019	3374917.823	2.865
38517355.817	3374917.878	2.865
38517355.616	3374917.933	2.865
38517354.953	3374918.109	2.865
38517354.626	3374918.198	2.865
38517354.290	3374918.286	2.865
38517353.964	3374918.385	2.865
38517353.695	3374918.451	2.865
38517353.426	3374918.528	2.865
38517353.157	3374918.605	2.865
38517352.898	3374918.672	2.866
38517352.629	3374918.749	2.866
38517352.091	3374918.892	2.867
38517351.889	3374918.947	2.867
38517351.620	3374919.013	2.868
38517351.351	3374919.090	2.868
38517350.679	3374919.278	2.868
38517350.275	3374919.377	2.869
38517350.007	3374919.454	2.869
38517349.670	3374919.542	2.869
38517349.469	3374919.597	2.869
38517348.931	3374919.741	2.870
38517348.720	3374919.796	2.870
38517348.451	3374919.873	2.870
38517348.047	3374919.983	2.870
38517347.836	3374920.038	2.870
38517347.634	3374920.093	2.870
38517347.164	3374920.214	2.870
38517346.683	3374920.347	2.870
38517346.472	3374920.402	2.870
38517346.270	3374920.457	2.870
38517345.992	3374920.534	2.870
38517345.646	3374920.622	2.870
38517345.233	3374920.732	2.870
38517345.031	3374920.787	2.869
38517344.753	3374920.865	2.869
38517344.196	3374921.019	2.868
38517343.783	3374921.129	2.867
38517343.504	3374921.206	2.867
38517343.293	3374921.261	2.867
38517343.091	3374921.317	2.867
38517342.813	3374921.394	2.866
38517342.457	3374921.493	2.866
38517341.967	3374921.625	2.865
38517341.756	3374921.680	2.865
38517341.554	3374921.735	2.865
38517341.266	3374921.812	2.865
38517340.988	3374921.890	2.865
38517340.421	3374922.044	2.864
38517340.210	3374922.110	2.864
38517339.998	3374922.165	2.863
38517339.720	3374922.242	2.863
38517339.288	3374922.364	2.863
38517339.076	3374922.419	2.863
38517338.865	3374922.474	2.862
38517338.654	3374922.540	2.862
38517338.078	3374922.694	2.862
38517337.789	3374922.771	2.862
38517337.434	3374922.871	2.862
38517337.146	3374922.959	2.862
38517336.935	3374923.014	2.862
38517336.646	3374923.091	2.862
38517336.425	3374923.157	2.862
38517336.137	3374923.234	2.862
38517335.705	3374923.356	2.863
38517335.273	3374923.477	2.863
38517334.908	3374923.576	2.863
38517334.399	3374923.719	2.863
38517333.813	3374923.874	2.863
38517333.525	3374923.962	2.863
38517333.083	3374924.083	2.864
38517332.795	3374924.160	2.864
38517332.497	3374924.237	2.864
38517331.844	3374924.425	2.865
38517331.325	3374924.568	2.865
38517331.104	3374924.623	2.865
38517330.663	3374924.744	2.865
38517329.712	3374925.009	2.866
38517329.414	3374925.086	2.866
38517329.116	3374925.163	2.866
38517328.828	3374925.251	2.866
38517328.607	3374925.307	2.867
38517327.570	3374925.593	2.868
38517327.042	3374925.736	2.868
38517326.744	3374925.814	2.868
38517326.004	3374926.012	2.869
38517325.783	3374926.078	2.869
38517325.409	3374926.177	2.869
38517324.957	3374926.298	2.870
38517324.208	3374926.497	2.871
38517323.987	3374926.552	2.871
38517323.757	3374926.618	2.871
38517323.459	3374926.695	2.871
38517323.008	3374926.816	2.871
38517322.556	3374926.938	2.871
38517322.249	3374927.015	2.871
38517321.951	3374927.103	2.871
38517321.644	3374927.180	2.871
38517320.885	3374927.378	2.871
38517320.357	3374927.522	2.871
38517320.136	3374927.588	2.871
38517319.224	3374927.830	2.871
38517318.763	3374927.951	2.872
38517318.455	3374928.040	2.872
38517318.081	3374928.139	2.872
38517317.620	3374928.260	2.872
38517317.082	3374928.403	2.872
38517316.851	3374928.458	2.872
38517316.621	3374928.525	2.872
38517316.390	3374928.591	2.872
38517316.160	3374928.646	2.873
38517315.708	3374928.767	2.873
38517315.401	3374928.855	2.873
38517314.777	3374929.020	2.874
38517313.701	3374929.296	2.874
38517312.769	3374929.549	2.875
38517312.462	3374929.626	2.875
38517312.001	3374929.748	2.875
38517311.607	3374929.858	2.876
38517311.069	3374930.001	2.878
38517310.752	3374930.078	2.878
38517310.128	3374930.244	2.878
38517309.657	3374930.365	2.878
38517309.340	3374930.442	2.878
38517309.110	3374930.497	2.878
38517308.870	3374930.563	2.877
38517308.005	3374930.783	2.877
38517307.535	3374930.905	2.877
38517307.218	3374930.993	2.877
38517306.824	3374931.092	2.877
38517306.277	3374931.235	2.877
38517306.037	3374931.301	2.877
38517305.720	3374931.378	2.876
38517305.403	3374931.467	2.876
38517305.162	3374931.533	2.876
38517304.932	3374931.588	2.876
38517303.972	3374931.841	2.875
38517303.578	3374931.940	2.874
38517303.338	3374932.007	2.874
38517303.098	3374932.073	2.874
38517302.857	3374932.139	2.874
38517302.060	3374932.348	2.874
38517301.734	3374932.436	2.873
38517301.340	3374932.535	2.873
38517301.013	3374932.624	2.872
38517300.773	3374932.690	2.872
38517300.533	3374932.756	2.872
38517299.813	3374932.943	2.871
38517299.486	3374933.031	2.871
38517299.160	3374933.120	2.871
38517298.843	3374933.208	2.871
38517298.190	3374933.384	2.870
38517297.709	3374933.505	2.870
38517297.296	3374933.615	2.868
38517296.893	3374933.726	2.868
38517296.566	3374933.814	2.868
38517296.163	3374933.924	2.868
38517295.913	3374933.990	2.868
38517295.673	3374934.056	2.867
38517294.934	3374934.255	2.867
38517294.607	3374934.354	2.866
38517294.280	3374934.442	2.866
38517293.464	3374934.663	2.865
38517293.138	3374934.751	2.865
38517292.475	3374934.927	2.864
38517291.649	3374935.159	2.864
38517291.409	3374935.225	2.864
38517291.159	3374935.291	2.864
38517290.823	3374935.379	2.864
38517290.160	3374935.566	2.864
38517289.584	3374935.732	2.864
38517289.248	3374935.820	2.864
38517288.921	3374935.908	2.865
38517288.585	3374935.996	2.865
38517288.258	3374936.095	2.865
38517288.009	3374936.162	2.865
38517287.509	3374936.294	2.865
38517287.173	3374936.393	2.865
38517286.923	3374936.459	2.865
38517286.587	3374936.547	2.865
38517286.337	3374936.613	2.865
38517286.001	3374936.713	2.864
38517285.579	3374936.823	2.864
38517285.329	3374936.889	2.864
38517284.743	3374937.054	2.864
38517284.234	3374937.198	2.864
38517283.984	3374937.264	2.864
38517283.735	3374937.330	2.864
38517283.312	3374937.451	2.864
38517282.726	3374937.605	2.864
38517282.303	3374937.727	2.864
38517281.622	3374937.914	2.864
38517281.112	3374938.057	2.864
38517280.776	3374938.146	2.863
38517280.440	3374938.245	2.864
38517279.845	3374938.399	2.863
38517279.422	3374938.520	2.863
38517279.163	3374938.586	2.863
38517278.567	3374938.752	2.864
38517277.885	3374938.939	2.863
38517277.636	3374939.016	2.863
38517277.040	3374939.182	2.863
38517276.694	3374939.270	2.863
38517276.445	3374939.347	2.863
38517276.099	3374939.435	2.863
38517275.849	3374939.512	2.864
38517275.503	3374939.600	2.864
38517275.167	3374939.700	2.863
38517274.908	3374939.766	2.863
38517274.485	3374939.887	2.863
38517273.467	3374940.163	2.863
38517272.103	3374940.548	2.863
38517271.767	3374940.637	2.863
38517270.826	3374940.890	2.863
38517270.490	3374940.989	2.863
38517270.067	3374941.111	2.863
38517269.721	3374941.199	2.863
38517269.299	3374941.320	2.863
38517269.049	3374941.386	2.863
38517268.617	3374941.507	2.863
38517268.194	3374941.629	2.863
38517267.685	3374941.761	2.863
38517267.349	3374941.860	2.863
38517266.581	3374942.070	2.863
38517266.158	3374942.191	2.862
38517265.822	3374942.279	2.862
38517265.486	3374942.378	2.862
38517265.226	3374942.444	2.862
38517264.554	3374942.632	2.863
38517264.131	3374942.753	2.863
38517263.872	3374942.830	2.863
38517263.449	3374942.940	2.864
38517263.113	3374943.040	2.865
38517262.767	3374943.128	2.865
38517261.922	3374943.359	2.866
38517259.559	3374944.010	2.869
38517259.050	3374944.142	2.870
38517258.714	3374944.230	2.870
38517258.378	3374944.329	2.870
38517258.119	3374944.395	2.871
38517257.696	3374944.505	2.872
38517257.274	3374944.616	2.872
38517256.765	3374944.759	2.873
38517256.179	3374944.913	2.874
38517255.670	3374945.045	2.874
38517255.333	3374945.134	2.874
38517254.229	3374945.420	2.874
38517253.220	3374945.696	2.874
38517252.462	3374945.894	2.874
38517252.202	3374945.960	2.874
38517251.953	3374946.026	2.874
38517251.693	3374946.092	2.874
38517251.444	3374946.158	2.874
38517251.107	3374946.258	2.874
38517250.426	3374946.434	2.874
38517250.089	3374946.522	2.874
38517248.994	3374946.809	2.874
38517248.735	3374946.875	2.874
38517248.399	3374946.963	2.875
38517248.063	3374947.062	2.875
38517247.727	3374947.150	2.875
38517247.477	3374947.216	2.875
38517247.218	3374947.282	2.874
38517246.968	3374947.349	2.874
38517246.459	3374947.481	2.874
38517246.209	3374947.547	2.874
38517245.700	3374947.679	2.875
38517245.201	3374947.811	2.875
38517244.855	3374947.911	2.875
38517244.269	3374948.065	2.875
38517243.674	3374948.219	2.875
38517243.424	3374948.285	2.875
38517243.001	3374948.395	2.875
38517242.665	3374948.484	2.875
38517242.329	3374948.572	2.875
38517241.657	3374948.748	2.875
38517241.311	3374948.836	2.875
38517240.302	3374949.101	2.875
38517239.966	3374949.189	2.875
38517239.717	3374949.255	2.875
38517239.121	3374949.409	2.875
38517238.785	3374949.497	2.875
38517238.199	3374949.652	2.875
38517237.604	3374949.817	2.875
38517237.267	3374949.905	2.875
38517236.845	3374950.015	2.875
38517236.509	3374950.103	2.875
38517236.086	3374950.214	2.876
38517235.750	3374950.302	2.876
38517235.414	3374950.390	2.876
38517235.087	3374950.478	2.876
38517234.751	3374950.566	2.876
38517234.492	3374950.632	2.876
38517234.242	3374950.699	2.876
38517233.906	3374950.787	2.876
38517232.984	3374951.029	2.876
38517232.571	3374951.139	2.876
38517232.235	3374951.227	2.876
38517231.898	3374951.316	2.876
38517231.649	3374951.382	2.876
38517231.399	3374951.448	2.876
38517230.900	3374951.580	2.876
38517230.563	3374951.668	2.876
38517230.237	3374951.756	2.876
38517229.987	3374951.823	2.876
38517229.574	3374951.922	2.876
38517228.988	3374952.076	2.876
38517228.652	3374952.164	2.876
38517228.402	3374952.230	2.876
38517228.162	3374952.296	2.876
38517227.740	3374952.407	2.877
38517227.250	3374952.539	2.876
38517226.914	3374952.627	2.876
38517226.578	3374952.715	2.876
38517226.165	3374952.814	2.876
38517225.838	3374952.902	2.876
38517225.588	3374952.969	2.877
38517224.753	3374953.189	2.877
38517224.340	3374953.299	2.877
38517223.014	3374953.641	2.877
38517222.515	3374953.773	2.877
38517222.265	3374953.839	2.877
38517221.516	3374954.037	2.877
38517221.017	3374954.170	2.877
38517220.604	3374954.280	2.877
38517220.267	3374954.368	2.877
38517220.018	3374954.434	2.877
38517219.768	3374954.500	2.877
38517219.432	3374954.577	2.877
38517219.182	3374954.643	2.877
38517218.596	3374954.798	2.877
38517218.010	3374954.952	2.877
38517216.503	3374955.349	2.877
38517216.253	3374955.415	2.877
38517215.667	3374955.558	2.877
38517215.081	3374955.712	2.877
38517214.409	3374955.889	2.877
38517214.082	3374955.977	2.877
38517213.323	3374956.175	2.877
38517212.987	3374956.263	2.877
38517212.738	3374956.329	2.877
38517212.488	3374956.396	2.877
38517212.075	3374956.495	2.877
38517211.739	3374956.583	2.877
38517211.489	3374956.649	2.878
38517210.903	3374956.803	2.878
38517210.317	3374956.957	2.877
38517209.904	3374957.068	2.877
38517209.232	3374957.244	2.877
38517208.819	3374957.343	2.877
38517208.406	3374957.453	2.877
38517208.156	3374957.519	2.877
38517207.820	3374957.608	2.877
38517207.570	3374957.674	2.877
38517207.321	3374957.740	2.877
38517207.071	3374957.806	2.877
38517206.735	3374957.894	2.877
38517206.235	3374958.026	2.877
38517205.736	3374958.147	2.877
38517205.409	3374958.236	2.877
38517204.987	3374958.346	2.877
38517204.660	3374958.434	2.877
38517203.911	3374958.621	2.877
38517203.661	3374958.687	2.877
38517203.412	3374958.754	2.877
38517203.162	3374958.820	2.877
38517202.912	3374958.886	2.877
38517202.576	3374958.974	2.877
38517202.250	3374959.062	2.877
38517202.000	3374959.128	2.877
38517201.740	3374959.194	2.877
38517201.164	3374959.349	2.878
38517200.233	3374959.591	2.878
38517199.896	3374959.679	2.878
38517199.311	3374959.822	2.878
38517199.061	3374959.889	2.878
38517198.725	3374959.977	2.878
38517198.379	3374960.065	2.878
38517198.043	3374960.153	2.878
38517197.534	3374960.285	2.878
38517196.948	3374960.439	2.878
38517196.689	3374960.506	2.878
38517196.439	3374960.572	2.878
38517196.180	3374960.638	2.879
38517195.757	3374960.748	2.878
38517195.161	3374960.902	2.879
38517194.816	3374960.990	2.879
38517194.393	3374961.101	2.879
38517194.134	3374961.167	2.879
38517193.884	3374961.233	2.879
38517193.625	3374961.299	2.878
38517192.770	3374961.530	2.878
38517191.925	3374961.751	2.877
38517191.493	3374961.861	2.877
38517191.070	3374961.971	2.877
38517190.811	3374962.037	2.876
38517190.551	3374962.103	2.876
38517190.042	3374962.247	2.875
38517189.360	3374962.423	2.875
38517188.592	3374962.621	2.875
38517188.333	3374962.698	2.875
38517187.997	3374962.787	2.874
38517187.737	3374962.853	2.873
38517187.055	3374963.029	2.873
38517186.633	3374963.150	2.872
38517186.287	3374963.238	2.872
38517185.432	3374963.459	2.872
38517185.182	3374963.536	2.872
38517184.923	3374963.602	2.871
38517184.587	3374963.690	2.871
38517183.895	3374963.867	2.870
38517183.646	3374963.944	2.870
38517183.213	3374964.054	2.870
38517182.877	3374964.142	2.870
38517182.368	3374964.274	2.870
38517181.936	3374964.396	2.870
38517181.677	3374964.462	2.869
38517181.427	3374964.528	2.869
38517181.168	3374964.605	2.870
38517180.832	3374964.693	2.870
38517180.486	3374964.781	2.869
38517179.890	3374964.947	2.869
38517178.776	3374965.244	2.867
38517178.440	3374965.332	2.867
38517178.181	3374965.398	2.867
38517177.921	3374965.476	2.867
38517177.076	3374965.707	2.866
38517176.221	3374965.939	2.865
38517175.712	3374966.082	2.865
38517175.453	3374966.159	2.865
38517175.203	3374966.225	2.865
38517174.944	3374966.302	2.865
38517174.685	3374966.369	2.865
38517174.435	3374966.446	2.865
38517173.839	3374966.600	2.867
38517173.244	3374966.765	2.868
38517172.994	3374966.843	2.868
38517172.648	3374966.931	2.868
38517172.312	3374967.030	2.868
38517171.803	3374967.162	2.868
38517171.467	3374967.250	2.868
38517171.044	3374967.372	2.868
38517170.363	3374967.559	2.868
38517170.026	3374967.647	2.869
38517169.604	3374967.768	2.869
38517169.268	3374967.857	2.869
38517168.759	3374967.989	2.870
38517168.336	3374968.099	2.870
38517167.913	3374968.220	2.870
38517167.577	3374968.308	2.870
38517167.068	3374968.441	2.870
38517166.818	3374968.507	2.870
38517165.887	3374968.749	2.869
38517165.464	3374968.859	2.869
38517165.214	3374968.937	2.869
38517164.878	3374969.025	2.869
38517164.542	3374969.113	2.869
38517164.206	3374969.201	2.869
38517163.870	3374969.289	2.869
38517163.284	3374969.443	2.870
38517162.948	3374969.543	2.870
38517162.688	3374969.609	2.870
38517162.439	3374969.675	2.870
38517162.189	3374969.741	2.870
38517161.853	3374969.829	2.869
38517161.430	3374969.939	2.870
38517161.017	3374970.061	2.870
38517160.768	3374970.127	2.870
38517160.508	3374970.193	2.870
38517160.009	3374970.325	2.870
38517159.673	3374970.424	2.871
38517159.010	3374970.601	2.871
38517158.760	3374970.667	2.871
38517158.424	3374970.755	2.871
38517157.425	3374971.020	2.871
38517157.012	3374971.130	2.872
38517155.927	3374971.416	2.871
38517155.677	3374971.482	2.871
38517155.264	3374971.604	2.871
38517154.928	3374971.692	2.871
38517154.678	3374971.758	2.871
38517154.429	3374971.824	2.872
38517154.016	3374971.934	2.872
38517153.516	3374972.067	2.872
38517152.690	3374972.287	2.872
38517152.191	3374972.419	2.873
38517151.864	3374972.507	2.872
38517151.029	3374972.728	2.872
38517150.452	3374972.882	2.872
38517150.039	3374972.992	2.872
38517149.703	3374973.080	2.872
38517148.877	3374973.301	2.873
38517148.551	3374973.389	2.873
38517148.301	3374973.455	2.873
38517148.051	3374973.521	2.873
38517147.715	3374973.609	2.873
38517147.225	3374973.742	2.873
38517146.976	3374973.797	2.873
38517146.726	3374973.863	2.873
38517146.399	3374973.951	2.872
38517145.813	3374974.105	2.871
38517145.324	3374974.238	2.871
38517145.074	3374974.304	2.871
38517144.498	3374974.458	2.870
38517143.912	3374974.612	2.870
38517143.172	3374974.822	2.869
38517142.922	3374974.888	2.868
38517142.673	3374974.954	2.868
38517142.433	3374975.020	2.868
38517141.270	3374975.329	2.867
38517140.617	3374975.516	2.866
38517140.281	3374975.604	2.866
38517139.868	3374975.714	2.865
38517139.052	3374975.935	2.865
38517138.716	3374976.034	2.864
38517138.389	3374976.122	2.864
38517137.976	3374976.232	2.863
38517137.400	3374976.398	2.863
38517137.150	3374976.464	2.862
38517136.823	3374976.552	2.862
38517136.410	3374976.673	2.862
38517136.161	3374976.740	2.862
38517135.921	3374976.806	2.862
38517135.671	3374976.872	2.862
38517135.344	3374976.971	2.862
38517135.095	3374977.037	2.862
38517134.768	3374977.125	2.862
38517134.355	3374977.247	2.862
38517134.105	3374977.313	2.862
38517133.616	3374977.445	2.862
38517133.203	3374977.555	2.862
38517132.549	3374977.743	2.862
38517131.887	3374977.919	2.862
38517131.397	3374978.062	2.862
38517131.070	3374978.151	2.862
38517130.821	3374978.217	2.862
38517130.408	3374978.338	2.862
38517130.167	3374978.404	2.863
38517128.928	3374978.746	2.862
38517128.602	3374978.834	2.862
38517128.112	3374978.977	2.862
38517127.785	3374979.066	2.862
38517127.459	3374979.154	2.862
38517127.209	3374979.220	2.862
38517126.883	3374979.319	2.862
38517125.980	3374979.562	2.863
38517125.404	3374979.727	2.862
38517125.154	3374979.793	2.862
38517124.741	3374979.903	2.863
38517123.598	3374980.223	2.863
38517123.348	3374980.289	2.863
38517123.022	3374980.377	2.864
38517122.772	3374980.454	2.864
38517121.379	3374980.829	2.864
38517120.889	3374980.973	2.864
38517120.400	3374981.105	2.864
38517119.910	3374981.237	2.865
38517119.333	3374981.402	2.865
38517119.084	3374981.469	2.865
38517118.844	3374981.535	2.865
38517118.594	3374981.601	2.865
38517117.864	3374981.810	2.866
38517117.364	3374981.943	2.866
38517117.038	3374982.031	2.866
38517116.635	3374982.141	2.867
38517116.298	3374982.229	2.868
38517115.809	3374982.361	2.869
38517115.568	3374982.427	2.869
38517115.242	3374982.516	2.869
38517114.992	3374982.582	2.869
38517114.742	3374982.648	2.869
38517114.339	3374982.758	2.871
38517113.350	3374983.023	2.873
38517113.023	3374983.111	2.874
38517112.773	3374983.177	2.874
38517112.533	3374983.243	2.875
38517111.871	3374983.419	2.876
38517111.631	3374983.486	2.876
38517111.381	3374983.552	2.877
38517111.131	3374983.618	2.877
38517110.228	3374983.849	2.879
38517109.575	3374984.026	2.880
38517109.076	3374984.147	2.881
38517108.749	3374984.235	2.882
38517108.010	3374984.422	2.882
38517107.683	3374984.510	2.882
38517107.433	3374984.565	2.882
38517107.107	3374984.654	2.881
38517106.694	3374984.764	2.881
38517106.444	3374984.819	2.881
38517106.118	3374984.907	2.881
38517105.791	3374984.995	2.881
38517105.292	3374985.116	2.882
38517104.965	3374985.204	2.882
38517104.312	3374985.370	2.881
38517103.736	3374985.524	2.881
38517103.486	3374985.590	2.881
38517103.083	3374985.689	2.881
38517102.670	3374985.799	2.882
38517102.266	3374985.899	2.882
38517101.527	3374986.097	2.882
38517101.200	3374986.174	2.882
38517100.470	3374986.361	2.882
38517099.654	3374986.571	2.882
38517099.327	3374986.659	2.882
38517098.838	3374986.780	2.882
38517098.597	3374986.846	2.882
38517098.271	3374986.923	2.882
38517097.781	3374987.056	2.882
38517097.378	3374987.155	2.882
38517097.128	3374987.221	2.882
38517096.801	3374987.309	2.882
38517096.475	3374987.386	2.882
38517095.985	3374987.518	2.882
38517095.745	3374987.573	2.882
38517095.495	3374987.640	2.882
38517095.255	3374987.706	2.882
38517094.756	3374987.827	2.882
38517094.266	3374987.959	2.882
38517093.853	3374988.069	2.882
38517093.603	3374988.124	2.882
38517093.017	3374988.279	2.881
38517092.681	3374988.367	2.881
38517092.355	3374988.444	2.881
38517091.932	3374988.554	2.882
38517091.596	3374988.642	2.882
38517091.260	3374988.730	2.882
38517090.674	3374988.874	2.881
38517090.002	3374989.050	2.881
38517089.742	3374989.116	2.881
38517089.493	3374989.182	2.881
38517087.879	3374989.601	2.881
38517087.620	3374989.667	2.881
38517087.360	3374989.733	2.881
38517086.506	3374989.953	2.881
38517085.391	3374990.240	2.880
38517084.181	3374990.548	2.880
38517083.922	3374990.615	2.880
38517083.663	3374990.681	2.880
38517083.317	3374990.769	2.880
38517083.058	3374990.835	2.880
38517082.539	3374990.978	2.879
38517081.761	3374991.177	2.879
38517080.897	3374991.397	2.878
38517080.378	3374991.540	2.878
38517080.119	3374991.606	2.877
38517079.763	3374991.694	2.877
38517079.418	3374991.783	2.877
38517079.158	3374991.860	2.877
38517078.294	3374992.080	2.875
38517077.938	3374992.179	2.875
38517077.074	3374992.411	2.874
38517076.200	3374992.631	2.874
38517075.854	3374992.730	2.873
38517075.422	3374992.841	2.873
38517074.980	3374992.962	2.872
38517074.106	3374993.193	2.871
38517073.847	3374993.259	2.871
38517073.415	3374993.381	2.871
38517071.926	3374993.777	2.869
38517071.667	3374993.855	2.869
38517071.407	3374993.921	2.869
38517071.052	3374994.009	2.869
38517070.265	3374994.229	2.869
38517070.005	3374994.295	2.868
38517069.746	3374994.373	2.868
38517069.218	3374994.516	2.868
38517068.958	3374994.582	2.868
38517068.613	3374994.681	2.868
38517067.998	3374994.847	2.868
38517067.739	3374994.913	2.868
38517067.306	3374995.034	2.867
38517067.037	3374995.100	2.867
38517066.605	3374995.221	2.867
38517066.087	3374995.365	2.867
38517065.731	3374995.464	2.867
38517065.385	3374995.552	2.867
38517065.126	3374995.629	2.867
38517064.684	3374995.739	2.867
38517064.339	3374995.839	2.867
38517063.906	3374995.960	2.867
38517063.474	3374996.070	2.867
38517063.119	3374996.169	2.867
38517062.600	3374996.313	2.868
38517062.254	3374996.412	2.868
38517061.899	3374996.500	2.868
38517061.380	3374996.643	2.868
38517061.035	3374996.742	2.868
38517060.689	3374996.831	2.868
38517060.161	3374996.974	2.868
38517059.383	3374997.194	2.868
38517059.114	3374997.260	2.869
38517058.595	3374997.404	2.869
38517058.249	3374997.492	2.869
38517057.903	3374997.591	2.869
38517057.462	3374997.701	2.869
38517057.202	3374997.778	2.869
38517056.943	3374997.845	2.869
38517056.684	3374997.922	2.869
38517056.338	3374998.010	2.869
38517055.992	3374998.109	2.870
38517055.637	3374998.197	2.870
38517055.205	3374998.319	2.870
38517054.945	3374998.396	2.870
38517054.686	3374998.462	2.870
38517054.427	3374998.528	2.870
38517053.908	3374998.671	2.870
38517053.649	3374998.748	2.870
38517052.948	3374998.936	2.871
38517052.688	3374999.002	2.871
38517052.170	3374999.145	2.871
38517051.641	3374999.289	2.871
38517051.382	3374999.355	2.871
38517050.950	3374999.476	2.871
38517050.690	3374999.542	2.871
38517050.422	3374999.608	2.871
38517049.557	3374999.840	2.871
38517049.298	3374999.917	2.872
38517048.337	3375000.170	2.872
38517047.982	3375000.269	2.872
38517047.377	3375000.424	2.872
38517046.849	3375000.567	2.872
38517046.503	3375000.666	2.872
38517046.234	3375000.732	2.872
38517045.533	3375000.920	2.872
38517045.274	3375000.986	2.872
38517044.659	3375001.151	2.872
38517044.303	3375001.250	2.872
38517042.805	3375001.647	2.871
38517042.536	3375001.724	2.871
38517042.277	3375001.790	2.871
38517042.008	3375001.868	2.871
38517041.739	3375001.934	2.871
38517041.211	3375002.077	2.870
38517040.855	3375002.176	2.870
38517040.587	3375002.242	2.870
38517040.145	3375002.363	2.869
38517039.703	3375002.485	2.869
38517038.992	3375002.672	2.869
38517038.550	3375002.793	2.868
38517038.281	3375002.871	2.868
38517037.830	3375002.992	2.867
38517037.571	3375003.058	2.867
38517037.206	3375003.157	2.867
38517036.937	3375003.234	2.867
38517036.678	3375003.311	2.867
38517036.140	3375003.455	2.867
38517035.871	3375003.521	2.866
38517034.881	3375003.796	2.865
38517034.526	3375003.896	2.865
38517034.257	3375003.973	2.865
38517033.892	3375004.072	2.864
38517033.623	3375004.138	2.864
38517033.268	3375004.237	2.863
38517032.461	3375004.469	2.863
38517032.192	3375004.535	2.862
38517031.827	3375004.634	2.862
38517031.107	3375004.844	2.861
38517030.751	3375004.943	2.861
38517030.118	3375005.119	2.861
38517029.849	3375005.185	2.860
38517029.215	3375005.362	2.860
38517028.408	3375005.593	2.859
38517027.688	3375005.792	2.858
38517027.419	3375005.869	2.858
38517027.150	3375005.946	2.858
38517026.612	3375006.100	2.858
38517025.632	3375006.376	2.858
38517025.363	3375006.453	2.857
38517025.094	3375006.530	2.857
38517024.643	3375006.663	2.857
38517024.374	3375006.740	2.857
38517023.836	3375006.894	2.857
38517023.394	3375007.016	2.856
38517023.125	3375007.093	2.856
38517022.588	3375007.247	2.856
38517022.319	3375007.324	2.856
38517021.781	3375007.479	2.857
38517021.329	3375007.611	2.857
38517021.060	3375007.688	2.858
38517020.791	3375007.765	2.858
38517020.244	3375007.909	2.860
38517019.889	3375008.019	2.860
38517019.437	3375008.140	2.860
38517019.082	3375008.239	2.860
38517018.534	3375008.394	2.861
38517017.910	3375008.570	2.862
38517017.363	3375008.724	2.863
38517017.007	3375008.824	2.863
38517016.738	3375008.901	2.863
38517016.373	3375009.000	2.865
38517016.018	3375009.099	2.865
38517015.739	3375009.176	2.865
38517015.470	3375009.254	2.865
38517015.115	3375009.353	2.866
38517014.837	3375009.419	2.867
38517014.385	3375009.551	2.868
38517013.578	3375009.772	2.869
38517013.300	3375009.849	2.869
38517013.031	3375009.915	2.869
38517012.666	3375010.014	2.869
38517012.215	3375010.135	2.870
38517011.946	3375010.213	2.871
38517011.485	3375010.334	2.872
38517010.217	3375010.675	2.872
38517009.852	3375010.775	2.872
38517009.487	3375010.863	2.872
38517008.757	3375011.061	2.872
38517008.209	3375011.204	2.872
38517007.931	3375011.282	2.872
38517007.662	3375011.359	2.872
38517007.297	3375011.458	2.871
38517006.922	3375011.557	2.871
38517006.557	3375011.656	2.871
38517006.010	3375011.800	2.871
38517005.088	3375012.053	2.871
38517004.541	3375012.196	2.871
38517003.715	3375012.428	2.871
38517003.157	3375012.571	2.871
38517002.889	3375012.648	2.871
38517002.610	3375012.726	2.871
38517002.149	3375012.847	2.870
38517001.870	3375012.924	2.870
38517001.496	3375013.023	2.870
38517001.035	3375013.144	2.870
38517000.478	3375013.299	2.870
38517000.199	3375013.376	2.869
38516999.738	3375013.497	2.869
38516999.268	3375013.618	2.869
38516998.903	3375013.729	2.869
38516998.528	3375013.828	2.869
38516997.779	3375014.026	2.868
38516997.404	3375014.125	2.868
38516997.126	3375014.202	2.868
38516996.271	3375014.434	2.868
38516995.993	3375014.511	2.868
38516995.714	3375014.588	2.868
38516995.147	3375014.743	2.868
38516994.859	3375014.820	2.868
38516994.571	3375014.897	2.868
38516994.197	3375014.996	2.868
38516993.726	3375015.128	2.868
38516993.150	3375015.283	2.868
38516992.871	3375015.360	2.867
38516991.815	3375015.646	2.867
38516991.440	3375015.746	2.867
38516991.152	3375015.823	2.867
38516990.768	3375015.933	2.867
38516990.384	3375016.032	2.867
38516989.903	3375016.164	2.867
38516989.615	3375016.253	2.867
38516989.327	3375016.330	2.867
38516989.039	3375016.407	2.867
38516988.271	3375016.616	2.867
38516987.406	3375016.859	2.867
38516987.022	3375016.958	2.867
38516986.532	3375017.090	2.866
38516986.244	3375017.168	2.866
38516985.764	3375017.300	2.866
38516985.274	3375017.432	2.867
38516984.986	3375017.520	2.867
38516983.824	3375017.840	2.866
38516983.526	3375017.917	2.866
38516983.142	3375018.027	2.866
38516982.748	3375018.127	2.866
38516982.450	3375018.215	2.866
38516982.066	3375018.314	2.866
38516981.864	3375018.369	2.866
38516981.374	3375018.512	2.866
38516981.086	3375018.590	2.866
38516980.500	3375018.755	2.866
38516980.203	3375018.832	2.866
38516979.511	3375019.019	2.867
38516979.213	3375019.108	2.867
38516978.925	3375019.185	2.867
38516978.628	3375019.262	2.868
38516978.330	3375019.350	2.868
38516977.244	3375019.648	2.870
38516976.745	3375019.780	2.871
38516975.957	3375019.989	2.872
38516975.468	3375020.122	2.873
38516975.064	3375020.232	2.873
38516974.776	3375020.309	2.873
38516974.574	3375020.364	2.874
38516974.277	3375020.441	2.874
38516974.075	3375020.497	2.875
38516973.681	3375020.596	2.875
38516972.894	3375020.805	2.875
38516972.596	3375020.882	2.875
38516972.097	3375021.014	2.876
38516971.799	3375021.092	2.876
38516971.501	3375021.180	2.876
38516971.011	3375021.301	2.876
38516970.713	3375021.389	2.876
38516970.310	3375021.488	2.876
38516970.022	3375021.566	2.876
38516969.820	3375021.621	2.876
38516969.523	3375021.698	2.876
38516969.321	3375021.753	2.876
38516968.629	3375021.929	2.877
38516968.332	3375022.017	2.877
38516968.043	3375022.095	2.877
38516967.640	3375022.194	2.877
38516967.342	3375022.271	2.876
38516967.054	3375022.348	2.876
38516966.756	3375022.425	2.876
38516966.555	3375022.480	2.876
38516965.566	3375022.745	2.877
38516964.682	3375022.976	2.877
38516964.192	3375023.108	2.877
38516963.990	3375023.164	2.877
38516963.693	3375023.241	2.877
38516963.299	3375023.340	2.877
38516962.905	3375023.450	2.877
38516962.617	3375023.527	2.877
38516962.319	3375023.604	2.877
38516961.733	3375023.759	2.877
38516960.946	3375023.968	2.877
38516959.668	3375024.299	2.876
38516958.977	3375024.486	2.876
38516958.103	3375024.718	2.876
38516957.613	3375024.839	2.877
38516957.411	3375024.894	2.877
38516957.123	3375024.971	2.877
38516955.952	3375025.280	2.877
38516955.663	3375025.357	2.876
38516955.078	3375025.511	2.876
38516954.876	3375025.566	2.876
38516954.098	3375025.764	2.876
38516953.810	3375025.842	2.876
38516953.522	3375025.919	2.876
38516952.840	3375026.095	2.876
38516952.552	3375026.172	2.876
38516952.350	3375026.227	2.876
38516952.062	3375026.304	2.876
38516951.092	3375026.558	2.876
38516950.804	3375026.635	2.876
38516950.131	3375026.811	2.876
38516949.747	3375026.911	2.875
38516949.363	3375027.021	2.875
38516948.787	3375027.175	2.875
38516948.403	3375027.274	2.875
38516948.114	3375027.351	2.875
38516947.826	3375027.418	2.875
38516947.538	3375027.495	2.875
38516947.250	3375027.572	2.874
38516946.962	3375027.649	2.874
38516946.299	3375027.825	2.874
38516945.915	3375027.925	2.874
38516945.531	3375028.035	2.874
38516945.147	3375028.134	2.874
38516944.676	3375028.255	2.873
38516944.388	3375028.332	2.873
38516944.004	3375028.431	2.873
38516943.620	3375028.531	2.872
38516943.053	3375028.685	2.872
38516941.910	3375028.994	2.871
38516941.238	3375029.170	2.871
38516940.959	3375029.247	2.871
38516940.575	3375029.346	2.871
38516940.191	3375029.457	2.871
38516939.250	3375029.710	2.871
38516938.865	3375029.809	2.871
38516938.491	3375029.908	2.871
38516938.107	3375030.019	2.870
38516937.540	3375030.173	2.870
38516937.261	3375030.250	2.870
38516936.973	3375030.316	2.870
38516936.695	3375030.393	2.870
38516936.224	3375030.526	2.870
38516935.187	3375030.801	2.869
38516934.726	3375030.934	2.869
38516934.255	3375031.066	2.869
38516933.035	3375031.397	2.869
38516932.574	3375031.518	2.868
38516932.008	3375031.672	2.868
38516931.172	3375031.904	2.868
38516929.876	3375032.256	2.868
38516929.511	3375032.356	2.867
38516929.136	3375032.455	2.867
38516928.771	3375032.554	2.867
38516928.406	3375032.653	2.867
38516928.128	3375032.730	2.866
38516927.849	3375032.807	2.866
38516927.033	3375033.028	2.866
38516926.754	3375033.105	2.866
38516926.476	3375033.182	2.866
38516926.111	3375033.281	2.866
38516925.746	3375033.381	2.866
38516925.381	3375033.480	2.865
38516924.113	3375033.833	2.865
38516923.661	3375033.954	2.865
38516923.296	3375034.053	2.865
38516922.845	3375034.174	2.865
38516921.308	3375034.604	2.864
38516920.953	3375034.703	2.864
38516920.502	3375034.825	2.864
38516920.146	3375034.924	2.864
38516919.522	3375035.100	2.863
38516919.253	3375035.178	2.863
38516918.264	3375035.442	2.862
38516917.908	3375035.541	2.862
38516917.553	3375035.640	2.862
38516917.294	3375035.718	2.861
38516916.756	3375035.861	2.861
38516916.314	3375035.982	2.861
38516915.699	3375036.159	2.861
38516915.430	3375036.236	2.861
38516915.085	3375036.335	2.861
38516914.816	3375036.412	2.861
38516914.556	3375036.478	2.861
38516913.942	3375036.655	2.861
38516913.673	3375036.732	2.861
38516912.972	3375036.930	2.860
38516912.184	3375037.151	2.860
38516911.838	3375037.250	2.860
38516911.406	3375037.371	2.860
38516911.051	3375037.460	2.860
38516910.359	3375037.658	2.861
38516909.581	3375037.879	2.862
38516908.890	3375038.066	2.862
38516908.025	3375038.308	2.862
38516907.257	3375038.518	2.862
38516906.998	3375038.595	2.863
38516906.738	3375038.661	2.863
38516906.229	3375038.805	2.864
38516905.970	3375038.882	2.864
38516905.720	3375038.948	2.864
38516905.201	3375039.091	2.865
38516904.692	3375039.235	2.865
38516904.443	3375039.301	2.865
38516904.020	3375039.422	2.865
38516903.598	3375039.532	2.866
38516903.175	3375039.653	2.867
38516902.839	3375039.742	2.867
38516902.493	3375039.841	2.868
38516902.157	3375039.929	2.869
38516901.235	3375040.183	2.870
38516900.399	3375040.403	2.873
38516900.150	3375040.469	2.873
38516899.900	3375040.546	2.874
38516898.738	3375040.855	2.876
38516898.152	3375041.009	2.878
38516897.739	3375041.108	2.878
38516897.489	3375041.174	2.878
38516896.990	3375041.307	2.880
38516896.750	3375041.373	2.880
38516896.000	3375041.560	2.881
38516894.934	3375041.847	2.882
38516894.041	3375042.067	2.883
38516893.801	3375042.133	2.883
38516893.551	3375042.199	2.883
38516893.148	3375042.298	2.883
38516892.178	3375042.552	2.882
38516891.448	3375042.739	2.882
38516890.805	3375042.905	2.882
38516890.564	3375042.960	2.882
38516890.247	3375043.048	2.882
38516889.921	3375043.125	2.882
38516889.518	3375043.235	2.882
38516889.277	3375043.301	2.882
38516888.711	3375043.445	2.882
38516888.307	3375043.544	2.882
38516887.904	3375043.654	2.882
38516887.664	3375043.709	2.882
38516887.174	3375043.841	2.882
38516886.607	3375043.984	2.881
38516886.041	3375044.128	2.881
38516885.714	3375044.216	2.881
38516885.388	3375044.304	2.881
38516884.975	3375044.403	2.881
38516884.725	3375044.469	2.880
38516884.158	3375044.624	2.880
38516883.659	3375044.745	2.880
38516883.256	3375044.855	2.880
38516883.006	3375044.921	2.880
38516882.593	3375045.020	2.880
38516881.440	3375045.318	2.879
38516880.855	3375045.472	2.879
38516880.528	3375045.560	2.878
38516879.942	3375045.715	2.878
38516879.529	3375045.814	2.877
38516879.279	3375045.880	2.877
38516878.953	3375045.968	2.877
38516878.703	3375046.034	2.877
38516878.367	3375046.122	2.876
38516877.214	3375046.431	2.875
38516876.052	3375046.740	2.873
38516875.803	3375046.806	2.873
38516875.553	3375046.872	2.872
38516875.054	3375047.004	2.872
38516874.727	3375047.092	2.872
38516874.314	3375047.202	2.871
38516873.565	3375047.412	2.871
38516873.325	3375047.478	2.870
38516873.075	3375047.544	2.870
38516872.412	3375047.721	2.869
38516872.086	3375047.809	2.869
38516871.586	3375047.941	2.868
38516871.260	3375048.040	2.868
38516870.683	3375048.195	2.867
38516870.184	3375048.327	2.867
38516869.771	3375048.437	2.866
38516869.444	3375048.536	2.866
38516869.195	3375048.602	2.866
38516868.955	3375048.669	2.865
38516868.455	3375048.801	2.865
38516867.965	3375048.933	2.865
38516867.139	3375049.165	2.865
38516866.409	3375049.363	2.865
38516865.593	3375049.583	2.865
38516865.343	3375049.650	2.865
38516864.854	3375049.793	2.866
38516864.613	3375049.859	2.866
38516864.124	3375049.991	2.866
38516863.720	3375050.102	2.866
38516863.394	3375050.190	2.866
38516862.500	3375050.432	2.867
38516862.174	3375050.532	2.867
38516861.694	3375050.653	2.868
38516861.290	3375050.763	2.868
38516861.050	3375050.829	2.868
38516860.484	3375050.983	2.869
38516860.243	3375051.050	2.869
38516860.003	3375051.116	2.869
38516859.763	3375051.182	2.869
38516859.360	3375051.292	2.869
38516859.120	3375051.358	2.869
38516858.803	3375051.435	2.869
38516858.399	3375051.546	2.869
38516858.159	3375051.612	2.869
38516857.919	3375051.678	2.869
38516857.679	3375051.744	2.870
38516856.805	3375051.976	2.869
38516856.008	3375052.196	2.870
38516855.537	3375052.317	2.870
38516854.827	3375052.516	2.871
38516853.953	3375052.747	2.871
38516853.722	3375052.813	2.871
38516853.165	3375052.957	2.871
38516852.934	3375053.023	2.871
38516852.464	3375053.155	2.871
38516852.224	3375053.210	2.871
38516851.907	3375053.298	2.872
38516851.283	3375053.464	2.872
38516851.042	3375053.530	2.872
38516850.812	3375053.596	2.872
38516850.572	3375053.651	2.872
38516850.178	3375053.761	2.872
38516849.947	3375053.827	2.872
38516849.707	3375053.882	2.871
38516849.323	3375053.993	2.871
38516848.228	3375054.290	2.871
38516847.604	3375054.456	2.871
38516847.133	3375054.577	2.871
38516846.903	3375054.643	2.871
38516846.442	3375054.764	2.871
38516846.211	3375054.830	2.870
38516845.664	3375054.974	2.870
38516845.126	3375055.117	2.870
38516844.588	3375055.271	2.870
38516844.050	3375055.415	2.870
38516843.589	3375055.536	2.869
38516843.282	3375055.624	2.869
38516842.975	3375055.701	2.869
38516842.600	3375055.811	2.869
38516842.293	3375055.889	2.869
38516842.072	3375055.955	2.869
38516841.841	3375056.010	2.869
38516841.467	3375056.120	2.869
38516840.564	3375056.363	2.869
38516840.113	3375056.484	2.869
38516839.748	3375056.583	2.868
38516839.306	3375056.704	2.868
38516838.710	3375056.870	2.868
38516838.489	3375056.925	2.868
38516838.269	3375056.980	2.868
38516838.057	3375057.046	2.868
38516837.759	3375057.123	2.868
38516837.327	3375057.244	2.867
38516836.895	3375057.366	2.867
38516836.607	3375057.443	2.867
38516836.242	3375057.542	2.867
38516836.031	3375057.597	2.867
38516835.819	3375057.652	2.867
38516835.531	3375057.729	2.867
38516835.176	3375057.829	2.867
38516834.263	3375058.082	2.867
38516834.052	3375058.137	2.867
38516833.774	3375058.214	2.867
38516833.437	3375058.303	2.867
38516833.024	3375058.413	2.867
38516832.756	3375058.490	2.867
38516832.544	3375058.545	2.866
38516832.343	3375058.600	2.866
38516832.016	3375058.700	2.866
38516831.814	3375058.755	2.866
38516831.545	3375058.821	2.866
38516831.219	3375058.909	2.866
38516830.767	3375059.041	2.866
38516830.191	3375059.196	2.866
38516829.941	3375059.262	2.866
38516829.567	3375059.372	2.866
38516829.317	3375059.438	2.865
38516829.077	3375059.504	2.865
38516828.827	3375059.570	2.865
38516828.587	3375059.637	2.865
38516828.222	3375059.736	2.864
38516827.992	3375059.802	2.865
38516827.223	3375060.011	2.864
38516826.935	3375060.088	2.864
38516826.657	3375060.166	2.864
38516826.090	3375060.320	2.864
38516825.427	3375060.507	2.864
38516825.053	3375060.607	2.864
38516824.573	3375060.739	2.864
38516824.304	3375060.816	2.864
38516824.092	3375060.871	2.864
38516823.727	3375060.970	2.863
38516823.314	3375061.092	2.863
38516823.055	3375061.158	2.863
38516822.853	3375061.213	2.863
38516822.594	3375061.290	2.863
38516822.344	3375061.356	2.863
38516822.037	3375061.444	2.863
38516821.643	3375061.555	2.863
