38516803.495	3375063.688	-0.282
38516803.697	3375063.633	-0.280
38516803.899	3375063.578	-0.277
38516804.100	3375063.523	-0.273
38516804.302	3375063.468	-0.268
38516804.504	3375063.413	-0.264
38516804.705	3375063.358	-0.258
38516804.907	3375063.314	-0.252
38516805.109	3375063.259	-0.247
38516805.320	3375063.203	-0.240
38516805.522	3375063.159	-0.234
38516805.752	3375063.104	-0.227
38516805.963	3375063.060	-0.221
38516806.184	3375063.016	-0.212
38516806.396	3375062.961	-0.205
38516806.597	3375062.928	-0.199
38516806.828	3375062.884	-0.194
38516807.068	3375062.829	-0.187
38516807.269	3375062.796	-0.182
38516807.471	3375062.763	-0.179
38516807.673	3375062.730	-0.174
38516807.894	3375062.686	-0.169
38516808.105	3375062.653	-0.166
38516808.307	3375062.620	-0.163
38516808.537	3375062.588	-0.160
38516808.739	3375062.555	-0.157
38516808.950	3375062.522	-0.155
38516809.161	3375062.489	-0.153
38516809.411	3375062.456	-0.151
38516809.632	3375062.423	-0.149
38516809.853	3375062.390	-0.147
38516810.083	3375062.357	-0.145
38516810.285	3375062.324	-0.144
38516810.515	3375062.291	-0.142
38516810.755	3375062.258	-0.140
38516810.957	3375062.237	-0.139
38516811.207	3375062.204	-0.137
38516811.418	3375062.171	-0.135
38516811.629	3375062.149	-0.134
38516811.831	3375062.116	-0.134
38516812.042	3375062.094	-0.133
38516812.253	3375062.061	-0.133
38516812.464	3375062.039	-0.132
38516812.676	3375062.018	-0.131
38516812.887	3375061.985	-0.130
38516813.098	3375061.963	-0.130
38516813.357	3375061.930	-0.130
38516813.578	3375061.897	-0.131
38516813.838	3375061.864	-0.131
38516814.049	3375061.842	-0.131
38516814.270	3375061.809	-0.131
38516814.491	3375061.788	-0.131
38516814.711	3375061.766	-0.132
38516814.932	3375061.733	-0.133
38516815.153	3375061.711	-0.134
38516815.384	3375061.678	-0.134
38516815.604	3375061.656	-0.134
38516815.835	3375061.623	-0.134
38516816.056	3375061.590	-0.134
38516816.286	3375061.569	-0.135
38516816.517	3375061.536	-0.135
38516816.747	3375061.503	-0.136
38516816.977	3375061.481	-0.136
38516817.218	3375061.448	-0.137
38516817.448	3375061.415	-0.137
38516817.688	3375061.393	-0.138
38516817.928	3375061.361	-0.138
38516818.159	3375061.328	-0.139
38516818.399	3375061.295	-0.140
38516818.639	3375061.262	-0.142
38516818.888	3375061.240	-0.142
38516819.176	3375061.196	-0.143
38516819.426	3375061.163	-0.145
38516819.666	3375061.130	-0.148
38516819.868	3375061.109	-0.149
38516820.069	3375061.076	-0.151
38516820.319	3375061.043	-0.153
38516820.569	3375061.010	-0.154
38516820.818	3375060.977	-0.156
38516821.116	3375060.933	-0.157
38516821.327	3375060.900	-0.160
38516821.577	3375060.856	-0.162
38516821.779	3375060.834	-0.164
38516821.990	3375060.801	-0.165
38516822.192	3375060.768	-0.167
38516822.403	3375060.736	-0.168
38516822.605	3375060.703	-0.170
38516822.816	3375060.670	-0.172
38516823.027	3375060.637	-0.174
38516823.238	3375060.604	-0.175
38516823.440	3375060.571	-0.177
38516823.651	3375060.527	-0.179
38516823.862	3375060.494	-0.181
38516824.131	3375060.450	-0.183
38516824.391	3375060.406	-0.185
38516824.602	3375060.373	-0.188
38516824.823	3375060.329	-0.190
38516825.034	3375060.296	-0.192
38516825.245	3375060.252	-0.194
38516825.466	3375060.219	-0.195
38516825.677	3375060.175	-0.197
38516825.889	3375060.142	-0.198
38516826.110	3375060.098	-0.200
38516826.321	3375060.054	-0.201
38516826.542	3375060.010	-0.202
38516826.763	3375059.977	-0.202
38516826.983	3375059.933	-0.202
38516827.195	3375059.889	-0.203
38516827.416	3375059.845	-0.204
38516827.637	3375059.801	-0.205
38516827.857	3375059.768	-0.205
38516828.078	3375059.724	-0.206
38516828.299	3375059.680	-0.206
38516828.520	3375059.636	-0.206
38516828.750	3375059.592	-0.206
38516828.971	3375059.548	-0.207
38516829.192	3375059.504	-0.208
38516829.423	3375059.460	-0.208
38516829.644	3375059.416	-0.208
38516829.932	3375059.361	-0.208
38516830.153	3375059.317	-0.208
38516830.383	3375059.273	-0.208
38516830.662	3375059.207	-0.209
38516830.892	3375059.163	-0.210
38516831.123	3375059.119	-0.210
38516831.353	3375059.075	-0.210
38516831.583	3375059.031	-0.210
38516831.814	3375058.976	-0.210
38516832.044	3375058.932	-0.211
38516832.275	3375058.888	-0.212
38516832.505	3375058.844	-0.212
38516832.784	3375058.778	-0.213
38516833.014	3375058.734	-0.213
38516833.303	3375058.668	-0.214
38516833.533	3375058.624	-0.215
38516833.763	3375058.580	-0.216
38516833.994	3375058.525	-0.217
38516834.224	3375058.481	-0.218
38516834.455	3375058.437	-0.219
38516834.685	3375058.382	-0.219
38516834.906	3375058.338	-0.220
38516835.137	3375058.283	-0.221
38516835.367	3375058.239	-0.222
38516835.598	3375058.184	-0.223
38516835.838	3375058.140	-0.224
38516836.126	3375058.074	-0.225
38516836.356	3375058.030	-0.225
38516836.587	3375057.975	-0.226
38516836.817	3375057.931	-0.228
38516837.057	3375057.876	-0.229
38516837.288	3375057.821	-0.230
38516837.576	3375057.755	-0.231
38516837.816	3375057.711	-0.231
38516838.047	3375057.656	-0.232
38516838.287	3375057.601	-0.234
38516838.517	3375057.546	-0.235
38516838.757	3375057.491	-0.236
38516839.045	3375057.424	-0.238
38516839.286	3375057.369	-0.239
38516839.516	3375057.314	-0.241
38516839.756	3375057.259	-0.242
38516840.054	3375057.193	-0.244
38516840.284	3375057.138	-0.245
38516840.524	3375057.072	-0.247
38516840.765	3375057.017	-0.248
38516841.005	3375056.962	-0.250
38516841.235	3375056.907	-0.252
38516841.475	3375056.852	-0.253
38516841.715	3375056.786	-0.255
38516841.955	3375056.731	-0.256
38516842.186	3375056.675	-0.257
38516842.426	3375056.609	-0.259
38516842.666	3375056.554	-0.261
38516842.906	3375056.488	-0.262
38516843.146	3375056.433	-0.264
38516843.386	3375056.367	-0.265
38516843.627	3375056.312	-0.266
38516843.867	3375056.246	-0.268
38516844.097	3375056.180	-0.269
38516844.337	3375056.125	-0.271
38516844.587	3375056.058	-0.272
38516844.827	3375055.992	-0.273
38516845.067	3375055.926	-0.274
38516845.307	3375055.860	-0.274
38516845.547	3375055.794	-0.274
38516845.788	3375055.739	-0.274
38516846.028	3375055.673	-0.274
38516846.268	3375055.606	-0.274
38516846.517	3375055.540	-0.274
38516846.815	3375055.463	-0.274
38516847.065	3375055.397	-0.274
38516847.305	3375055.331	-0.274
38516847.612	3375055.243	-0.274
38516847.853	3375055.177	-0.274
38516848.102	3375055.110	-0.274
38516848.342	3375055.044	-0.274
38516848.592	3375054.978	-0.274
38516848.832	3375054.912	-0.274
38516849.082	3375054.846	-0.274
38516849.332	3375054.780	-0.274
38516849.581	3375054.714	-0.273
38516849.889	3375054.637	-0.273
38516850.138	3375054.570	-0.273
38516850.378	3375054.504	-0.274
38516850.695	3375054.416	-0.274
38516850.945	3375054.350	-0.274
38516851.185	3375054.284	-0.273
38516851.435	3375054.218	-0.274
38516851.685	3375054.152	-0.274
38516851.934	3375054.074	-0.274
38516852.184	3375054.008	-0.274
38516852.434	3375053.942	-0.274
38516852.684	3375053.876	-0.273
38516852.933	3375053.810	-0.273
38516853.193	3375053.744	-0.274
38516853.442	3375053.678	-0.274
38516853.692	3375053.611	-0.274
38516853.942	3375053.534	-0.274
38516854.191	3375053.468	-0.273
38516854.441	3375053.402	-0.273
38516854.691	3375053.336	-0.274
38516854.950	3375053.270	-0.274
38516855.200	3375053.204	-0.274
38516855.450	3375053.137	-0.274
38516855.699	3375053.060	-0.274
38516855.959	3375052.994	-0.274
38516856.208	3375052.928	-0.274
38516856.458	3375052.862	-0.274
38516856.717	3375052.796	-0.274
38516856.967	3375052.719	-0.275
38516857.284	3375052.641	-0.275
38516857.601	3375052.553	-0.275
38516857.851	3375052.487	-0.275
38516858.100	3375052.421	-0.276
38516858.360	3375052.344	-0.275
38516858.609	3375052.278	-0.275
38516858.859	3375052.212	-0.276
38516859.109	3375052.145	-0.276
38516859.368	3375052.079	-0.277
38516859.676	3375051.991	-0.278
38516859.935	3375051.925	-0.278
38516860.185	3375051.848	-0.279
38516860.434	3375051.782	-0.279
38516860.684	3375051.715	-0.280
38516860.934	3375051.649	-0.281
38516861.251	3375051.561	-0.283
38516861.500	3375051.495	-0.284
38516861.750	3375051.418	-0.285
38516862.000	3375051.352	-0.286
38516862.250	3375051.274	-0.287
38516862.499	3375051.208	-0.288
38516862.739	3375051.142	-0.289
38516862.989	3375051.065	-0.290
38516863.239	3375050.999	-0.291
38516863.546	3375050.911	-0.292
38516863.786	3375050.833	-0.293
38516864.151	3375050.734	-0.295
38516864.459	3375050.646	-0.296
38516864.699	3375050.569	-0.297
38516864.948	3375050.503	-0.297
38516865.189	3375050.425	-0.298
38516865.429	3375050.359	-0.299
38516865.669	3375050.282	-0.300
38516865.909	3375050.216	-0.301
38516866.149	3375050.150	-0.302
38516866.389	3375050.073	-0.303
38516866.629	3375050.006	-0.304
38516866.869	3375049.929	-0.305
38516867.100	3375049.863	-0.305
38516867.340	3375049.786	-0.306
38516867.571	3375049.720	-0.306
38516867.811	3375049.642	-0.307
38516868.041	3375049.576	-0.308
38516868.281	3375049.510	-0.308
38516868.512	3375049.433	-0.308
38516868.742	3375049.367	-0.309
38516868.983	3375049.289	-0.309
38516869.213	3375049.223	-0.309
38516869.444	3375049.146	-0.309
38516869.674	3375049.080	-0.309
38516869.905	3375049.003	-0.309
38516870.135	3375048.936	-0.309
38516870.366	3375048.870	-0.309
38516870.596	3375048.793	-0.308
38516870.827	3375048.727	-0.307
38516871.057	3375048.650	-0.306
38516871.288	3375048.584	-0.305
38516871.518	3375048.517	-0.304
38516871.739	3375048.440	-0.303
38516871.970	3375048.374	-0.302
38516872.200	3375048.308	-0.301
38516872.431	3375048.242	-0.300
38516872.652	3375048.175	-0.299
38516872.882	3375048.098	-0.298
38516873.113	3375048.032	-0.298
38516873.334	3375047.966	-0.296
38516873.564	3375047.900	-0.295
38516873.785	3375047.834	-0.294
38516874.015	3375047.767	-0.293
38516874.294	3375047.690	-0.292
38516874.582	3375047.602	-0.291
38516874.803	3375047.536	-0.290
38516875.034	3375047.470	-0.290
38516875.254	3375047.403	-0.289
38516875.475	3375047.348	-0.289
38516875.706	3375047.282	-0.288
38516875.927	3375047.216	-0.288
38516876.205	3375047.139	-0.287
38516876.426	3375047.073	-0.286
38516876.647	3375047.007	-0.285
38516876.926	3375046.929	-0.285
38516877.147	3375046.863	-0.284
38516877.425	3375046.786	-0.284
38516877.646	3375046.731	-0.284
38516877.867	3375046.665	-0.284
38516878.145	3375046.588	-0.283
38516878.357	3375046.532	-0.283
38516878.578	3375046.466	-0.283
38516878.799	3375046.411	-0.283
38516879.010	3375046.345	-0.283
38516879.231	3375046.290	-0.282
38516879.452	3375046.224	-0.282
38516879.663	3375046.169	-0.282
38516879.932	3375046.092	-0.282
38516880.143	3375046.036	-0.282
38516880.364	3375045.970	-0.282
38516880.575	3375045.915	-0.282
38516880.844	3375045.838	-0.281
38516881.056	3375045.772	-0.281
38516881.267	3375045.717	-0.282
38516881.478	3375045.662	-0.282
38516881.690	3375045.595	-0.282
38516881.901	3375045.540	-0.282
38516882.112	3375045.485	-0.282
38516882.323	3375045.419	-0.282
38516882.535	3375045.364	-0.282
38516882.736	3375045.309	-0.282
38516883.005	3375045.232	-0.282
38516883.207	3375045.176	-0.282
38516883.476	3375045.099	-0.282
38516883.678	3375045.044	-0.282
38516883.889	3375044.989	-0.281
38516884.091	3375044.923	-0.281
38516884.302	3375044.868	-0.281
38516884.504	3375044.813	-0.281
38516884.715	3375044.758	-0.281
38516884.917	3375044.691	-0.281
38516885.118	3375044.636	-0.281
38516885.330	3375044.581	-0.280
38516885.579	3375044.504	-0.280
38516885.839	3375044.438	-0.280
38516886.040	3375044.383	-0.281
38516886.242	3375044.328	-0.281
38516886.444	3375044.272	-0.280
38516886.646	3375044.206	-0.280
38516886.857	3375044.151	-0.280
38516887.059	3375044.096	-0.280
38516887.260	3375044.041	-0.280
38516887.462	3375043.986	-0.280
38516887.664	3375043.931	-0.280
38516887.865	3375043.876	-0.280
38516888.067	3375043.820	-0.280
38516888.269	3375043.754	-0.280
38516888.470	3375043.699	-0.280
38516888.672	3375043.644	-0.280
38516888.931	3375043.578	-0.280
38516889.133	3375043.523	-0.280
38516889.335	3375043.468	-0.279
38516889.585	3375043.390	-0.279
38516889.786	3375043.335	-0.279
38516889.988	3375043.280	-0.279
38516890.190	3375043.225	-0.279
38516890.391	3375043.170	-0.279
38516890.641	3375043.104	-0.279
38516890.843	3375043.049	-0.278
38516891.092	3375042.983	-0.278
38516891.390	3375042.894	-0.278
38516891.592	3375042.839	-0.278
38516891.842	3375042.773	-0.278
38516892.082	3375042.707	-0.278
38516892.283	3375042.652	-0.278
38516892.485	3375042.597	-0.278
38516892.773	3375042.520	-0.278
38516892.975	3375042.464	-0.278
38516893.215	3375042.398	-0.278
38516893.417	3375042.343	-0.278
38516893.657	3375042.277	-0.278
38516893.897	3375042.211	-0.278
38516894.147	3375042.145	-0.277
38516894.387	3375042.079	-0.277
38516894.627	3375042.013	-0.277
38516894.867	3375041.946	-0.277
38516895.107	3375041.880	-0.277
38516895.347	3375041.814	-0.277
38516895.587	3375041.748	-0.276
38516895.827	3375041.682	-0.276
38516896.068	3375041.627	-0.275
38516896.298	3375041.561	-0.275
38516896.538	3375041.494	-0.275
38516896.778	3375041.428	-0.276
38516897.009	3375041.362	-0.276
38516897.239	3375041.307	-0.275
38516897.479	3375041.241	-0.275
38516897.710	3375041.175	-0.275
38516897.940	3375041.120	-0.275
38516898.171	3375041.054	-0.275
38516898.401	3375040.987	-0.275
38516898.632	3375040.932	-0.275
38516898.862	3375040.866	-0.275
38516899.093	3375040.800	-0.275
38516899.323	3375040.745	-0.275
38516899.544	3375040.679	-0.276
38516899.823	3375040.602	-0.277
38516900.044	3375040.547	-0.278
38516900.313	3375040.469	-0.278
38516900.534	3375040.403	-0.279
38516900.764	3375040.348	-0.280
38516900.985	3375040.282	-0.281
38516901.206	3375040.227	-0.282
38516901.427	3375040.161	-0.283
38516901.648	3375040.094	-0.283
38516901.869	3375040.039	-0.284
38516902.090	3375039.973	-0.286
38516902.310	3375039.907	-0.287
38516902.531	3375039.852	-0.289
38516902.791	3375039.775	-0.291
38516903.002	3375039.709	-0.292
38516903.223	3375039.653	-0.293
38516903.434	3375039.587	-0.295
38516903.655	3375039.532	-0.297
38516903.866	3375039.466	-0.300
38516904.116	3375039.389	-0.302
38516904.327	3375039.323	-0.304
38516904.587	3375039.245	-0.307
38516904.798	3375039.179	-0.309
38516905.000	3375039.124	-0.312
38516905.211	3375039.058	-0.315
38516905.422	3375038.992	-0.318
38516905.624	3375038.926	-0.320
38516905.835	3375038.859	-0.323
38516906.037	3375038.793	-0.325
38516906.239	3375038.727	-0.328
38516906.450	3375038.661	-0.330
38516906.652	3375038.595	-0.332
38516906.854	3375038.528	-0.335
38516907.055	3375038.451	-0.339
38516907.257	3375038.385	-0.342
38516907.459	3375038.319	-0.345
38516907.660	3375038.252	-0.348
38516907.853	3375038.175	-0.351
38516908.054	3375038.109	-0.355
38516908.256	3375038.032	-0.359
38516908.448	3375037.965	-0.362
38516908.650	3375037.888	-0.366
38516908.842	3375037.822	-0.369
38516909.034	3375037.745	-0.372
38516909.226	3375037.667	-0.376
38516909.428	3375037.601	-0.379
38516909.620	3375037.524	-0.383
38516909.812	3375037.447	-0.386
38516910.004	3375037.369	-0.390
38516910.196	3375037.292	-0.394
38516910.389	3375037.215	-0.397
38516910.581	3375037.137	-0.400
38516910.773	3375037.060	-0.403
38516910.994	3375036.961	-0.407
38516911.186	3375036.883	-0.410
38516911.378	3375036.806	-0.415
38516911.561	3375036.718	-0.418
38516911.791	3375036.618	-0.422
38516911.974	3375036.530	-0.425
38516912.195	3375036.430	-0.428
38516912.387	3375036.342	-0.430
38516912.646	3375036.231	-0.432
38516912.867	3375036.121	-0.434
38516913.050	3375036.033	-0.435
38516913.280	3375035.933	-0.436
38516913.463	3375035.845	-0.435
38516913.645	3375035.756	-0.435
38516913.838	3375035.668	-0.435
38516914.059	3375035.557	-0.433
38516914.251	3375035.469	-0.431
38516914.443	3375035.381	-0.427
38516914.625	3375035.292	-0.423
38516914.818	3375035.215	-0.419
38516915.010	3375035.127	-0.415
38516915.202	3375035.038	-0.411
38516915.394	3375034.961	-0.406
38516915.586	3375034.884	-0.401
38516915.778	3375034.795	-0.394
38516915.970	3375034.718	-0.388
38516916.162	3375034.641	-0.382
38516916.364	3375034.563	-0.376
38516916.556	3375034.486	-0.369
38516916.758	3375034.409	-0.363
38516916.960	3375034.331	-0.356
38516917.152	3375034.254	-0.350
38516917.354	3375034.188	-0.345
38516917.594	3375034.100	-0.336
38516917.834	3375034.011	-0.328
38516918.084	3375033.934	-0.318
38516918.285	3375033.868	-0.312
38516918.487	3375033.802	-0.305
38516918.737	3375033.724	-0.297
38516918.939	3375033.658	-0.290
38516919.150	3375033.603	-0.283
38516919.351	3375033.548	-0.276
38516919.601	3375033.471	-0.268
38516919.813	3375033.416	-0.263
38516920.062	3375033.350	-0.256
38516920.312	3375033.295	-0.247
38516920.523	3375033.239	-0.241
38516920.735	3375033.195	-0.235
38516920.946	3375033.140	-0.230
38516921.157	3375033.096	-0.224
38516921.368	3375033.052	-0.220
38516921.580	3375033.008	-0.215
38516921.791	3375032.953	-0.211
38516922.012	3375032.909	-0.208
38516922.223	3375032.865	-0.205
38516922.434	3375032.832	-0.203
38516922.655	3375032.788	-0.200
38516922.866	3375032.744	-0.198
38516923.087	3375032.700	-0.197
38516923.299	3375032.656	-0.195
38516923.520	3375032.623	-0.194
38516923.731	3375032.579	-0.192
38516923.952	3375032.535	-0.191
38516924.163	3375032.502	-0.190
38516924.374	3375032.458	-0.189
38516924.595	3375032.425	-0.189
38516924.854	3375032.370	-0.188
38516925.066	3375032.337	-0.188
38516925.287	3375032.293	-0.188
38516925.546	3375032.250	-0.189
38516925.757	3375032.217	-0.190
38516925.978	3375032.173	-0.191
38516926.189	3375032.140	-0.192
38516926.410	3375032.096	-0.193
38516926.621	3375032.052	-0.194
38516926.881	3375032.008	-0.196
38516927.092	3375031.964	-0.197
38516927.313	3375031.920	-0.198
38516927.524	3375031.887	-0.200
38516927.745	3375031.843	-0.202
38516927.956	3375031.799	-0.203
38516928.167	3375031.755	-0.204
38516928.388	3375031.711	-0.206
38516928.600	3375031.678	-0.207
38516928.820	3375031.634	-0.209
38516929.032	3375031.590	-0.210
38516929.253	3375031.546	-0.212
38516929.512	3375031.491	-0.213
38516929.733	3375031.447	-0.215
38516929.944	3375031.403	-0.216
38516930.165	3375031.359	-0.217
38516930.386	3375031.315	-0.219
38516930.597	3375031.271	-0.221
38516930.818	3375031.227	-0.223
38516931.039	3375031.172	-0.224
38516931.260	3375031.128	-0.225
38516931.471	3375031.073	-0.226
38516931.740	3375031.018	-0.227
38516931.961	3375030.974	-0.229
38516932.182	3375030.918	-0.230
38516932.393	3375030.874	-0.231
38516932.614	3375030.819	-0.232
38516932.835	3375030.775	-0.232
38516933.056	3375030.720	-0.232
38516933.286	3375030.676	-0.233
38516933.507	3375030.621	-0.233
38516933.728	3375030.577	-0.234
38516933.949	3375030.522	-0.234
38516934.170	3375030.467	-0.234
38516934.391	3375030.423	-0.234
38516934.621	3375030.368	-0.234
38516934.842	3375030.313	-0.234
38516935.063	3375030.269	-0.233
38516935.284	3375030.214	-0.233
38516935.514	3375030.159	-0.232
38516935.735	3375030.115	-0.232
38516935.956	3375030.060	-0.232
38516936.187	3375030.005	-0.231
38516936.407	3375029.961	-0.231
38516936.638	3375029.906	-0.231
38516936.859	3375029.862	-0.231
38516937.089	3375029.806	-0.231
38516937.310	3375029.751	-0.230
38516937.589	3375029.696	-0.230
38516937.810	3375029.641	-0.230
38516938.040	3375029.597	-0.231
38516938.271	3375029.542	-0.231
38516938.491	3375029.487	-0.231
38516938.770	3375029.432	-0.231
38516939.000	3375029.377	-0.232
38516939.221	3375029.322	-0.232
38516939.452	3375029.278	-0.233
38516939.682	3375029.223	-0.234
38516939.961	3375029.157	-0.235
38516940.191	3375029.113	-0.236
38516940.412	3375029.058	-0.238
38516940.643	3375029.003	-0.239
38516940.873	3375028.948	-0.242
38516941.113	3375028.893	-0.244
38516941.344	3375028.838	-0.246
38516941.574	3375028.782	-0.248
38516941.805	3375028.727	-0.250
38516942.035	3375028.672	-0.252
38516942.266	3375028.617	-0.255
38516942.544	3375028.551	-0.258
38516942.775	3375028.485	-0.262
38516943.005	3375028.430	-0.266
38516943.284	3375028.364	-0.271
38516943.514	3375028.298	-0.275
38516943.754	3375028.232	-0.278
38516943.985	3375028.176	-0.282
38516944.215	3375028.110	-0.287
38516944.446	3375028.044	-0.291
38516944.676	3375027.978	-0.295
38516944.907	3375027.912	-0.299
38516945.137	3375027.846	-0.302
38516945.416	3375027.757	-0.307
38516945.647	3375027.691	-0.312
38516945.877	3375027.614	-0.316
38516946.156	3375027.526	-0.321
38516946.386	3375027.460	-0.325
38516946.617	3375027.382	-0.328
38516946.847	3375027.305	-0.332
38516947.078	3375027.228	-0.336
38516947.308	3375027.151	-0.340
38516947.539	3375027.073	-0.344
38516947.817	3375026.974	-0.347
38516948.038	3375026.897	-0.350
38516948.230	3375026.831	-0.352
38516948.461	3375026.742	-0.355
38516948.682	3375026.665	-0.357
38516948.874	3375026.599	-0.358
38516949.095	3375026.510	-0.359
38516949.287	3375026.444	-0.360
38516949.508	3375026.356	-0.361
38516949.700	3375026.290	-0.362
38516949.931	3375026.212	-0.364
38516950.161	3375026.124	-0.365
38516950.382	3375026.036	-0.366
38516950.574	3375025.970	-0.367
38516950.805	3375025.881	-0.368
38516951.035	3375025.793	-0.370
38516951.256	3375025.705	-0.371
38516951.448	3375025.638	-0.372
38516951.679	3375025.550	-0.373
38516951.909	3375025.462	-0.374
38516952.130	3375025.373	-0.374
38516952.323	3375025.307	-0.373
38516952.553	3375025.219	-0.373
38516952.822	3375025.108	-0.372
38516953.014	3375025.042	-0.371
38516953.245	3375024.954	-0.371
38516953.475	3375024.865	-0.371
38516953.706	3375024.777	-0.370
38516953.936	3375024.689	-0.369
38516954.167	3375024.600	-0.369
38516954.436	3375024.501	-0.368
38516954.628	3375024.424	-0.367
38516954.859	3375024.335	-0.367
38516955.137	3375024.236	-0.366
38516955.368	3375024.148	-0.365
38516955.646	3375024.048	-0.364
38516955.838	3375023.971	-0.364
38516956.069	3375023.894	-0.363
38516956.348	3375023.784	-0.363
38516956.540	3375023.717	-0.362
38516956.770	3375023.629	-0.361
38516957.001	3375023.541	-0.361
38516957.241	3375023.463	-0.360
38516957.433	3375023.386	-0.360
38516957.664	3375023.298	-0.360
38516957.856	3375023.232	-0.359
38516958.048	3375023.165	-0.359
38516958.278	3375023.077	-0.358
38516958.470	3375023.011	-0.357
38516958.663	3375022.934	-0.357
38516958.855	3375022.867	-0.356
38516959.047	3375022.801	-0.356
38516959.239	3375022.724	-0.355
38516959.431	3375022.658	-0.353
38516959.623	3375022.591	-0.352
38516959.815	3375022.514	-0.350
38516960.007	3375022.448	-0.349
38516960.209	3375022.382	-0.348
38516960.401	3375022.304	-0.347
38516960.593	3375022.238	-0.345
38516960.795	3375022.172	-0.344
38516960.987	3375022.095	-0.342
38516961.189	3375022.028	-0.340
38516961.391	3375021.962	-0.338
38516961.583	3375021.896	-0.336
38516961.784	3375021.819	-0.335
38516961.986	3375021.752	-0.333
38516962.188	3375021.686	-0.332
38516962.390	3375021.620	-0.331
38516962.591	3375021.554	-0.330
38516962.793	3375021.488	-0.328
38516962.995	3375021.410	-0.326
38516963.196	3375021.344	-0.325
38516963.398	3375021.278	-0.323
38516963.609	3375021.212	-0.322
38516963.811	3375021.146	-0.320
38516964.013	3375021.079	-0.318
38516964.224	3375021.013	-0.316
38516964.426	3375020.947	-0.315
38516964.637	3375020.881	-0.314
38516964.849	3375020.815	-0.312
38516965.050	3375020.748	-0.311
38516965.262	3375020.682	-0.309
38516965.473	3375020.627	-0.307
38516965.684	3375020.561	-0.305
38516965.886	3375020.495	-0.304
38516966.097	3375020.429	-0.303
38516966.308	3375020.362	-0.302
38516966.529	3375020.296	-0.301
38516966.741	3375020.241	-0.299
38516966.952	3375020.175	-0.298
38516967.163	3375020.109	-0.296
38516967.375	3375020.043	-0.294
38516967.596	3375019.987	-0.293
38516967.807	3375019.921	-0.292
38516968.018	3375019.855	-0.291
38516968.239	3375019.800	-0.289
38516968.450	3375019.734	-0.288
38516968.671	3375019.668	-0.286
38516968.892	3375019.602	-0.285
38516969.103	3375019.546	-0.283
38516969.324	3375019.480	-0.282
38516969.593	3375019.403	-0.281
38516969.872	3375019.326	-0.279
38516970.093	3375019.271	-0.278
38516970.314	3375019.205	-0.278
38516970.535	3375019.150	-0.277
38516970.755	3375019.083	-0.276
38516970.976	3375019.028	-0.276
38516971.197	3375018.962	-0.275
38516971.428	3375018.907	-0.275
38516971.649	3375018.841	-0.274
38516971.870	3375018.786	-0.274
38516972.100	3375018.720	-0.274
38516972.379	3375018.642	-0.274
38516972.657	3375018.565	-0.274
38516972.888	3375018.510	-0.274
38516973.109	3375018.444	-0.274
38516973.329	3375018.389	-0.275
38516973.560	3375018.323	-0.275
38516973.781	3375018.268	-0.275
38516974.011	3375018.202	-0.275
38516974.232	3375018.135	-0.276
38516974.463	3375018.080	-0.276
38516974.684	3375018.014	-0.276
38516974.914	3375017.948	-0.276
38516975.193	3375017.871	-0.277
38516975.423	3375017.816	-0.277
38516975.654	3375017.750	-0.278
38516975.875	3375017.683	-0.278
38516976.163	3375017.606	-0.278
38516976.393	3375017.540	-0.278
38516976.614	3375017.485	-0.279
38516976.845	3375017.419	-0.279
38516977.075	3375017.353	-0.280
38516977.306	3375017.287	-0.280
38516977.527	3375017.232	-0.280
38516977.757	3375017.165	-0.281
38516978.045	3375017.077	-0.281
38516978.276	3375017.022	-0.281
38516978.564	3375016.934	-0.282
38516978.785	3375016.868	-0.282
38516979.015	3375016.813	-0.282
38516979.246	3375016.746	-0.281
38516979.476	3375016.680	-0.281
38516979.707	3375016.614	-0.281
38516979.937	3375016.548	-0.281
38516980.168	3375016.482	-0.280
38516980.398	3375016.416	-0.280
38516980.629	3375016.349	-0.280
38516980.860	3375016.283	-0.279
38516981.090	3375016.228	-0.279
38516981.321	3375016.162	-0.279
38516981.551	3375016.096	-0.279
38516981.782	3375016.030	-0.278
38516982.012	3375015.964	-0.278
38516982.243	3375015.897	-0.278
38516982.473	3375015.842	-0.277
38516982.713	3375015.776	-0.277
38516982.944	3375015.710	-0.276
38516983.174	3375015.644	-0.276
38516983.405	3375015.578	-0.275
38516983.635	3375015.512	-0.275
38516983.875	3375015.457	-0.274
38516984.106	3375015.390	-0.273
38516984.336	3375015.324	-0.273
38516984.576	3375015.258	-0.272
38516984.807	3375015.192	-0.272
38516985.037	3375015.137	-0.271
38516985.278	3375015.071	-0.270
38516985.508	3375015.005	-0.269
38516985.748	3375014.938	-0.269
38516985.979	3375014.883	-0.268
38516986.219	3375014.817	-0.268
38516986.449	3375014.751	-0.267
38516986.689	3375014.685	-0.266
38516986.920	3375014.630	-0.265
38516987.160	3375014.564	-0.265
38516987.400	3375014.498	-0.264
38516987.631	3375014.431	-0.263
38516987.871	3375014.376	-0.263
38516988.111	3375014.310	-0.262
38516988.341	3375014.244	-0.262
38516988.639	3375014.167	-0.261
38516988.937	3375014.090	-0.261
38516989.177	3375014.035	-0.261
38516989.417	3375013.969	-0.260
38516989.648	3375013.902	-0.260
38516989.888	3375013.847	-0.259
38516990.128	3375013.781	-0.259
38516990.358	3375013.726	-0.259
38516990.598	3375013.660	-0.259
38516990.839	3375013.605	-0.259
38516991.069	3375013.539	-0.258
38516991.309	3375013.473	-0.258
38516991.540	3375013.418	-0.258
38516991.780	3375013.352	-0.258
38516992.010	3375013.296	-0.258
38516992.308	3375013.219	-0.258
38516992.539	3375013.164	-0.257
38516992.779	3375013.098	-0.257
38516993.019	3375013.043	-0.257
38516993.249	3375012.977	-0.257
38516993.480	3375012.922	-0.257
38516993.720	3375012.867	-0.256
38516993.950	3375012.801	-0.256
38516994.190	3375012.746	-0.256
38516994.421	3375012.690	-0.256
38516994.661	3375012.624	-0.255
38516994.892	3375012.569	-0.256
38516995.189	3375012.492	-0.256
38516995.420	3375012.437	-0.255
38516995.650	3375012.382	-0.255
38516995.890	3375012.316	-0.255
38516996.121	3375012.261	-0.255
38516996.351	3375012.206	-0.255
38516996.591	3375012.151	-0.254
38516996.822	3375012.085	-0.254
38516997.052	3375012.029	-0.254
38516997.283	3375011.974	-0.254
38516997.571	3375011.897	-0.254
38516997.811	3375011.842	-0.254
38516998.042	3375011.776	-0.254
38516998.330	3375011.710	-0.255
38516998.560	3375011.655	-0.255
38516998.791	3375011.589	-0.255
38516999.021	3375011.534	-0.255
38516999.252	3375011.479	-0.255
38516999.482	3375011.424	-0.256
38516999.713	3375011.357	-0.256
38516999.943	3375011.302	-0.256
38517000.174	3375011.247	-0.256
38517000.404	3375011.181	-0.256
38517000.692	3375011.115	-0.256
38517000.923	3375011.060	-0.256
38517001.153	3375011.005	-0.257
38517001.384	3375010.939	-0.257
38517001.662	3375010.873	-0.257
38517001.893	3375010.806	-0.257
38517002.124	3375010.751	-0.257
38517002.354	3375010.696	-0.258
38517002.584	3375010.641	-0.258
38517002.805	3375010.586	-0.259
38517003.036	3375010.520	-0.259
38517003.266	3375010.465	-0.259
38517003.497	3375010.410	-0.259
38517003.718	3375010.344	-0.259
38517003.948	3375010.289	-0.260
38517004.179	3375010.234	-0.260
38517004.457	3375010.156	-0.260
38517004.688	3375010.101	-0.260
38517004.918	3375010.035	-0.260
38517005.197	3375009.969	-0.260
38517005.427	3375009.903	-0.261
38517005.658	3375009.848	-0.261
38517005.879	3375009.793	-0.261
38517006.109	3375009.727	-0.261
38517006.330	3375009.672	-0.261
38517006.561	3375009.617	-0.261
38517006.791	3375009.550	-0.261
38517007.070	3375009.484	-0.262
38517007.300	3375009.418	-0.262
38517007.521	3375009.363	-0.262
38517007.752	3375009.308	-0.262
38517007.973	3375009.242	-0.262
38517008.203	3375009.187	-0.262
38517008.424	3375009.132	-0.263
38517008.702	3375009.054	-0.263
38517008.933	3375008.999	-0.263
38517009.154	3375008.933	-0.263
38517009.375	3375008.878	-0.263
38517009.605	3375008.823	-0.264
38517009.826	3375008.768	-0.264
38517010.047	3375008.702	-0.264
38517010.278	3375008.647	-0.264
38517010.498	3375008.592	-0.264
38517010.719	3375008.526	-0.264
38517010.940	3375008.470	-0.264
38517011.171	3375008.404	-0.264
38517011.392	3375008.349	-0.265
38517011.613	3375008.294	-0.265
38517011.833	3375008.228	-0.265
38517012.054	3375008.173	-0.265
38517012.275	3375008.118	-0.265
38517012.496	3375008.063	-0.265
38517012.717	3375007.997	-0.265
38517012.938	3375007.941	-0.265
38517013.217	3375007.864	-0.265
38517013.437	3375007.809	-0.265
38517013.649	3375007.754	-0.265
38517013.870	3375007.699	-0.265
38517014.091	3375007.633	-0.265
38517014.311	3375007.578	-0.265
38517014.532	3375007.523	-0.265
38517014.744	3375007.468	-0.265
38517014.965	3375007.401	-0.265
38517015.233	3375007.335	-0.265
38517015.454	3375007.280	-0.265
38517015.675	3375007.214	-0.265
38517015.887	3375007.159	-0.265
38517016.107	3375007.104	-0.266
38517016.328	3375007.049	-0.266
38517016.540	3375006.983	-0.266
38517016.761	3375006.927	-0.265
38517016.972	3375006.872	-0.265
38517017.193	3375006.817	-0.265
38517017.462	3375006.740	-0.266
38517017.673	3375006.685	-0.266
38517017.884	3375006.630	-0.266
38517018.105	3375006.575	-0.266
38517018.316	3375006.509	-0.266
38517018.528	3375006.454	-0.266
38517018.749	3375006.398	-0.266
38517018.960	3375006.343	-0.266
38517019.171	3375006.288	-0.267
38517019.383	3375006.222	-0.266
38517019.651	3375006.156	-0.266
38517019.863	3375006.101	-0.266
38517020.074	3375006.046	-0.266
38517020.285	3375005.991	-0.266
38517020.506	3375005.936	-0.267
38517020.718	3375005.881	-0.267
38517020.929	3375005.814	-0.267
38517021.140	3375005.759	-0.266
38517021.351	3375005.704	-0.266
38517021.563	3375005.649	-0.266
38517021.774	3375005.594	-0.266
38517021.985	3375005.539	-0.267
38517022.197	3375005.484	-0.267
38517022.408	3375005.429	-0.267
38517022.619	3375005.385	-0.267
38517022.831	3375005.330	-0.267
38517023.042	3375005.274	-0.267
38517023.244	3375005.219	-0.268
38517023.455	3375005.164	-0.268
38517023.666	3375005.109	-0.268
38517023.868	3375005.054	-0.269
38517024.079	3375004.999	-0.269
38517024.329	3375004.933	-0.270
38517024.540	3375004.878	-0.270
38517024.790	3375004.812	-0.271
38517024.992	3375004.756	-0.272
38517025.203	3375004.701	-0.273
38517025.405	3375004.646	-0.273
38517025.606	3375004.591	-0.274
38517025.856	3375004.525	-0.275
38517026.058	3375004.470	-0.276
38517026.259	3375004.415	-0.276
38517026.461	3375004.360	-0.277
38517026.663	3375004.305	-0.278
38517026.864	3375004.261	-0.278
38517027.066	3375004.205	-0.279
38517027.268	3375004.150	-0.280
38517027.518	3375004.073	-0.281
38517027.719	3375004.018	-0.282
38517027.969	3375003.952	-0.283
38517028.219	3375003.886	-0.283
38517028.468	3375003.820	-0.284
38517028.708	3375003.742	-0.285
38517028.910	3375003.687	-0.286
38517029.112	3375003.632	-0.287
38517029.314	3375003.577	-0.287
38517029.554	3375003.511	-0.288
38517029.803	3375003.434	-0.288
38517030.005	3375003.379	-0.288
38517030.245	3375003.301	-0.287
38517030.447	3375003.246	-0.287
38517030.687	3375003.180	-0.287
38517030.937	3375003.103	-0.287
38517031.138	3375003.048	-0.287
38517031.379	3375002.982	-0.287
38517031.580	3375002.927	-0.286
38517031.830	3375002.849	-0.286
38517032.070	3375002.783	-0.286
38517032.272	3375002.728	-0.286
38517032.522	3375002.662	-0.286
38517032.762	3375002.585	-0.286
38517032.963	3375002.530	-0.285
38517033.165	3375002.474	-0.285
38517033.415	3375002.408	-0.284
38517033.655	3375002.331	-0.284
38517033.857	3375002.276	-0.284
38517034.058	3375002.221	-0.284
38517034.260	3375002.166	-0.284
38517034.510	3375002.100	-0.283
38517034.759	3375002.022	-0.283
38517035.009	3375001.956	-0.282
38517035.259	3375001.890	-0.282
38517035.509	3375001.813	-0.282
38517035.749	3375001.747	-0.281
38517035.950	3375001.692	-0.280
38517036.152	3375001.637	-0.279
38517036.402	3375001.570	-0.278
38517036.652	3375001.493	-0.277
38517036.853	3375001.438	-0.276
38517037.055	3375001.383	-0.275
38517037.257	3375001.328	-0.273
38517037.458	3375001.273	-0.271
38517037.708	3375001.207	-0.269
38517037.910	3375001.152	-0.267
38517038.159	3375001.085	-0.264
38517038.361	3375001.030	-0.262
38517038.611	3375000.964	-0.259
38517038.813	3375000.909	-0.256
38517039.014	3375000.865	-0.253
38517039.264	3375000.799	-0.250
38517039.466	3375000.744	-0.248
38517039.667	3375000.700	-0.245
38517039.869	3375000.645	-0.242
38517040.071	3375000.601	-0.239
38517040.272	3375000.557	-0.236
38517040.474	3375000.502	-0.233
38517040.676	3375000.458	-0.230
38517040.877	3375000.413	-0.227
38517041.079	3375000.369	-0.224
38517041.281	3375000.325	-0.221
38517041.482	3375000.281	-0.219
38517041.684	3375000.237	-0.216
38517041.934	3375000.182	-0.212
38517042.136	3375000.138	-0.209
38517042.347	3375000.094	-0.206
38517042.548	3375000.061	-0.203
38517042.798	3375000.006	-0.200
38517043.000	3374999.973	-0.197
38517043.211	3374999.929	-0.195
38517043.413	3374999.896	-0.192
38517043.614	3374999.852	-0.189
38517043.816	3374999.819	-0.187
38517044.018	3374999.775	-0.184
38517044.229	3374999.742	-0.183
38517044.431	3374999.710	-0.181
38517044.632	3374999.677	-0.180
38517044.834	3374999.633	-0.178
38517045.036	3374999.600	-0.176
38517045.247	3374999.567	-0.175
38517045.449	3374999.534	-0.174
38517045.650	3374999.501	-0.173
38517045.852	3374999.468	-0.172
38517046.054	3374999.435	-0.171
38517046.255	3374999.402	-0.171
38517046.467	3374999.369	-0.170
38517046.668	3374999.336	-0.169
38517046.918	3374999.292	-0.168
38517047.120	3374999.259	-0.167
38517047.331	3374999.226	-0.167
38517047.532	3374999.193	-0.166
38517047.734	3374999.160	-0.166
38517047.984	3374999.116	-0.165
38517048.185	3374999.084	-0.164
38517048.387	3374999.051	-0.164
38517048.598	3374999.018	-0.163
38517048.800	3374998.996	-0.163
38517049.002	3374998.963	-0.162
38517049.203	3374998.930	-0.163
38517049.405	3374998.897	-0.163
38517049.607	3374998.864	-0.162
38517049.808	3374998.831	-0.162
38517050.010	3374998.798	-0.162
38517050.212	3374998.776	-0.162
38517050.423	3374998.743	-0.162
38517050.625	3374998.710	-0.163
38517050.826	3374998.678	-0.163
38517051.028	3374998.645	-0.163
38517051.230	3374998.623	-0.163
38517051.431	3374998.590	-0.163
38517051.633	3374998.557	-0.163
38517051.835	3374998.524	-0.163
38517052.036	3374998.491	-0.164
38517052.238	3374998.458	-0.165
38517052.497	3374998.425	-0.165
38517052.699	3374998.392	-0.165
38517052.900	3374998.359	-0.165
38517053.102	3374998.326	-0.165
38517053.352	3374998.282	-0.165
38517053.553	3374998.249	-0.166
38517053.755	3374998.228	-0.166
38517053.957	3374998.195	-0.166
38517054.158	3374998.162	-0.167
38517054.360	3374998.129	-0.167
38517054.562	3374998.096	-0.167
38517054.763	3374998.063	-0.168
38517054.965	3374998.030	-0.168
38517055.215	3374997.986	-0.170
38517055.455	3374997.953	-0.171
38517055.656	3374997.920	-0.171
38517055.858	3374997.887	-0.171
38517056.060	3374997.854	-0.172
38517056.357	3374997.799	-0.173
38517056.607	3374997.766	-0.175
38517056.847	3374997.722	-0.176
38517057.049	3374997.690	-0.177
38517057.251	3374997.657	-0.177
38517057.491	3374997.613	-0.179
38517057.692	3374997.580	-0.179
38517057.932	3374997.547	-0.180
38517058.134	3374997.514	-0.181
38517058.384	3374997.470	-0.183
38517058.672	3374997.415	-0.185
38517058.921	3374997.371	-0.187
38517059.162	3374997.327	-0.188
38517059.363	3374997.294	-0.190
38517059.603	3374997.250	-0.191
38517059.853	3374997.206	-0.193
38517060.093	3374997.162	-0.194
38517060.333	3374997.118	-0.195
38517060.573	3374997.074	-0.197
38517060.775	3374997.041	-0.198
38517061.015	3374996.986	-0.200
38517061.255	3374996.942	-0.202
38517061.495	3374996.898	-0.204
38517061.697	3374996.865	-0.206
38517061.937	3374996.821	-0.208
38517062.177	3374996.766	-0.209
38517062.417	3374996.722	-0.210
38517062.657	3374996.667	-0.212
38517062.897	3374996.623	-0.214
38517063.137	3374996.579	-0.216
38517063.377	3374996.524	-0.218
38517063.617	3374996.480	-0.219
38517063.858	3374996.425	-0.221
38517064.098	3374996.381	-0.223
38517064.338	3374996.326	-0.224
38517064.578	3374996.271	-0.226
38517064.856	3374996.216	-0.228
38517065.096	3374996.161	-0.229
38517065.337	3374996.106	-0.231
38517065.577	3374996.051	-0.233
38517065.807	3374996.007	-0.235
38517066.047	3374995.952	-0.237
38517066.287	3374995.897	-0.239
38517066.518	3374995.842	-0.240
38517066.758	3374995.787	-0.242
38517067.046	3374995.721	-0.244
38517067.277	3374995.666	-0.246
38517067.565	3374995.600	-0.248
38517067.795	3374995.545	-0.249
38517068.035	3374995.490	-0.251
38517068.266	3374995.423	-0.253
38517068.506	3374995.368	-0.254
38517068.746	3374995.313	-0.256
38517068.976	3374995.258	-0.258
38517069.207	3374995.192	-0.259
38517069.495	3374995.126	-0.261
38517069.726	3374995.071	-0.262
38517069.956	3374995.005	-0.264
38517070.196	3374994.950	-0.265
38517070.475	3374994.873	-0.267
38517070.705	3374994.818	-0.269
38517070.936	3374994.751	-0.270
38517071.166	3374994.696	-0.271
38517071.397	3374994.630	-0.272
38517071.627	3374994.564	-0.272
38517071.906	3374994.498	-0.273
38517072.136	3374994.432	-0.273
38517072.367	3374994.366	-0.274
38517072.645	3374994.288	-0.274
38517072.876	3374994.233	-0.275
38517073.106	3374994.167	-0.276
38517073.337	3374994.112	-0.276
38517073.567	3374994.046	-0.277
38517073.798	3374993.980	-0.277
38517074.115	3374993.892	-0.277
38517074.345	3374993.837	-0.278
38517074.576	3374993.770	-0.278
38517074.806	3374993.704	-0.279
38517075.037	3374993.649	-0.279
38517075.267	3374993.583	-0.279
38517075.536	3374993.506	-0.279
38517075.767	3374993.440	-0.280
38517075.997	3374993.385	-0.280
38517076.218	3374993.319	-0.280
38517076.449	3374993.252	-0.280
38517076.679	3374993.186	-0.281
38517076.900	3374993.131	-0.281
38517077.131	3374993.065	-0.281
38517077.352	3374992.999	-0.281
38517077.582	3374992.933	-0.282
38517077.813	3374992.878	-0.282
38517078.033	3374992.811	-0.282
38517078.264	3374992.745	-0.283
38517078.485	3374992.679	-0.283
38517078.754	3374992.613	-0.283
38517078.984	3374992.547	-0.283
38517079.205	3374992.481	-0.284
38517079.436	3374992.415	-0.284
38517079.666	3374992.359	-0.285
38517079.887	3374992.293	-0.285
38517080.118	3374992.227	-0.285
38517080.339	3374992.161	-0.285
38517080.569	3374992.106	-0.286
38517080.800	3374992.040	-0.286
38517081.021	3374991.974	-0.286
38517081.251	3374991.907	-0.286
38517081.472	3374991.841	-0.286
38517081.702	3374991.775	-0.286
38517081.933	3374991.720	-0.286
38517082.154	3374991.654	-0.286
38517082.384	3374991.588	-0.286
38517082.615	3374991.522	-0.287
38517082.845	3374991.455	-0.287
38517083.066	3374991.389	-0.287
38517083.297	3374991.334	-0.287
38517083.527	3374991.268	-0.287
38517083.748	3374991.202	-0.288
38517083.979	3374991.136	-0.288
38517084.209	3374991.070	-0.289
38517084.430	3374991.003	-0.288
38517084.661	3374990.937	-0.288
38517084.891	3374990.882	-0.289
38517085.122	3374990.816	-0.289
38517085.343	3374990.750	-0.290
38517085.573	3374990.684	-0.290
38517085.804	3374990.618	-0.290
38517086.034	3374990.551	-0.290
38517086.265	3374990.485	-0.291
38517086.486	3374990.419	-0.291
38517086.716	3374990.353	-0.292
38517086.947	3374990.287	-0.292
38517087.177	3374990.221	-0.293
38517087.408	3374990.154	-0.293
38517087.648	3374990.088	-0.293
38517087.878	3374990.022	-0.293
38517088.109	3374989.956	-0.294
38517088.339	3374989.890	-0.294
38517088.570	3374989.824	-0.295
38517088.810	3374989.758	-0.295
38517089.041	3374989.691	-0.294
38517089.271	3374989.614	-0.294
38517089.511	3374989.548	-0.293
38517089.751	3374989.482	-0.293
38517089.982	3374989.405	-0.293
38517090.222	3374989.339	-0.292
38517090.462	3374989.272	-0.291
38517090.750	3374989.184	-0.291
38517090.981	3374989.118	-0.290
38517091.221	3374989.041	-0.290
38517091.509	3374988.964	-0.290
38517091.711	3374988.908	-0.289
38517091.951	3374988.831	-0.288
38517092.191	3374988.765	-0.287
38517092.479	3374988.677	-0.287
38517092.681	3374988.633	-0.287
38517092.921	3374988.556	-0.286
38517093.123	3374988.501	-0.285
38517093.363	3374988.434	-0.284
38517093.564	3374988.379	-0.284
38517093.805	3374988.302	-0.283
38517094.006	3374988.247	-0.283
38517094.256	3374988.181	-0.283
38517094.506	3374988.115	-0.282
38517094.755	3374988.037	-0.281
38517095.005	3374987.971	-0.280
38517095.207	3374987.916	-0.279
38517095.457	3374987.850	-0.278
38517095.658	3374987.784	-0.278
38517095.860	3374987.729	-0.277
38517096.062	3374987.674	-0.277
38517096.273	3374987.619	-0.277
38517096.475	3374987.564	-0.276
38517096.676	3374987.508	-0.275
38517096.888	3374987.453	-0.275
38517097.099	3374987.398	-0.275
38517097.666	3374987.244	-0.273
38517097.983	3374987.156	-0.272
38517098.348	3374987.056	-0.272
38517098.616	3374986.990	-0.272
38517098.828	3374986.935	-0.272
38517099.039	3374986.869	-0.272
38517099.250	3374986.814	-0.272
38517099.471	3374986.759	-0.272
38517099.683	3374986.704	-0.272
38517099.894	3374986.649	-0.272
38517100.115	3374986.583	-0.272
38517100.326	3374986.527	-0.273
38517100.547	3374986.472	-0.273
38517100.758	3374986.417	-0.274
38517100.979	3374986.351	-0.274
38517101.200	3374986.296	-0.275
38517101.411	3374986.241	-0.275
38517101.632	3374986.175	-0.276
38517101.853	3374986.120	-0.277
38517102.074	3374986.054	-0.277
38517102.295	3374985.998	-0.278
38517102.516	3374985.932	-0.279
38517102.737	3374985.877	-0.279
38517102.958	3374985.811	-0.279
38517103.179	3374985.756	-0.280
38517103.399	3374985.690	-0.281
38517103.620	3374985.635	-0.282
38517103.851	3374985.569	-0.282
38517104.072	3374985.502	-0.283
38517104.293	3374985.447	-0.283
38517104.523	3374985.381	-0.284
38517104.802	3374985.304	-0.285
38517105.023	3374985.238	-0.286
38517105.253	3374985.172	-0.287
38517105.474	3374985.105	-0.287
38517105.705	3374985.050	-0.288
38517105.935	3374984.984	-0.289
38517106.156	3374984.918	-0.289
38517106.387	3374984.852	-0.290
38517106.617	3374984.786	-0.291
38517106.848	3374984.720	-0.291
38517107.078	3374984.653	-0.292
38517107.309	3374984.587	-0.292
38517107.587	3374984.499	-0.293
38517107.818	3374984.433	-0.294
38517108.106	3374984.356	-0.295
38517108.336	3374984.290	-0.296
38517108.567	3374984.223	-0.297
38517108.797	3374984.146	-0.297
38517109.037	3374984.080	-0.298
38517109.268	3374984.014	-0.298
38517109.499	3374983.948	-0.298
38517109.787	3374983.860	-0.299
38517110.027	3374983.793	-0.299
38517110.257	3374983.716	-0.299
38517110.497	3374983.650	-0.299
38517110.786	3374983.562	-0.299
38517111.026	3374983.496	-0.298
38517111.256	3374983.418	-0.298
38517111.496	3374983.352	-0.298
38517111.736	3374983.275	-0.298
38517111.967	3374983.209	-0.298
38517112.207	3374983.143	-0.298
38517112.447	3374983.066	-0.298
38517112.687	3374982.999	-0.298
38517112.918	3374982.922	-0.297
38517113.158	3374982.856	-0.297
38517113.398	3374982.790	-0.296
38517113.638	3374982.713	-0.296
38517113.869	3374982.647	-0.296
38517114.167	3374982.558	-0.296
38517114.407	3374982.481	-0.296
38517114.704	3374982.404	-0.296
38517114.945	3374982.327	-0.295
38517115.175	3374982.261	-0.295
38517115.415	3374982.194	-0.295
38517115.713	3374982.106	-0.295
38517115.943	3374982.029	-0.295
38517116.184	3374981.963	-0.295
38517116.424	3374981.897	-0.295
38517116.654	3374981.831	-0.295
38517116.894	3374981.753	-0.295
38517117.125	3374981.687	-0.294
38517117.365	3374981.621	-0.294
38517117.653	3374981.533	-0.294
38517117.893	3374981.467	-0.294
38517118.124	3374981.401	-0.293
38517118.364	3374981.323	-0.293
38517118.594	3374981.257	-0.293
38517118.835	3374981.191	-0.293
38517119.065	3374981.125	-0.292
38517119.296	3374981.048	-0.291
38517119.536	3374980.981	-0.291
38517119.766	3374980.915	-0.290
38517120.064	3374980.827	-0.290
38517120.294	3374980.761	-0.289
38517120.525	3374980.695	-0.288
38517120.765	3374980.629	-0.287
38517120.996	3374980.563	-0.286
38517121.293	3374980.485	-0.286
38517121.581	3374980.397	-0.285
38517121.812	3374980.331	-0.284
38517122.052	3374980.265	-0.283
38517122.283	3374980.199	-0.282
38517122.513	3374980.133	-0.281
38517122.744	3374980.066	-0.281
38517122.984	3374980.011	-0.280
38517123.214	3374979.945	-0.279
38517123.445	3374979.879	-0.277
38517123.675	3374979.813	-0.276
38517123.915	3374979.747	-0.275
38517124.146	3374979.681	-0.274
38517124.434	3374979.603	-0.273
38517124.665	3374979.548	-0.272
38517124.895	3374979.482	-0.271
38517125.135	3374979.416	-0.269
38517125.366	3374979.361	-0.268
38517125.596	3374979.295	-0.267
38517125.827	3374979.240	-0.266
38517126.057	3374979.174	-0.265
38517126.288	3374979.119	-0.264
38517126.518	3374979.052	-0.263
38517126.749	3374978.997	-0.262
38517126.989	3374978.931	-0.261
38517127.219	3374978.876	-0.260
38517127.507	3374978.799	-0.258
38517127.738	3374978.744	-0.257
38517127.968	3374978.689	-0.256
38517128.199	3374978.623	-0.254
38517128.430	3374978.568	-0.253
38517128.660	3374978.513	-0.252
38517128.890	3374978.458	-0.250
38517129.121	3374978.402	-0.249
38517129.352	3374978.336	-0.248
38517129.640	3374978.270	-0.246
38517129.870	3374978.215	-0.245
38517130.101	3374978.160	-0.243
38517130.389	3374978.094	-0.242
38517130.619	3374978.039	-0.241
38517130.907	3374977.973	-0.240
38517131.147	3374977.918	-0.238
38517131.378	3374977.863	-0.237
38517131.608	3374977.808	-0.236
38517131.839	3374977.753	-0.235
38517132.069	3374977.698	-0.234
38517132.300	3374977.643	-0.233
38517132.530	3374977.599	-0.232
38517132.761	3374977.543	-0.231
38517132.991	3374977.488	-0.230
38517133.280	3374977.433	-0.229
38517133.558	3374977.367	-0.228
38517133.789	3374977.312	-0.228
38517134.019	3374977.257	-0.227
38517134.250	3374977.213	-0.226
38517134.480	3374977.158	-0.225
38517134.710	3374977.114	-0.225
38517134.941	3374977.059	-0.225
38517135.162	3374977.015	-0.224
38517135.450	3374976.949	-0.224
38517135.680	3374976.905	-0.223
38517135.911	3374976.850	-0.223
38517136.132	3374976.806	-0.223
38517136.362	3374976.751	-0.223
38517136.650	3374976.696	-0.223
38517136.871	3374976.641	-0.223
38517137.159	3374976.586	-0.223
38517137.380	3374976.531	-0.223
38517137.611	3374976.487	-0.223
38517137.832	3374976.432	-0.223
38517138.062	3374976.388	-0.223
38517138.283	3374976.333	-0.223
38517138.514	3374976.289	-0.224
38517138.792	3374976.234	-0.225
38517139.023	3374976.179	-0.225
38517139.243	3374976.135	-0.225
38517139.464	3374976.080	-0.226
38517139.695	3374976.036	-0.226
38517139.916	3374975.992	-0.227
38517140.137	3374975.937	-0.227
38517140.357	3374975.893	-0.228
38517140.588	3374975.838	-0.228
38517140.809	3374975.794	-0.229
38517141.078	3374975.727	-0.230
38517141.299	3374975.683	-0.231
38517141.520	3374975.628	-0.231
38517141.740	3374975.584	-0.232
38517141.961	3374975.529	-0.233
38517142.182	3374975.485	-0.234
38517142.403	3374975.441	-0.234
38517142.672	3374975.375	-0.235
38517142.941	3374975.320	-0.236
38517143.162	3374975.265	-0.237
38517143.373	3374975.221	-0.238
38517143.594	3374975.166	-0.239
38517143.805	3374975.122	-0.241
38517144.017	3374975.067	-0.242
38517144.228	3374975.023	-0.244
38517144.449	3374974.968	-0.245
38517144.660	3374974.924	-0.246
38517144.871	3374974.869	-0.248
38517145.083	3374974.825	-0.249
38517145.294	3374974.770	-0.250
38517145.505	3374974.715	-0.251
38517145.716	3374974.671	-0.253
38517145.918	3374974.615	-0.254
38517146.129	3374974.571	-0.256
38517146.446	3374974.494	-0.258
38517146.648	3374974.439	-0.259
38517146.859	3374974.384	-0.261
38517147.061	3374974.340	-0.263
38517147.272	3374974.285	-0.264
38517147.474	3374974.230	-0.265
38517147.685	3374974.175	-0.267
38517147.887	3374974.131	-0.268
38517148.089	3374974.076	-0.270
38517148.290	3374974.020	-0.271
38517148.502	3374973.965	-0.272
38517148.703	3374973.910	-0.274
38517148.905	3374973.855	-0.275
38517149.107	3374973.800	-0.277
38517149.357	3374973.734	-0.278
38517149.606	3374973.668	-0.280
38517149.808	3374973.613	-0.282
38517150.010	3374973.558	-0.283
38517150.250	3374973.491	-0.285
38517150.499	3374973.414	-0.286
38517150.701	3374973.359	-0.288
38517150.903	3374973.304	-0.289
38517151.143	3374973.238	-0.291
38517151.345	3374973.183	-0.293
38517151.585	3374973.106	-0.294
38517151.787	3374973.050	-0.295
38517152.027	3374972.984	-0.297
38517152.276	3374972.907	-0.299
38517152.517	3374972.830	-0.301
38517152.766	3374972.764	-0.302
38517153.006	3374972.687	-0.304
38517153.246	3374972.609	-0.306
38517153.487	3374972.543	-0.307
38517153.688	3374972.477	-0.308
38517153.928	3374972.411	-0.310
38517154.121	3374972.345	-0.312
38517154.361	3374972.278	-0.313
38517154.553	3374972.212	-0.314
38517154.793	3374972.135	-0.315
38517155.033	3374972.058	-0.315
38517155.321	3374971.970	-0.316
38517155.523	3374971.914	-0.316
38517155.715	3374971.848	-0.317
38517155.955	3374971.771	-0.317
38517156.195	3374971.694	-0.317
38517156.435	3374971.628	-0.317
38517156.628	3374971.561	-0.318
38517156.820	3374971.495	-0.318
38517157.069	3374971.429	-0.318
38517157.309	3374971.352	-0.318
38517157.502	3374971.286	-0.318
38517157.694	3374971.219	-0.318
38517157.943	3374971.142	-0.317
38517158.184	3374971.065	-0.316
38517158.424	3374970.988	-0.316
38517158.673	3374970.911	-0.316
38517158.914	3374970.833	-0.315
38517159.154	3374970.756	-0.314
38517159.355	3374970.701	-0.313
38517159.548	3374970.635	-0.313
38517159.788	3374970.558	-0.312
38517159.989	3374970.503	-0.311
38517160.229	3374970.425	-0.310
38517160.431	3374970.359	-0.309
38517160.671	3374970.282	-0.308
38517160.873	3374970.227	-0.307
38517161.065	3374970.161	-0.306
38517161.267	3374970.105	-0.305
38517161.507	3374970.028	-0.304
38517161.709	3374969.973	-0.302
38517161.910	3374969.907	-0.301
38517162.151	3374969.830	-0.300
38517162.352	3374969.775	-0.298
38517162.554	3374969.719	-0.297
38517162.746	3374969.653	-0.296
38517162.948	3374969.598	-0.295
38517163.149	3374969.543	-0.294
38517163.342	3374969.477	-0.293
38517163.543	3374969.422	-0.291
38517163.745	3374969.367	-0.290
38517163.995	3374969.289	-0.289
38517164.244	3374969.223	-0.287
38517164.494	3374969.146	-0.286
38517164.696	3374969.091	-0.285
38517164.898	3374969.036	-0.285
38517165.147	3374968.970	-0.284
38517165.349	3374968.915	-0.283
38517165.551	3374968.848	-0.282
38517165.752	3374968.793	-0.282
38517165.954	3374968.738	-0.281
38517166.204	3374968.672	-0.281
38517166.405	3374968.617	-0.280
38517166.607	3374968.562	-0.280
38517166.809	3374968.507	-0.279
38517167.011	3374968.452	-0.278
38517167.222	3374968.397	-0.278
38517167.424	3374968.330	-0.277
38517167.625	3374968.275	-0.277
38517167.827	3374968.220	-0.276
38517168.029	3374968.165	-0.276
38517168.240	3374968.110	-0.276
38517168.442	3374968.055	-0.275
38517168.643	3374968.000	-0.275
38517168.845	3374967.945	-0.274
38517169.047	3374967.889	-0.273
38517169.258	3374967.834	-0.273
38517169.460	3374967.779	-0.272
38517169.661	3374967.724	-0.272
38517169.863	3374967.669	-0.272
38517170.074	3374967.614	-0.271
38517170.276	3374967.559	-0.270
38517170.478	3374967.504	-0.268
38517170.679	3374967.449	-0.267
38517170.891	3374967.394	-0.265
38517171.092	3374967.338	-0.264
38517171.342	3374967.272	-0.263
38517171.602	3374967.206	-0.261
38517171.803	3374967.162	-0.259
38517172.005	3374967.107	-0.257
38517172.207	3374967.052	-0.255
38517172.418	3374966.997	-0.253
38517172.620	3374966.953	-0.251
38517172.821	3374966.898	-0.248
38517173.023	3374966.854	-0.245
38517173.225	3374966.799	-0.243
38517173.436	3374966.755	-0.240
38517173.638	3374966.699	-0.237
38517173.839	3374966.655	-0.235
38517174.147	3374966.589	-0.231
38517174.396	3374966.523	-0.228
38517174.608	3374966.479	-0.224
38517174.809	3374966.435	-0.221
38517175.011	3374966.391	-0.219
38517175.213	3374966.347	-0.216
38517175.414	3374966.303	-0.214
38517175.626	3374966.259	-0.213
38517175.827	3374966.226	-0.211
38517176.029	3374966.182	-0.210
38517176.231	3374966.138	-0.208
38517176.432	3374966.094	-0.207
38517176.644	3374966.061	-0.206
38517176.893	3374966.006	-0.206
38517177.143	3374965.962	-0.205
38517177.402	3374965.907	-0.205
38517177.604	3374965.863	-0.204
38517177.806	3374965.830	-0.204
38517178.007	3374965.786	-0.203
38517178.219	3374965.753	-0.203
38517178.468	3374965.698	-0.203
38517178.670	3374965.665	-0.202
38517178.872	3374965.621	-0.202
38517179.073	3374965.577	-0.201
38517179.285	3374965.544	-0.201
38517179.486	3374965.500	-0.201
38517179.688	3374965.467	-0.200
38517179.890	3374965.423	-0.200
38517180.139	3374965.379	-0.200
38517180.399	3374965.335	-0.200
38517180.600	3374965.291	-0.199
38517180.802	3374965.258	-0.198
38517181.004	3374965.214	-0.198
38517181.205	3374965.182	-0.198
38517181.464	3374965.127	-0.198
38517181.666	3374965.094	-0.198
38517181.868	3374965.050	-0.198
38517182.069	3374965.017	-0.198
38517182.271	3374964.973	-0.198
38517182.473	3374964.940	-0.198
38517182.675	3374964.896	-0.198
38517182.876	3374964.863	-0.199
38517183.078	3374964.830	-0.199
38517183.280	3374964.786	-0.200
38517183.529	3374964.742	-0.200
38517183.731	3374964.698	-0.201
38517183.933	3374964.665	-0.201
38517184.134	3374964.621	-0.201
38517184.336	3374964.588	-0.201
38517184.538	3374964.544	-0.201
38517184.739	3374964.500	-0.202
38517184.941	3374964.467	-0.202
38517185.143	3374964.434	-0.203
38517185.354	3374964.390	-0.203
38517185.556	3374964.346	-0.203
38517185.757	3374964.313	-0.203
38517185.959	3374964.269	-0.204
38517186.161	3374964.236	-0.204
38517186.362	3374964.192	-0.206
38517186.573	3374964.159	-0.207
38517186.775	3374964.115	-0.208
38517186.986	3374964.071	-0.209
38517187.188	3374964.038	-0.210
38517187.447	3374963.983	-0.211
38517187.649	3374963.939	-0.212
38517187.860	3374963.895	-0.213
38517188.062	3374963.862	-0.214
38517188.273	3374963.818	-0.216
38517188.533	3374963.763	-0.218
38517188.744	3374963.719	-0.220
38517188.955	3374963.675	-0.221
38517189.166	3374963.631	-0.223
38517189.378	3374963.587	-0.225
38517189.637	3374963.532	-0.226
38517189.848	3374963.488	-0.228
38517190.069	3374963.444	-0.230
38517190.280	3374963.389	-0.231
38517190.492	3374963.345	-0.233
38517190.703	3374963.301	-0.235
38517190.924	3374963.246	-0.237
38517191.135	3374963.202	-0.239
38517191.346	3374963.158	-0.240
38517191.567	3374963.103	-0.241
38517191.788	3374963.059	-0.242
38517192.000	3374963.004	-0.244
38517192.220	3374962.949	-0.245
38517192.441	3374962.893	-0.247
38517192.653	3374962.849	-0.250
38517192.874	3374962.794	-0.252
38517193.094	3374962.739	-0.254
38517193.315	3374962.684	-0.256
38517193.536	3374962.640	-0.257
38517193.815	3374962.563	-0.259
38517194.036	3374962.508	-0.261
38517194.266	3374962.453	-0.262
38517194.545	3374962.387	-0.264
38517194.766	3374962.321	-0.265
38517195.102	3374962.232	-0.266
38517195.332	3374962.177	-0.267
38517195.563	3374962.122	-0.267
38517195.793	3374962.056	-0.267
38517196.014	3374962.001	-0.267
38517196.245	3374961.935	-0.267
38517196.475	3374961.880	-0.267
38517196.706	3374961.814	-0.267
38517196.946	3374961.759	-0.267
38517197.176	3374961.693	-0.267
38517197.407	3374961.637	-0.267
38517197.637	3374961.571	-0.267
38517197.877	3374961.516	-0.267
38517198.108	3374961.450	-0.267
38517198.348	3374961.395	-0.267
38517198.588	3374961.329	-0.267
38517198.819	3374961.263	-0.267
38517199.059	3374961.208	-0.267
38517199.299	3374961.142	-0.267
38517199.539	3374961.075	-0.267
38517199.779	3374961.020	-0.267
38517200.019	3374960.954	-0.267
38517200.250	3374960.888	-0.267
38517200.499	3374960.833	-0.267
38517200.740	3374960.767	-0.267
38517200.980	3374960.701	-0.267
38517201.220	3374960.635	-0.267
38517201.460	3374960.580	-0.267
38517201.710	3374960.514	-0.266
38517201.950	3374960.447	-0.266
38517202.199	3374960.381	-0.266
38517202.440	3374960.326	-0.266
38517202.689	3374960.260	-0.266
38517202.929	3374960.194	-0.266
38517203.179	3374960.128	-0.266
38517203.429	3374960.062	-0.266
38517203.679	3374959.996	-0.266
38517203.919	3374959.941	-0.266
38517204.168	3374959.874	-0.266
38517204.418	3374959.808	-0.266
38517204.668	3374959.742	-0.266
38517204.927	3374959.676	-0.266
38517205.177	3374959.610	-0.266
38517205.427	3374959.544	-0.266
38517205.676	3374959.478	-0.266
38517205.936	3374959.412	-0.266
38517206.185	3374959.346	-0.266
38517206.435	3374959.279	-0.266
38517206.694	3374959.213	-0.266
38517206.944	3374959.147	-0.266
38517207.261	3374959.070	-0.266
38517207.520	3374959.004	-0.266
38517207.770	3374958.927	-0.266
38517208.029	3374958.861	-0.266
38517208.279	3374958.795	-0.266
38517208.538	3374958.728	-0.266
38517208.798	3374958.662	-0.266
38517209.057	3374958.596	-0.266
38517209.307	3374958.530	-0.266
38517209.566	3374958.464	-0.266
38517209.825	3374958.387	-0.266
38517210.085	3374958.321	-0.266
38517210.344	3374958.255	-0.267
38517210.603	3374958.188	-0.267
38517210.863	3374958.122	-0.266
38517211.122	3374958.056	-0.266
38517211.381	3374957.990	-0.266
38517211.641	3374957.913	-0.266
38517211.900	3374957.847	-0.267
38517212.159	3374957.781	-0.267
38517212.419	3374957.715	-0.267
38517212.678	3374957.637	-0.267
38517212.880	3374957.593	-0.266
38517213.139	3374957.527	-0.267
38517213.398	3374957.450	-0.267
38517213.658	3374957.384	-0.267
38517213.859	3374957.329	-0.267
38517214.119	3374957.263	-0.267
38517214.320	3374957.219	-0.267
38517214.580	3374957.153	-0.267
38517214.781	3374957.098	-0.267
38517215.041	3374957.031	-0.267
38517215.242	3374956.976	-0.267
38517215.444	3374956.932	-0.267
38517215.703	3374956.855	-0.267
38517215.905	3374956.811	-0.267
38517216.164	3374956.745	-0.267
38517216.366	3374956.690	-0.267
38517216.568	3374956.635	-0.267
38517216.769	3374956.591	-0.267
38517217.029	3374956.514	-0.267
38517217.230	3374956.470	-0.267
38517217.432	3374956.414	-0.267
38517217.634	3374956.359	-0.267
38517217.893	3374956.293	-0.268
38517218.162	3374956.227	-0.268
38517218.364	3374956.172	-0.268
38517218.565	3374956.128	-0.267
38517218.767	3374956.073	-0.267
38517219.026	3374956.007	-0.267
38517219.228	3374955.952	-0.267
38517219.430	3374955.897	-0.267
38517219.631	3374955.841	-0.267
38517219.833	3374955.786	-0.267
38517220.035	3374955.742	-0.267
38517220.294	3374955.665	-0.268
38517220.496	3374955.621	-0.268
38517220.698	3374955.566	-0.268
38517220.899	3374955.511	-0.268
38517221.101	3374955.456	-0.268
38517221.303	3374955.401	-0.268
38517221.504	3374955.346	-0.268
38517221.706	3374955.302	-0.268
38517221.908	3374955.246	-0.268
38517222.119	3374955.191	-0.268
38517222.321	3374955.136	-0.268
38517222.522	3374955.081	-0.268
38517222.724	3374955.026	-0.268
38517223.060	3374954.938	-0.268
38517223.262	3374954.883	-0.268
38517223.464	3374954.839	-0.268
38517223.665	3374954.784	-0.268
38517223.867	3374954.728	-0.268
38517224.078	3374954.673	-0.268
38517224.280	3374954.618	-0.268
38517224.482	3374954.563	-0.268
38517224.683	3374954.508	-0.268
38517224.885	3374954.453	-0.268
38517225.096	3374954.398	-0.269
38517225.298	3374954.343	-0.269
38517225.500	3374954.299	-0.269
38517225.702	3374954.244	-0.269
38517225.913	3374954.189	-0.270
38517226.115	3374954.133	-0.270
38517226.316	3374954.078	-0.270
38517226.518	3374954.023	-0.271
38517226.729	3374953.968	-0.271
38517226.931	3374953.913	-0.272
38517227.133	3374953.858	-0.273
38517227.344	3374953.803	-0.273
38517227.546	3374953.759	-0.274
38517227.747	3374953.704	-0.275
38517227.959	3374953.649	-0.275
38517228.160	3374953.593	-0.275
38517228.429	3374953.516	-0.276
38517228.641	3374953.461	-0.277
38517228.842	3374953.406	-0.278
38517229.044	3374953.351	-0.278
38517229.255	3374953.296	-0.279
38517229.457	3374953.241	-0.279
38517229.735	3374953.164	-0.280
38517229.937	3374953.108	-0.281
38517230.148	3374953.053	-0.282
38517230.350	3374952.998	-0.282
38517230.552	3374952.943	-0.283
38517230.763	3374952.888	-0.284
38517230.965	3374952.833	-0.284
38517231.176	3374952.767	-0.285
38517231.378	3374952.712	-0.286
38517231.589	3374952.657	-0.287
38517231.858	3374952.579	-0.288
38517232.069	3374952.524	-0.289
38517232.271	3374952.469	-0.290
38517232.550	3374952.392	-0.291
38517232.761	3374952.326	-0.292
38517232.963	3374952.271	-0.293
38517233.164	3374952.205	-0.294
38517233.376	3374952.149	-0.295
38517233.587	3374952.094	-0.296
38517233.856	3374952.006	-0.297
38517234.067	3374951.951	-0.298
38517234.269	3374951.885	-0.299
38517234.480	3374951.830	-0.300
38517234.682	3374951.764	-0.302
38517234.893	3374951.708	-0.303
38517235.095	3374951.642	-0.305
38517235.306	3374951.587	-0.306
38517235.518	3374951.521	-0.307
38517235.719	3374951.455	-0.308
38517235.931	3374951.400	-0.309
38517236.132	3374951.333	-0.311
38517236.344	3374951.267	-0.312
38517236.545	3374951.212	-0.313
38517236.757	3374951.146	-0.314
38517236.968	3374951.080	-0.315
38517237.170	3374951.014	-0.316
38517237.381	3374950.947	-0.318
38517237.583	3374950.881	-0.319
38517237.794	3374950.826	-0.320
38517238.005	3374950.760	-0.321
38517238.207	3374950.694	-0.323
38517238.418	3374950.628	-0.324
38517238.620	3374950.561	-0.325
38517238.831	3374950.495	-0.327
38517239.043	3374950.429	-0.328
38517239.244	3374950.363	-0.329
38517239.523	3374950.263	-0.330
38517239.734	3374950.197	-0.332
38517239.936	3374950.131	-0.333
38517240.147	3374950.065	-0.335
38517240.349	3374949.999	-0.336
38517240.560	3374949.921	-0.337
38517240.839	3374949.833	-0.338
38517241.041	3374949.756	-0.340
38517241.252	3374949.690	-0.341
38517241.454	3374949.624	-0.342
38517241.665	3374949.546	-0.343
38517241.876	3374949.480	-0.345
38517242.078	3374949.414	-0.346
38517242.289	3374949.337	-0.347
38517242.491	3374949.270	-0.348
38517242.702	3374949.193	-0.349
38517242.914	3374949.127	-0.351
38517243.115	3374949.050	-0.352
38517243.327	3374948.984	-0.353
38517243.605	3374948.884	-0.355
38517243.807	3374948.807	-0.356
38517244.018	3374948.741	-0.357
38517244.220	3374948.663	-0.358
38517244.431	3374948.586	-0.360
38517244.643	3374948.509	-0.361
38517244.844	3374948.443	-0.361
38517245.056	3374948.365	-0.362
38517245.258	3374948.288	-0.363
38517245.469	3374948.211	-0.364
38517245.671	3374948.134	-0.364
38517245.882	3374948.056	-0.364
38517246.093	3374947.990	-0.364
38517246.362	3374947.880	-0.364
38517246.574	3374947.803	-0.364
38517246.785	3374947.725	-0.364
38517246.987	3374947.648	-0.364
38517247.198	3374947.571	-0.364
38517247.409	3374947.493	-0.363
38517247.611	3374947.416	-0.363
38517247.822	3374947.339	-0.364
38517248.034	3374947.262	-0.364
38517248.245	3374947.184	-0.364
38517248.447	3374947.107	-0.364
38517248.658	3374947.030	-0.364
38517248.869	3374946.953	-0.363
38517249.071	3374946.875	-0.363
38517249.283	3374946.798	-0.363
38517249.494	3374946.721	-0.362
38517249.772	3374946.621	-0.362
38517249.984	3374946.544	-0.361
38517250.186	3374946.467	-0.360
38517250.397	3374946.390	-0.359
38517250.608	3374946.312	-0.359
38517250.820	3374946.235	-0.358
38517251.031	3374946.158	-0.357
38517251.233	3374946.080	-0.356
38517251.444	3374946.003	-0.356
38517251.655	3374945.926	-0.355
38517251.934	3374945.827	-0.354
38517252.145	3374945.749	-0.353
38517252.356	3374945.672	-0.352
38517252.568	3374945.595	-0.351
38517252.779	3374945.518	-0.350
38517252.990	3374945.451	-0.349
38517253.279	3374945.352	-0.348
38517253.557	3374945.242	-0.347
38517253.769	3374945.175	-0.346
38517253.980	3374945.098	-0.345
38517254.191	3374945.021	-0.344
38517254.403	3374944.944	-0.343
38517254.758	3374944.822	-0.342
38517254.969	3374944.756	-0.341
38517255.190	3374944.679	-0.340
38517255.402	3374944.602	-0.339
38517255.613	3374944.535	-0.338
38517255.824	3374944.458	-0.337
38517256.035	3374944.392	-0.336
38517256.247	3374944.315	-0.336
38517256.468	3374944.237	-0.335
38517256.679	3374944.171	-0.334
38517256.890	3374944.094	-0.333
38517257.102	3374944.028	-0.332
38517257.313	3374943.962	-0.332
38517257.601	3374943.862	-0.330
38517257.813	3374943.785	-0.329
38517258.024	3374943.719	-0.328
38517258.235	3374943.653	-0.327
38517258.447	3374943.575	-0.326
38517258.667	3374943.509	-0.326
38517258.879	3374943.443	-0.325
38517259.090	3374943.366	-0.324
38517259.301	3374943.300	-0.323
38517259.513	3374943.233	-0.323
38517259.724	3374943.167	-0.322
38517259.935	3374943.101	-0.321
38517260.147	3374943.024	-0.320
38517260.435	3374942.936	-0.319
38517260.646	3374942.869	-0.318
38517260.857	3374942.803	-0.317
38517261.069	3374942.737	-0.317
38517261.280	3374942.671	-0.316
38517261.491	3374942.594	-0.315
38517261.703	3374942.527	-0.315
38517261.914	3374942.461	-0.314
38517262.125	3374942.395	-0.312
38517262.337	3374942.329	-0.311
38517262.548	3374942.263	-0.310
38517262.759	3374942.197	-0.310
38517262.980	3374942.130	-0.309
38517263.259	3374942.053	-0.308
38517263.470	3374941.987	-0.307
38517263.681	3374941.921	-0.306
38517263.893	3374941.855	-0.305
38517264.104	3374941.788	-0.305
38517264.315	3374941.722	-0.304
38517264.527	3374941.656	-0.303
38517264.738	3374941.601	-0.302
38517264.949	3374941.535	-0.301
38517265.161	3374941.469	-0.300
38517265.372	3374941.402	-0.300
38517265.583	3374941.347	-0.299
38517265.795	3374941.281	-0.298
38517266.073	3374941.193	-0.297
38517266.284	3374941.138	-0.297
38517266.496	3374941.072	-0.296
38517266.707	3374941.005	-0.295
38517266.918	3374940.950	-0.294
38517267.120	3374940.884	-0.294
38517267.331	3374940.829	-0.293
38517267.543	3374940.763	-0.293
38517267.754	3374940.708	-0.292
38517267.965	3374940.642	-0.291
38517268.177	3374940.575	-0.291
38517268.388	3374940.520	-0.290
38517268.599	3374940.454	-0.290
38517268.810	3374940.399	-0.289
38517269.012	3374940.333	-0.289
38517269.224	3374940.278	-0.289
38517269.435	3374940.223	-0.288
38517269.646	3374940.157	-0.288
38517269.857	3374940.101	-0.287
38517270.069	3374940.035	-0.287
38517270.270	3374939.980	-0.287
38517270.482	3374939.914	-0.286
38517270.693	3374939.859	-0.286
38517270.904	3374939.804	-0.285
38517271.116	3374939.738	-0.285
38517271.317	3374939.683	-0.285
38517271.529	3374939.616	-0.285
38517271.740	3374939.561	-0.285
38517271.951	3374939.506	-0.285
38517272.153	3374939.440	-0.285
38517272.364	3374939.385	-0.284
38517272.576	3374939.319	-0.284
38517272.777	3374939.264	-0.284
38517273.056	3374939.186	-0.284
38517273.267	3374939.131	-0.284
38517273.478	3374939.065	-0.284
38517273.690	3374939.010	-0.284
38517273.891	3374938.955	-0.284
38517274.103	3374938.889	-0.284
38517274.314	3374938.834	-0.284
38517274.516	3374938.779	-0.284
38517274.727	3374938.712	-0.284
38517274.938	3374938.657	-0.284
38517275.140	3374938.602	-0.284
38517275.351	3374938.536	-0.284
38517275.563	3374938.481	-0.284
38517275.764	3374938.426	-0.284
38517275.976	3374938.360	-0.284
38517276.177	3374938.304	-0.284
38517276.389	3374938.249	-0.284
38517276.667	3374938.172	-0.284
38517276.879	3374938.106	-0.284
38517277.080	3374938.051	-0.284
38517277.359	3374937.974	-0.285
38517277.570	3374937.919	-0.285
38517277.772	3374937.864	-0.285
38517277.983	3374937.797	-0.285
38517278.194	3374937.742	-0.285
38517278.396	3374937.687	-0.285
38517278.607	3374937.621	-0.286
38517278.809	3374937.566	-0.286
38517279.020	3374937.511	-0.287
38517279.232	3374937.456	-0.287
38517279.433	3374937.390	-0.288
38517279.645	3374937.334	-0.288
38517279.923	3374937.257	-0.288
38517280.125	3374937.191	-0.289
38517280.336	3374937.136	-0.289
38517280.548	3374937.081	-0.290
38517280.749	3374937.015	-0.290
38517280.961	3374936.960	-0.290
38517281.172	3374936.893	-0.291
38517281.450	3374936.816	-0.292
38517281.652	3374936.761	-0.293
38517281.863	3374936.695	-0.293
38517282.065	3374936.640	-0.294
38517282.344	3374936.563	-0.294
38517282.555	3374936.497	-0.294
38517282.766	3374936.430	-0.294
38517282.968	3374936.375	-0.294
38517283.179	3374936.309	-0.295
38517283.391	3374936.254	-0.295
38517283.592	3374936.188	-0.296
38517283.804	3374936.133	-0.297
38517284.082	3374936.044	-0.297
38517284.284	3374935.989	-0.297
38517284.495	3374935.923	-0.298
38517284.707	3374935.868	-0.298
38517284.908	3374935.802	-0.298
38517285.187	3374935.725	-0.298
38517285.398	3374935.659	-0.298
38517285.609	3374935.592	-0.298
38517285.811	3374935.537	-0.298
38517286.022	3374935.471	-0.298
38517286.234	3374935.416	-0.298
38517286.445	3374935.350	-0.298
38517286.647	3374935.284	-0.298
38517286.925	3374935.206	-0.298
38517287.137	3374935.140	-0.298
38517287.348	3374935.085	-0.299
38517287.550	3374935.019	-0.299
38517287.761	3374934.964	-0.299
38517287.972	3374934.898	-0.299
38517288.251	3374934.821	-0.298
38517288.462	3374934.754	-0.298
38517288.664	3374934.688	-0.298
38517288.875	3374934.633	-0.298
38517289.086	3374934.567	-0.299
38517289.298	3374934.501	-0.299
38517289.509	3374934.446	-0.299
38517289.788	3374934.357	-0.299
38517289.989	3374934.302	-0.299
38517290.201	3374934.236	-0.299
38517290.412	3374934.170	-0.299
38517290.623	3374934.115	-0.299
38517290.825	3374934.049	-0.299
38517291.113	3374933.971	-0.299
38517291.315	3374933.905	-0.299
38517291.526	3374933.850	-0.299
38517291.737	3374933.784	-0.299
38517291.949	3374933.718	-0.299
38517292.150	3374933.663	-0.298
38517292.362	3374933.597	-0.298
38517292.573	3374933.530	-0.297
38517292.784	3374933.475	-0.297
38517292.996	3374933.409	-0.297
38517293.197	3374933.354	-0.297
38517293.409	3374933.288	-0.297
38517293.620	3374933.233	-0.297
38517293.899	3374933.144	-0.297
38517294.110	3374933.089	-0.297
38517294.321	3374933.023	-0.297
38517294.523	3374932.957	-0.297
38517294.734	3374932.902	-0.296
38517294.945	3374932.836	-0.296
38517295.291	3374932.736	-0.296
38517295.503	3374932.670	-0.295
38517295.714	3374932.615	-0.295
38517295.925	3374932.549	-0.294
38517296.127	3374932.494	-0.294
38517296.338	3374932.428	-0.293
38517296.617	3374932.351	-0.293
38517297.596	3374932.064	-0.291
38517297.808	3374932.009	-0.291
38517298.086	3374931.921	-0.291
38517298.365	3374931.843	-0.290
38517298.576	3374931.788	-0.290
38517298.855	3374931.700	-0.290
38517299.066	3374931.645	-0.289
38517299.268	3374931.579	-0.289
38517299.556	3374931.502	-0.289
38517299.758	3374931.447	-0.289
38517299.969	3374931.380	-0.289
38517300.180	3374931.325	-0.289
38517300.391	3374931.270	-0.289
38517300.603	3374931.204	-0.288
38517300.804	3374931.149	-0.288
38517301.016	3374931.083	-0.288
38517301.227	3374931.028	-0.288
38517301.438	3374930.961	-0.288
38517301.650	3374930.906	-0.288
38517301.851	3374930.851	-0.288
38517302.063	3374930.785	-0.288
38517302.274	3374930.730	-0.287
38517302.485	3374930.664	-0.287
38517302.697	3374930.609	-0.287
38517302.898	3374930.554	-0.287
38517303.110	3374930.487	-0.287
38517303.321	3374930.432	-0.287
38517303.532	3374930.366	-0.287
38517303.811	3374930.289	-0.287
38517304.013	3374930.234	-0.287
38517304.224	3374930.168	-0.287
38517304.435	3374930.113	-0.287
38517304.646	3374930.046	-0.287
38517304.848	3374929.991	-0.286
38517305.059	3374929.936	-0.286
38517305.271	3374929.870	-0.286
38517305.472	3374929.815	-0.286
38517305.684	3374929.749	-0.286
38517305.895	3374929.694	-0.286
38517306.106	3374929.627	-0.286
38517306.385	3374929.550	-0.286
38517306.587	3374929.495	-0.286
38517306.798	3374929.429	-0.286
38517307.009	3374929.374	-0.286
38517307.221	3374929.319	-0.286
38517307.422	3374929.253	-0.286
38517307.634	3374929.198	-0.286
38517307.845	3374929.142	-0.286
38517308.047	3374929.076	-0.285
38517308.258	3374929.021	-0.285
38517308.469	3374928.955	-0.285
38517308.680	3374928.900	-0.285
38517308.882	3374928.834	-0.284
38517309.093	3374928.779	-0.284
38517309.305	3374928.723	-0.284
38517309.507	3374928.657	-0.284
38517309.718	3374928.602	-0.284
38517309.929	3374928.547	-0.283
38517310.140	3374928.481	-0.283
38517310.342	3374928.426	-0.283
38517310.553	3374928.371	-0.283
38517310.765	3374928.305	-0.283
38517310.966	3374928.249	-0.283
38517311.178	3374928.194	-0.283
38517311.389	3374928.128	-0.283
38517311.600	3374928.073	-0.283
38517311.802	3374928.018	-0.282
38517312.013	3374927.952	-0.282
38517312.225	3374927.897	-0.282
38517312.436	3374927.842	-0.282
38517312.638	3374927.775	-0.282
38517312.849	3374927.720	-0.281
38517313.060	3374927.665	-0.281
38517313.339	3374927.588	-0.281
38517313.541	3374927.522	-0.280
38517313.752	3374927.467	-0.280
38517313.963	3374927.412	-0.279
38517314.174	3374927.357	-0.279
38517314.376	3374927.290	-0.279
38517314.587	3374927.235	-0.279
38517314.799	3374927.180	-0.278
38517315.000	3374927.125	-0.278
38517315.212	3374927.059	-0.277
38517315.423	3374927.004	-0.277
38517315.634	3374926.949	-0.276
38517315.836	3374926.894	-0.276
38517316.047	3374926.839	-0.275
38517316.326	3374926.761	-0.274
38517316.537	3374926.695	-0.273
38517316.739	3374926.640	-0.273
38517316.950	3374926.585	-0.272
38517317.161	3374926.530	-0.272
38517317.363	3374926.475	-0.271
38517317.574	3374926.420	-0.270
38517317.786	3374926.365	-0.270
38517317.997	3374926.309	-0.269
38517318.199	3374926.254	-0.269
38517318.410	3374926.199	-0.268
38517318.621	3374926.144	-0.267
38517318.833	3374926.089	-0.267
38517319.034	3374926.034	-0.266
38517319.246	3374925.979	-0.265
38517319.457	3374925.924	-0.265
38517319.668	3374925.880	-0.265
38517319.870	3374925.825	-0.264
38517320.081	3374925.770	-0.263
38517320.360	3374925.692	-0.263
38517320.571	3374925.637	-0.262
38517320.773	3374925.593	-0.261
38517320.984	3374925.538	-0.261
38517321.195	3374925.483	-0.260
38517321.407	3374925.428	-0.260
38517321.752	3374925.340	-0.260
38517321.964	3374925.285	-0.259
38517322.165	3374925.241	-0.259
38517322.377	3374925.186	-0.259
38517322.588	3374925.131	-0.258
38517322.799	3374925.076	-0.258
38517323.068	3374925.009	-0.258
38517323.347	3374924.943	-0.258
38517323.558	3374924.888	-0.258
38517323.769	3374924.833	-0.258
38517323.971	3374924.778	-0.258
38517324.182	3374924.734	-0.258
38517324.384	3374924.679	-0.258
38517324.595	3374924.624	-0.258
38517324.807	3374924.569	-0.258
38517325.008	3374924.514	-0.258
38517325.220	3374924.470	-0.258
38517325.421	3374924.415	-0.258
38517325.633	3374924.359	-0.258
38517325.844	3374924.304	-0.258
38517326.046	3374924.260	-0.258
38517326.257	3374924.205	-0.257
38517326.459	3374924.150	-0.257
38517326.670	3374924.095	-0.257
38517326.872	3374924.051	-0.257
38517327.083	3374923.996	-0.257
38517327.285	3374923.941	-0.257
38517327.496	3374923.897	-0.257
38517327.698	3374923.842	-0.257
38517327.899	3374923.787	-0.257
38517328.111	3374923.732	-0.257
38517328.312	3374923.687	-0.257
38517328.524	3374923.632	-0.257
38517328.725	3374923.577	-0.258
38517328.936	3374923.533	-0.258
38517329.138	3374923.478	-0.258
38517329.340	3374923.423	-0.258
38517329.551	3374923.368	-0.258
38517329.753	3374923.324	-0.258
38517330.031	3374923.258	-0.258
38517330.233	3374923.203	-0.258
38517330.435	3374923.148	-0.258
38517330.636	3374923.093	-0.257
38517330.848	3374923.049	-0.257
38517331.049	3374922.993	-0.257
38517331.251	3374922.938	-0.257
38517331.453	3374922.894	-0.257
38517331.664	3374922.839	-0.257
38517331.866	3374922.784	-0.257
38517332.068	3374922.740	-0.257
38517332.269	3374922.685	-0.257
38517332.481	3374922.630	-0.257
38517332.682	3374922.586	-0.257
38517332.884	3374922.531	-0.257
38517333.086	3374922.487	-0.258
38517333.287	3374922.432	-0.258
38517333.489	3374922.377	-0.258
38517333.700	3374922.333	-0.258
38517333.902	3374922.277	-0.258
38517334.104	3374922.233	-0.258
38517334.305	3374922.178	-0.258
38517334.507	3374922.123	-0.258
38517334.709	3374922.079	-0.258
38517334.910	3374922.024	-0.258
38517335.112	3374921.969	-0.258
38517335.314	3374921.925	-0.258
38517335.516	3374921.870	-0.258
38517335.717	3374921.826	-0.258
38517335.919	3374921.771	-0.258
38517336.121	3374921.716	-0.258
38517336.322	3374921.672	-0.258
38517336.524	3374921.616	-0.258
38517336.793	3374921.550	-0.259
38517336.995	3374921.506	-0.259
38517337.196	3374921.451	-0.259
38517337.398	3374921.396	-0.259
38517337.600	3374921.352	-0.259
38517337.801	3374921.297	-0.260
38517338.003	3374921.242	-0.260
38517338.205	3374921.198	-0.260
38517338.464	3374921.132	-0.260
38517338.666	3374921.077	-0.260
38517338.867	3374921.022	-0.260
38517339.069	3374920.977	-0.260
38517339.271	3374920.922	-0.260
38517339.530	3374920.856	-0.260
38517339.732	3374920.801	-0.261
38517339.934	3374920.757	-0.261
38517340.135	3374920.702	-0.261
38517340.395	3374920.636	-0.261
38517340.596	3374920.581	-0.261
38517340.798	3374920.526	-0.261
38517341.057	3374920.460	-0.261
38517341.259	3374920.416	-0.262
38517341.461	3374920.360	-0.262
38517341.720	3374920.294	-0.262
38517341.922	3374920.239	-0.262
38517342.181	3374920.173	-0.262
38517342.517	3374920.085	-0.262
38517342.776	3374920.019	-0.263
38517342.978	3374919.964	-0.263
38517343.237	3374919.898	-0.263
38517343.439	3374919.854	-0.263
38517343.698	3374919.777	-0.264
38517343.900	3374919.732	-0.264
38517344.159	3374919.666	-0.264
38517344.361	3374919.611	-0.264
38517344.620	3374919.545	-0.265
38517344.880	3374919.479	-0.265
38517345.082	3374919.424	-0.265
38517345.341	3374919.358	-0.265
38517345.543	3374919.303	-0.265
38517345.802	3374919.237	-0.266
38517346.061	3374919.171	-0.266
38517346.320	3374919.104	-0.266
38517346.522	3374919.049	-0.266
38517346.782	3374918.983	-0.267
38517347.041	3374918.917	-0.267
38517347.367	3374918.829	-0.267
38517347.627	3374918.763	-0.268
38517347.886	3374918.686	-0.268
38517348.088	3374918.642	-0.268
38517348.347	3374918.564	-0.268
38517348.606	3374918.498	-0.269
38517348.866	3374918.432	-0.269
38517349.125	3374918.366	-0.269
38517349.384	3374918.300	-0.270
38517349.644	3374918.223	-0.270
38517349.961	3374918.135	-0.270
38517350.220	3374918.069	-0.270
38517350.479	3374918.002	-0.270
38517350.739	3374917.936	-0.270
38517350.998	3374917.859	-0.271
38517351.257	3374917.793	-0.271
38517351.507	3374917.727	-0.271
38517351.709	3374917.672	-0.272
38517351.958	3374917.606	-0.272
38517352.218	3374917.540	-0.273
38517352.477	3374917.462	-0.273
38517352.794	3374917.385	-0.274
38517353.053	3374917.308	-0.274
38517353.313	3374917.242	-0.275
38517353.572	3374917.176	-0.275
38517353.822	3374917.110	-0.275
38517354.081	3374917.033	-0.276
38517354.340	3374916.967	-0.276
38517354.590	3374916.900	-0.277
38517354.849	3374916.823	-0.277
38517355.099	3374916.757	-0.278
38517355.358	3374916.691	-0.278
38517355.608	3374916.614	-0.279
38517355.867	3374916.548	-0.279
38517356.117	3374916.482	-0.280
38517356.434	3374916.393	-0.280
38517356.693	3374916.327	-0.280
38517356.943	3374916.250	-0.281
38517357.193	3374916.184	-0.282
38517357.452	3374916.107	-0.282
38517357.702	3374916.041	-0.283
38517357.952	3374915.975	-0.283
38517358.211	3374915.897	-0.283
38517358.461	3374915.831	-0.284
38517358.711	3374915.754	-0.284
38517358.960	3374915.688	-0.285
38517359.220	3374915.622	-0.285
38517359.469	3374915.545	-0.285
38517359.719	3374915.479	-0.286
38517359.969	3374915.401	-0.286
38517360.218	3374915.335	-0.286
38517360.468	3374915.269	-0.286
38517360.718	3374915.192	-0.286
38517360.968	3374915.126	-0.286
38517361.217	3374915.049	-0.286
38517361.467	3374914.982	-0.286
38517361.717	3374914.905	-0.286
38517361.967	3374914.839	-0.286
38517362.216	3374914.773	-0.286
38517362.466	3374914.696	-0.286
38517362.716	3374914.630	-0.286
38517362.965	3374914.553	-0.286
38517363.215	3374914.486	-0.286
38517363.465	3374914.420	-0.286
38517363.715	3374914.343	-0.287
38517363.955	3374914.277	-0.287
38517364.204	3374914.200	-0.286
38517364.454	3374914.134	-0.286
38517364.704	3374914.068	-0.286
38517364.954	3374913.990	-0.286
38517365.203	3374913.924	-0.286
38517365.444	3374913.847	-0.286
38517365.693	3374913.781	-0.286
38517365.943	3374913.715	-0.286
38517366.193	3374913.638	-0.286
38517366.433	3374913.571	-0.285
38517366.683	3374913.494	-0.285
38517366.932	3374913.428	-0.285
38517367.172	3374913.362	-0.285
38517367.422	3374913.285	-0.284
38517367.672	3374913.219	-0.284
38517367.912	3374913.153	-0.284
38517368.162	3374913.075	-0.284
38517368.402	3374913.009	-0.284
38517368.652	3374912.943	-0.284
38517368.901	3374912.877	-0.284
38517369.141	3374912.800	-0.283
38517369.382	3374912.734	-0.283
38517369.631	3374912.667	-0.283
38517369.871	3374912.601	-0.283
38517370.121	3374912.524	-0.283
38517370.361	3374912.458	-0.282
38517370.611	3374912.392	-0.282
38517370.851	3374912.326	-0.282
38517371.091	3374912.260	-0.282
38517371.341	3374912.182	-0.281
38517371.639	3374912.105	-0.281
38517371.888	3374912.039	-0.281
38517372.128	3374911.973	-0.281
38517372.436	3374911.885	-0.280
38517372.676	3374911.819	-0.279
38517372.916	3374911.753	-0.279
38517373.156	3374911.675	-0.279
38517373.406	3374911.609	-0.280
38517373.646	3374911.554	-0.280
38517373.886	3374911.488	-0.280
38517374.126	3374911.422	-0.280
38517374.366	3374911.345	-0.280
38517374.607	3374911.279	-0.280
38517374.914	3374911.201	-0.280
38517375.154	3374911.135	-0.280
38517375.394	3374911.069	-0.280
38517375.634	3374911.003	-0.280
38517375.874	3374910.937	-0.280
38517376.114	3374910.871	-0.280
38517376.355	3374910.794	-0.280
38517376.595	3374910.727	-0.280
38517376.835	3374910.661	-0.280
38517377.133	3374910.584	-0.280
38517377.373	3374910.518	-0.280
38517377.613	3374910.452	-0.280
38517377.853	3374910.386	-0.280
38517378.093	3374910.320	-0.280
38517378.333	3374910.254	-0.280
38517378.573	3374910.187	-0.280
38517378.804	3374910.121	-0.280
38517379.044	3374910.055	-0.280
38517379.284	3374909.989	-0.280
38517379.524	3374909.923	-0.280
38517379.764	3374909.857	-0.280
38517379.995	3374909.791	-0.280
38517380.235	3374909.724	-0.280
38517380.475	3374909.658	-0.280
38517380.715	3374909.592	-0.280
38517380.946	3374909.526	-0.280
38517381.186	3374909.460	-0.280
38517381.416	3374909.394	-0.280
38517381.656	3374909.328	-0.280
38517381.897	3374909.262	-0.280
38517382.127	3374909.195	-0.280
38517382.367	3374909.140	-0.281
38517382.598	3374909.074	-0.281
38517382.838	3374909.008	-0.281
38517383.068	3374908.942	-0.281
38517383.308	3374908.876	-0.281
38517383.539	3374908.810	-0.282
38517383.837	3374908.732	-0.282
38517384.067	3374908.666	-0.282
38517384.423	3374908.567	-0.283
38517384.653	3374908.501	-0.283
38517384.884	3374908.435	-0.282
38517385.124	3374908.369	-0.283
38517385.354	3374908.303	-0.283
38517385.585	3374908.236	-0.283
38517385.825	3374908.170	-0.284
38517386.055	3374908.104	-0.284
38517386.286	3374908.038	-0.284
38517386.516	3374907.972	-0.284
38517386.757	3374907.906	-0.284
38517386.987	3374907.840	-0.285
38517387.218	3374907.773	-0.285
38517387.448	3374907.707	-0.285
38517387.679	3374907.641	-0.285
38517387.909	3374907.575	-0.285
38517388.149	3374907.520	-0.286
38517388.380	3374907.454	-0.286
38517388.610	3374907.388	-0.287
38517388.841	3374907.321	-0.287
38517389.071	3374907.255	-0.287
38517389.302	3374907.189	-0.287
38517389.532	3374907.134	-0.287
38517389.772	3374907.068	-0.287
38517390.003	3374907.002	-0.288
38517390.234	3374906.947	-0.288
38517390.464	3374906.881	-0.288
38517390.695	3374906.815	-0.288
38517390.925	3374906.748	-0.289
38517391.156	3374906.693	-0.289
38517391.386	3374906.627	-0.289
38517391.617	3374906.561	-0.289
38517391.847	3374906.506	-0.289
38517392.078	3374906.440	-0.289
38517392.308	3374906.374	-0.289
38517392.539	3374906.308	-0.289
38517392.760	3374906.241	-0.289
38517392.990	3374906.186	-0.289
38517393.221	3374906.120	-0.290
38517393.451	3374906.054	-0.290
38517393.672	3374905.988	-0.290
38517393.903	3374905.922	-0.290
38517394.133	3374905.856	-0.290
38517394.364	3374905.789	-0.290
38517394.584	3374905.734	-0.290
38517394.815	3374905.657	-0.290
38517395.036	3374905.591	-0.290
38517395.266	3374905.525	-0.290
38517395.487	3374905.459	-0.289
38517395.718	3374905.392	-0.289
38517395.948	3374905.326	-0.289
38517396.169	3374905.271	-0.289
38517396.390	3374905.205	-0.289
38517396.621	3374905.139	-0.289
38517396.842	3374905.073	-0.289
38517397.072	3374905.007	-0.289
38517397.293	3374904.940	-0.289
38517397.524	3374904.874	-0.289
38517397.745	3374904.808	-0.289
38517397.965	3374904.742	-0.289
38517398.196	3374904.676	-0.289
38517398.417	3374904.610	-0.288
38517398.647	3374904.544	-0.289
38517398.868	3374904.477	-0.289
38517399.099	3374904.422	-0.289
38517399.320	3374904.356	-0.289
38517399.541	3374904.290	-0.288
38517399.771	3374904.224	-0.288
38517399.992	3374904.158	-0.288
38517400.223	3374904.103	-0.288
38517400.444	3374904.036	-0.288
38517400.664	3374903.970	-0.288
38517400.895	3374903.904	-0.288
38517401.116	3374903.838	-0.288
38517401.346	3374903.772	-0.288
38517401.567	3374903.717	-0.288
38517401.798	3374903.651	-0.288
38517402.019	3374903.584	-0.287
38517402.240	3374903.518	-0.287
38517402.470	3374903.452	-0.287
38517402.691	3374903.397	-0.287
38517402.922	3374903.331	-0.287
38517403.143	3374903.265	-0.287
38517403.363	3374903.199	-0.287
38517403.594	3374903.132	-0.287
38517403.815	3374903.077	-0.287
38517404.045	3374903.011	-0.287
38517404.266	3374902.945	-0.286
38517404.497	3374902.879	-0.286
38517404.718	3374902.824	-0.286
38517404.939	3374902.758	-0.285
38517405.169	3374902.692	-0.285
38517405.390	3374902.625	-0.285
38517405.621	3374902.559	-0.285
38517405.841	3374902.493	-0.284
38517406.062	3374902.427	-0.284
38517406.293	3374902.372	-0.283
38517406.514	3374902.306	-0.283
38517406.744	3374902.240	-0.282
38517406.965	3374902.173	-0.282
38517407.186	3374902.107	-0.281
38517407.417	3374902.041	-0.280
38517407.638	3374901.986	-0.280
38517407.868	3374901.920	-0.279
38517408.089	3374901.854	-0.279
38517408.320	3374901.788	-0.279
38517408.540	3374901.721	-0.278
38517408.771	3374901.666	-0.278
38517408.992	3374901.600	-0.277
38517409.213	3374901.534	-0.277
38517409.501	3374901.457	-0.276
38517409.722	3374901.402	-0.276
38517409.952	3374901.336	-0.275
38517410.231	3374901.258	-0.274
38517410.461	3374901.203	-0.274
38517410.682	3374901.137	-0.273
38517410.913	3374901.082	-0.273
38517411.134	3374901.016	-0.272
38517411.364	3374900.961	-0.272
38517411.585	3374900.895	-0.272
38517411.816	3374900.840	-0.272
38517412.037	3374900.785	-0.271
38517412.267	3374900.719	-0.271
38517412.488	3374900.663	-0.271
38517412.719	3374900.597	-0.271
38517412.949	3374900.542	-0.271
38517413.170	3374900.487	-0.271
38517413.400	3374900.421	-0.271
38517413.621	3374900.366	-0.271
38517413.852	3374900.311	-0.271
38517414.073	3374900.245	-0.271
38517414.303	3374900.190	-0.272
38517414.524	3374900.123	-0.272
38517414.755	3374900.068	-0.272
38517415.033	3374899.991	-0.272
38517415.254	3374899.936	-0.272
38517415.485	3374899.870	-0.273
38517415.706	3374899.815	-0.273
38517415.936	3374899.749	-0.273
38517416.215	3374899.672	-0.273
38517416.445	3374899.617	-0.273
38517416.666	3374899.550	-0.274
38517416.887	3374899.495	-0.274
38517417.117	3374899.429	-0.275
38517417.338	3374899.363	-0.275
38517417.569	3374899.308	-0.275
38517417.790	3374899.242	-0.275
38517418.011	3374899.176	-0.275
38517418.241	3374899.121	-0.276
38517418.462	3374899.054	-0.276
38517418.683	3374898.988	-0.276
38517418.914	3374898.922	-0.276
38517419.134	3374898.867	-0.276
38517419.355	3374898.801	-0.276
38517419.586	3374898.735	-0.277
38517419.807	3374898.669	-0.277
38517420.037	3374898.614	-0.277
38517420.258	3374898.547	-0.277
38517420.479	3374898.481	-0.277
38517420.710	3374898.426	-0.277
38517420.931	3374898.360	-0.277
38517421.267	3374898.272	-0.277
38517421.488	3374898.206	-0.277
38517421.776	3374898.129	-0.277
38517422.054	3374898.051	-0.277
38517422.275	3374897.985	-0.276
38517422.496	3374897.930	-0.276
38517422.727	3374897.864	-0.276
38517422.948	3374897.809	-0.276
38517423.178	3374897.743	-0.276
38517423.399	3374897.677	-0.275
38517423.620	3374897.622	-0.275
38517423.850	3374897.555	-0.274
38517424.071	3374897.500	-0.274
38517424.302	3374897.434	-0.273
38517424.523	3374897.379	-0.273
38517424.753	3374897.313	-0.273
38517424.974	3374897.258	-0.272
38517425.195	3374897.192	-0.272
38517425.426	3374897.137	-0.272
38517425.646	3374897.070	-0.271
38517425.877	3374897.015	-0.271
38517426.098	3374896.949	-0.271
38517426.328	3374896.894	-0.271
38517426.549	3374896.828	-0.270
38517426.770	3374896.773	-0.270
38517427.001	3374896.707	-0.270
38517427.222	3374896.652	-0.269
38517427.452	3374896.597	-0.269
38517427.673	3374896.531	-0.269
38517427.894	3374896.475	-0.268
38517428.124	3374896.409	-0.268
38517428.345	3374896.354	-0.267
38517428.576	3374896.288	-0.267
38517428.797	3374896.233	-0.267
38517429.027	3374896.178	-0.267
38517429.248	3374896.112	-0.267
38517429.469	3374896.057	-0.266
38517429.700	3374896.002	-0.266
38517429.921	3374895.935	-0.266
38517430.151	3374895.880	-0.266
38517430.372	3374895.825	-0.266
38517430.602	3374895.759	-0.266
38517430.823	3374895.704	-0.265
38517431.054	3374895.638	-0.265
38517431.275	3374895.583	-0.265
38517431.496	3374895.528	-0.265
38517431.726	3374895.462	-0.265
38517432.005	3374895.396	-0.265
38517432.235	3374895.329	-0.265
38517432.456	3374895.274	-0.265
38517432.677	3374895.219	-0.265
38517432.908	3374895.153	-0.265
38517433.128	3374895.098	-0.265
38517433.349	3374895.043	-0.265
38517433.580	3374894.977	-0.265
38517433.858	3374894.911	-0.266
38517434.089	3374894.845	-0.266
38517434.310	3374894.790	-0.266
38517434.531	3374894.735	-0.266
38517434.761	3374894.668	-0.266
38517434.982	3374894.613	-0.266
38517435.213	3374894.558	-0.266
38517435.434	3374894.492	-0.266
38517435.654	3374894.437	-0.266
38517435.885	3374894.382	-0.266
38517436.106	3374894.316	-0.267
38517436.327	3374894.261	-0.267
38517436.557	3374894.206	-0.267
38517436.778	3374894.139	-0.267
38517437.009	3374894.084	-0.267
38517437.230	3374894.029	-0.268
38517437.508	3374893.952	-0.268
38517437.739	3374893.897	-0.268
38517437.960	3374893.831	-0.268
38517438.180	3374893.776	-0.268
38517438.411	3374893.710	-0.268
38517438.690	3374893.644	-0.268
38517438.910	3374893.578	-0.269
38517439.131	3374893.522	-0.269
38517439.362	3374893.467	-0.269
38517439.583	3374893.401	-0.270
38517439.804	3374893.346	-0.270
38517440.025	3374893.291	-0.270
38517440.313	3374893.214	-0.270
38517440.534	3374893.159	-0.271
38517440.755	3374893.093	-0.271
38517440.975	3374893.038	-0.271
38517441.196	3374892.983	-0.271
38517441.417	3374892.916	-0.271
38517441.638	3374892.861	-0.271
38517441.859	3374892.806	-0.272
38517442.080	3374892.740	-0.272
38517442.301	3374892.685	-0.272
38517442.522	3374892.630	-0.273
38517442.743	3374892.575	-0.273
38517442.954	3374892.509	-0.273
38517443.175	3374892.454	-0.273
38517443.386	3374892.399	-0.274
38517443.655	3374892.321	-0.274
38517443.876	3374892.266	-0.274
38517444.193	3374892.178	-0.274
38517444.414	3374892.123	-0.275
38517444.625	3374892.057	-0.275
38517444.836	3374892.002	-0.275
38517445.057	3374891.947	-0.275
38517445.317	3374891.869	-0.275
38517445.538	3374891.814	-0.276
38517445.749	3374891.759	-0.276
38517445.960	3374891.693	-0.276
38517446.172	3374891.638	-0.276
38517446.383	3374891.583	-0.276
38517446.594	3374891.528	-0.277
38517446.805	3374891.473	-0.277
38517447.017	3374891.407	-0.278
38517447.218	3374891.351	-0.278
38517447.430	3374891.296	-0.278
38517447.641	3374891.241	-0.278
38517447.843	3374891.186	-0.279
38517448.054	3374891.131	-0.279
38517448.256	3374891.065	-0.279
38517448.467	3374891.010	-0.279
38517448.669	3374890.955	-0.280
38517448.870	3374890.900	-0.280
38517449.072	3374890.845	-0.280
38517449.274	3374890.789	-0.280
38517449.562	3374890.701	-0.280
38517449.764	3374890.646	-0.281
38517450.004	3374890.580	-0.282
38517450.244	3374890.514	-0.282
38517450.484	3374890.448	-0.282
38517450.724	3374890.382	-0.283
38517450.955	3374890.315	-0.283
38517451.185	3374890.249	-0.283
38517451.416	3374890.194	-0.283
38517451.637	3374890.128	-0.283
38517451.906	3374890.051	-0.284
38517452.127	3374889.996	-0.285
38517452.338	3374889.930	-0.285
38517452.559	3374889.863	-0.286
38517452.770	3374889.808	-0.287
38517453.068	3374889.731	-0.288
38517453.270	3374889.665	-0.289
38517453.471	3374889.610	-0.289
38517453.683	3374889.555	-0.290
38517453.884	3374889.489	-0.290
38517454.115	3374889.423	-0.292
38517454.316	3374889.367	-0.293
38517454.595	3374889.290	-0.295
38517454.787	3374889.224	-0.296
38517455.018	3374889.158	-0.297
38517455.248	3374889.092	-0.298
38517455.479	3374889.026	-0.299
38517455.709	3374888.959	-0.301
38517455.940	3374888.893	-0.302
38517456.132	3374888.827	-0.303
38517456.353	3374888.761	-0.304
38517456.583	3374888.695	-0.306
38517456.804	3374888.629	-0.307
38517457.025	3374888.562	-0.308
38517457.217	3374888.496	-0.309
38517457.429	3374888.430	-0.310
38517457.688	3374888.353	-0.312
38517457.909	3374888.287	-0.312
38517458.120	3374888.209	-0.313
38517458.379	3374888.132	-0.313
38517458.591	3374888.066	-0.313
38517458.850	3374887.989	-0.313
38517459.129	3374887.901	-0.313
38517459.340	3374887.835	-0.313
38517459.561	3374887.768	-0.313
38517459.772	3374887.702	-0.312
38517459.984	3374887.636	-0.311
38517460.195	3374887.570	-0.311
38517460.397	3374887.504	-0.310
38517460.608	3374887.437	-0.309
38517460.819	3374887.371	-0.308
38517461.021	3374887.305	-0.307
38517461.232	3374887.239	-0.306
38517461.434	3374887.184	-0.306
38517461.645	3374887.118	-0.305
38517461.847	3374887.051	-0.304
38517462.049	3374886.996	-0.303
38517462.260	3374886.930	-0.302
38517462.462	3374886.875	-0.301
38517462.663	3374886.809	-0.300
38517462.865	3374886.754	-0.299
38517463.067	3374886.699	-0.298
38517463.269	3374886.632	-0.297
38517463.470	3374886.577	-0.296
38517463.672	3374886.522	-0.295
38517463.931	3374886.445	-0.294
38517464.162	3374886.379	-0.295
38517464.383	3374886.313	-0.296
38517464.642	3374886.236	-0.298
38517464.901	3374886.158	-0.299
38517465.122	3374886.092	-0.301
38517465.334	3374886.026	-0.303
38517465.555	3374885.971	-0.306
38517465.766	3374885.905	-0.308
38517465.977	3374885.839	-0.311
38517466.179	3374885.772	-0.314
38517466.419	3374885.706	-0.317
38517466.621	3374885.640	-0.321
38517466.813	3374885.574	-0.324
38517467.015	3374885.519	-0.327
38517467.207	3374885.453	-0.331
38517467.399	3374885.386	-0.335
38517467.610	3374885.320	-0.339
38517467.821	3374885.243	-0.343
38517468.023	3374885.177	-0.347
38517468.225	3374885.099	-0.352
38517468.427	3374885.033	-0.356
38517468.619	3374884.956	-0.359
38517468.811	3374884.890	-0.363
38517469.003	3374884.824	-0.367
38517469.205	3374884.746	-0.371
38517469.406	3374884.669	-0.375
38517469.608	3374884.592	-0.379
38517469.810	3374884.514	-0.382
38517470.002	3374884.437	-0.384
38517470.194	3374884.360	-0.384
38517470.386	3374884.272	-0.383
38517470.598	3374884.183	-0.379
38517470.790	3374884.117	-0.372
38517470.982	3374884.040	-0.364
38517471.174	3374883.962	-0.353
38517471.366	3374883.896	-0.340
38517471.558	3374883.830	-0.323
38517471.760	3374883.764	-0.304
38517471.952	3374883.698	-0.283
38517472.596	3374883.521	-0.194
38517473.662	3374883.401	0.014
38517473.882	3374883.401	0.065
38517474.103	3374883.413	0.118
38517474.324	3374883.435	0.174
38517474.593	3374883.480	0.245
38517474.852	3374883.536	0.318
38517475.072	3374883.614	0.386
38517475.264	3374883.692	0.448
38517475.475	3374883.792	0.517
38517475.677	3374883.903	0.589
38517475.878	3374884.036	0.670
38517476.070	3374884.181	0.752
38517476.223	3374884.314	0.833
38517476.377	3374884.481	0.892
38517476.520	3374884.647	0.973
38517476.635	3374884.814	1.039
38517476.750	3374885.002	1.113
38517476.846	3374885.180	1.174
38517476.932	3374885.368	1.251
38517476.999	3374885.557	1.320
38517477.056	3374885.757	1.387
38517477.104	3374885.967	1.462
38517477.132	3374886.167	1.531
38517477.142	3374886.378	1.599
38517477.141	3374886.599	1.667
38517477.122	3374886.799	1.743
38517477.083	3374887.043	1.809
38517477.044	3374887.242	1.891
38517476.986	3374887.442	1.950
38517476.909	3374887.630	2.023
38517476.823	3374887.829	2.093
38517476.717	3374888.007	2.154
38517476.611	3374888.184	2.215
38517476.495	3374888.350	2.274
38517476.361	3374888.505	2.330
38517476.226	3374888.660	2.379
38517476.082	3374888.804	2.438
38517475.918	3374888.937	2.488
38517475.765	3374889.069	2.535
38517475.572	3374889.202	2.586
38517475.399	3374889.324	2.628
38517475.217	3374889.423	2.665
38517475.034	3374889.523	2.701
38517474.832	3374889.633	2.741
38517474.640	3374889.711	2.774
38517474.438	3374889.788	2.806
38517474.246	3374889.854	2.838
38517474.054	3374889.920	2.864
38517473.824	3374889.986	2.896
38517473.622	3374890.042	2.920
38517473.420	3374890.086	2.935
38517473.219	3374890.130	2.954
38517473.017	3374890.174	2.964
38517472.815	3374890.207	2.976
38517472.594	3374890.250	2.984
38517472.393	3374890.283	2.991
38517472.191	3374890.316	2.998
38517471.989	3374890.349	3.004
38517471.788	3374890.371	3.008
38517471.586	3374890.393	3.011
38517471.365	3374890.426	3.012
38517471.144	3374890.448	3.010
38517470.933	3374890.481	3.008
38517470.712	3374890.502	3.006
38517470.501	3374890.535	3.002
38517470.290	3374890.568	2.997
38517470.079	3374890.590	2.992
38517469.867	3374890.623	2.985
38517469.656	3374890.656	2.977
38517469.445	3374890.689	2.968
38517469.243	3374890.722	2.959
38517469.041	3374890.755	2.952
38517468.840	3374890.788	2.942
38517468.638	3374890.821	2.933
38517468.436	3374890.865	2.924
38517468.216	3374890.909	2.915
38517468.004	3374890.953	2.906
38517467.774	3374891.008	2.898
38517467.562	3374891.052	2.893
38517467.351	3374891.107	2.889
38517467.140	3374891.151	2.887
38517466.938	3374891.195	2.887
38517466.737	3374891.239	2.887
38517466.525	3374891.294	2.887
38517466.304	3374891.338	2.887
38517466.103	3374891.393	2.887
38517465.891	3374891.437	2.887
38517465.690	3374891.492	2.889
38517465.488	3374891.536	2.889
38517465.286	3374891.580	2.891
38517465.085	3374891.635	2.892
