-363.861	-33.561	0.006
-363.584	-33.559	0.006
-363.306	-33.557	0.006
-363.029	-33.556	0.006
-362.752	-33.554	0.006
-362.475	-33.552	0.006
-362.199	-33.550	0.006
-361.923	-33.548	0.006
-361.648	-33.547	0.006
-361.374	-33.545	0.006
-361.100	-33.543	0.006
-360.827	-33.542	0.006
-360.555	-33.540	0.006
-360.284	-33.538	0.006
-360.014	-33.537	0.006
-359.745	-33.535	0.006
-359.477	-33.533	0.006
-359.210	-33.532	0.006
-358.944	-33.530	0.006
-358.679	-33.529	0.006
-358.416	-33.527	0.006
-358.154	-33.526	0.006
-357.893	-33.524	0.005
-357.634	-33.523	0.005
-357.376	-33.521	0.005
-357.119	-33.520	0.005
-356.864	-33.518	0.005
-356.611	-33.517	0.005
-356.359	-33.516	0.005
-356.108	-33.514	0.005
-355.859	-33.513	0.005
-355.612	-33.512	0.005
-355.366	-33.510	0.005
-355.121	-33.509	0.005
-354.878	-33.508	0.005
-354.637	-33.507	0.005
-354.397	-33.505	0.005
-354.159	-33.504	0.005
-353.923	-33.503	0.005
-353.688	-33.502	0.005
-353.454	-33.501	0.005
-353.222	-33.500	0.005
-352.991	-33.499	0.005
-352.762	-33.497	0.005
-352.534	-33.496	0.005
-352.308	-33.495	0.005
-352.083	-33.494	0.005
-351.860	-33.493	0.005
-351.638	-33.492	0.004
-351.417	-33.491	0.004
-351.197	-33.490	0.004
-350.979	-33.489	0.004
-350.762	-33.488	0.004
-350.546	-33.487	0.004
-350.331	-33.486	0.004
-350.118	-33.485	0.004
-349.906	-33.485	0.004
-349.695	-33.484	0.004
-349.484	-33.483	0.004
-349.275	-33.482	0.004
-349.067	-33.481	0.004
-348.861	-33.480	0.004
-348.655	-33.479	0.004
-348.450	-33.478	0.004
-348.246	-33.478	0.004
-348.043	-33.477	0.004
-347.840	-33.476	0.004
-347.639	-33.475	0.004
-347.439	-33.474	0.004
-347.040	-33.473	0.004
-346.645	-33.471	0.004
-346.253	-33.470	0.004
-345.864	-33.468	0.004
-345.478	-33.467	0.004
-345.094	-33.465	0.004
-344.713	-33.464	0.004
-344.334	-33.463	0.004
-343.958	-33.461	0.004
-343.583	-33.460	0.004
-343.211	-33.459	0.003
-342.841	-33.457	0.003
-342.472	-33.456	0.003
-342.106	-33.455	0.003
-341.741	-33.453	0.003
-341.378	-33.452	0.003
-341.016	-33.451	0.003
-340.656	-33.450	0.003
-340.297	-33.449	0.003
-339.939	-33.447	0.003
-339.583	-33.446	0.003
-339.227	-33.445	0.003
-338.873	-33.444	0.003
-338.520	-33.443	0.003
-338.168	-33.442	0.003
-337.817	-33.441	0.003
-337.467	-33.440	0.003
-337.118	-33.438	0.003
-336.770	-33.437	0.003
-336.422	-33.436	0.003
-336.075	-33.435	0.003
-335.729	-33.434	0.003
-335.384	-33.433	0.003
-335.039	-33.432	0.003
-334.695	-33.431	0.003
-334.352	-33.430	0.003
-334.009	-33.429	0.003
-333.666	-33.428	0.003
-333.325	-33.427	0.003
-332.984	-33.426	0.003
-332.644	-33.425	0.003
-332.304	-33.424	0.003
-331.965	-33.423	0.003
-331.627	-33.422	0.003
-331.289	-33.421	0.003
-330.953	-33.420	0.003
-330.616	-33.419	0.003
-330.281	-33.418	0.003
-329.946	-33.417	0.003
-329.611	-33.416	0.003
-329.277	-33.415	0.003
-328.943	-33.414	0.003
-328.610	-33.413	0.003
-328.277	-33.412	0.003
-327.945	-33.411	0.003
-327.613	-33.410	0.003
-327.281	-33.409	0.003
-326.949	-33.408	0.003
-326.617	-33.407	0.003
-326.286	-33.406	0.003
-325.954	-33.405	0.003
-325.623	-33.404	0.003
-325.292	-33.403	0.003
-324.960	-33.402	0.003
-324.629	-33.401	0.003
-324.298	-33.400	0.003
-323.967	-33.399	0.003
-323.636	-33.398	0.003
-323.304	-33.397	0.003
-322.973	-33.396	0.003
-322.642	-33.395	0.003
-322.311	-33.394	0.003
-321.980	-33.393	0.003
-321.648	-33.392	0.003
-321.317	-33.391	0.003
-320.986	-33.390	0.003
-320.654	-33.390	0.003
-320.323	-33.389	0.003
-319.991	-33.388	0.003
-319.660	-33.387	0.003
-319.328	-33.386	0.003
-318.997	-33.385	0.003
-318.665	-33.384	0.003
-318.333	-33.383	0.003
-318.002	-33.382	0.003
-317.670	-33.381	0.003
-317.338	-33.380	0.003
-317.007	-33.379	0.003
-316.675	-33.378	0.003
-316.343	-33.377	0.003
-316.011	-33.376	0.003
-315.679	-33.375	0.003
-315.347	-33.374	0.003
-315.016	-33.374	0.003
-314.684	-33.373	0.003
-314.352	-33.372	0.003
-314.020	-33.371	0.003
-313.688	-33.370	0.003
-313.355	-33.369	0.003
-313.023	-33.368	0.003
-312.691	-33.367	0.003
-312.359	-33.366	0.003
-312.027	-33.365	0.003
-311.695	-33.365	0.003
-311.363	-33.364	0.003
-311.030	-33.363	0.003
-310.698	-33.362	0.003
-310.366	-33.361	0.003
-310.034	-33.360	0.003
-309.701	-33.359	0.003
-309.369	-33.358	0.003
-309.037	-33.358	0.003
-308.704	-33.357	0.003
-308.372	-33.356	0.003
-308.040	-33.355	0.002
-307.707	-33.354	0.002
-307.375	-33.353	0.002
-307.042	-33.353	0.002
-306.710	-33.352	0.002
-306.378	-33.351	0.002
-306.045	-33.350	0.002
-305.713	-33.349	0.002
-305.380	-33.349	0.002
-305.048	-33.348	0.002
-304.715	-33.347	0.002
-304.383	-33.346	0.002
-304.050	-33.345	0.002
-303.718	-33.345	0.002
-303.385	-33.344	0.002
-303.053	-33.343	0.002
-302.720	-33.342	0.002
-302.388	-33.342	0.002
-302.055	-33.341	0.002
-301.722	-33.340	0.002
-301.390	-33.339	0.002
-301.057	-33.339	0.002
-300.725	-33.338	0.002
-300.392	-33.337	0.002
-300.059	-33.336	0.002
-299.727	-33.336	0.002
-299.394	-33.335	0.002
-299.062	-33.334	0.002
-298.729	-33.334	0.002
-298.396	-33.333	0.002
-298.064	-33.332	0.002
-297.731	-33.332	0.002
-297.398	-33.331	0.002
-297.066	-33.330	0.002
-296.733	-33.330	0.002
-296.401	-33.329	0.002
-296.068	-33.328	0.002
-295.735	-33.328	0.002
-295.403	-33.327	0.002
-295.070	-33.326	0.002
-294.737	-33.326	0.002
-294.405	-33.325	0.002
-294.072	-33.325	0.002
-293.739	-33.324	0.002
-293.407	-33.323	0.002
-293.074	-33.323	0.002
-292.741	-33.322	0.002
-292.409	-33.321	0.002
-292.076	-33.321	0.002
-291.743	-33.320	0.002
-291.411	-33.320	0.002
-291.078	-33.319	0.002
-290.745	-33.319	0.002
-290.413	-33.318	0.002
-290.080	-33.317	0.002
-289.747	-33.317	0.002
-289.415	-33.316	0.002
-289.082	-33.316	0.002
-288.749	-33.315	0.002
-288.417	-33.315	0.002
-288.084	-33.314	0.002
-287.751	-33.314	0.002
-287.419	-33.313	0.002
-287.086	-33.313	0.002
-286.753	-33.312	0.002
-286.420	-33.312	0.002
-286.088	-33.311	0.001
-285.755	-33.311	0.001
-285.422	-33.310	0.001
-285.090	-33.310	0.001
-284.757	-33.309	0.001
-284.424	-33.309	0.001
-284.092	-33.308	0.001
-283.759	-33.308	0.001
-283.426	-33.307	0.001
-283.094	-33.307	0.001
-282.761	-33.306	0.001
-282.428	-33.306	0.001
-282.096	-33.305	0.001
-281.763	-33.305	0.001
-281.430	-33.304	0.001
-281.098	-33.304	0.001
-280.765	-33.304	0.001
-280.432	-33.303	0.001
-280.100	-33.303	0.001
-279.767	-33.302	0.001
-279.434	-33.302	0.001
-279.102	-33.301	0.001
-278.769	-33.301	0.001
-278.436	-33.301	0.001
-278.104	-33.300	0.001
-277.771	-33.300	0.001
-277.438	-33.299	0.001
-277.106	-33.299	0.001
-276.773	-33.299	0.001
-276.440	-33.298	0.001
-276.108	-33.298	0.001
-275.775	-33.297	0.001
-275.442	-33.297	0.001
-275.110	-33.297	0.001
-274.777	-33.296	0.001
-274.445	-33.296	0.001
-274.112	-33.296	0.001
-273.779	-33.295	0.001
-273.447	-33.295	0.001
-273.114	-33.295	0.001
-272.781	-33.294	0.001
-272.449	-33.294	0.001
-272.116	-33.293	0.001
-271.783	-33.293	0.001
-271.451	-33.293	0.001
-271.118	-33.292	0.001
-270.785	-33.292	0.001
-270.453	-33.292	0.001
-270.120	-33.291	0.001
-269.788	-33.291	0.001
-269.455	-33.291	0.001
-269.122	-33.291	0.001
-268.790	-33.290	0.001
-268.457	-33.290	0.001
-268.124	-33.290	0.001
-267.792	-33.289	0.001
-267.459	-33.289	0.001
-267.127	-33.289	0.001
-266.794	-33.288	0.001
-266.461	-33.288	0.001
-266.129	-33.288	0.001
-265.796	-33.288	0.001
-265.464	-33.287	0.001
-265.131	-33.287	0.001
-264.798	-33.287	0.001
-264.466	-33.287	0.001
-264.133	-33.286	0.001
-263.801	-33.286	0.001
-263.468	-33.286	0.001
-263.135	-33.286	0.001
-262.803	-33.285	0.001
-262.470	-33.285	0.001
-262.138	-33.285	0.001
-261.805	-33.285	0.001
-261.472	-33.284	0.001
-261.140	-33.284	0.001
-260.807	-33.284	0.001
-260.475	-33.284	0.001
-260.142	-33.283	0.001
-259.809	-33.283	0.001
-259.477	-33.283	0.001
-259.144	-33.283	0.001
-258.812	-33.283	0.001
-258.479	-33.282	0.001
-258.147	-33.282	0.001
-257.814	-33.282	0.001
-257.481	-33.282	0.001
-257.149	-33.282	0.001
-256.816	-33.281	0.001
-256.484	-33.281	0.001
-256.151	-33.281	0.001
-255.819	-33.281	0.001
-255.486	-33.281	0.000
-255.153	-33.281	0.000
-254.821	-33.280	0.000
-254.488	-33.280	0.000
-254.156	-33.280	0.000
-253.823	-33.280	0.000
-253.491	-33.280	0.000
-253.158	-33.280	0.000
-252.826	-33.280	0.000
-252.493	-33.279	0.000
-252.160	-33.279	0.000
-251.828	-33.279	0.000
-251.495	-33.279	0.000
-251.163	-33.279	0.000
-250.830	-33.279	0.000
-250.498	-33.279	0.000
-250.165	-33.279	0.000
-249.833	-33.278	0.000
-249.500	-33.278	0.000
-249.168	-33.278	0.000
-248.835	-33.278	0.000
-248.502	-33.278	0.000
-248.170	-33.278	0.000
-247.837	-33.278	0.000
-247.505	-33.278	0.000
-247.172	-33.278	0.000
-246.840	-33.278	0.000
-246.507	-33.278	0.000
-246.175	-33.277	0.000
-245.842	-33.277	0.000
-245.510	-33.277	0.000
-245.177	-33.277	0.000
-244.845	-33.277	0.000
-244.512	-33.277	0.000
-244.180	-33.277	0.000
-243.847	-33.277	0.000
-243.515	-33.277	0.000
-243.182	-33.277	0.000
-242.850	-33.277	0.000
-242.517	-33.277	0.000
-242.185	-33.277	0.000
-241.852	-33.277	0.000
-241.520	-33.277	0.000
-241.187	-33.277	0.000
-240.855	-33.277	0.000
-240.522	-33.277	0.000
-240.190	-33.277	0.000
-239.857	-33.277	0.000
-239.525	-33.277	0.000
-239.192	-33.277	-0.000
-238.860	-33.277	-0.000
-238.527	-33.277	-0.000
-238.195	-33.277	-0.000
-237.862	-33.277	-0.000
-237.530	-33.277	-0.000
-237.197	-33.277	-0.000
-236.865	-33.277	-0.000
-236.532	-33.277	-0.000
-236.200	-33.277	-0.000
-235.867	-33.277	-0.000
-235.535	-33.277	-0.000
-235.202	-33.277	-0.000
-234.870	-33.277	-0.000
-234.538	-33.277	-0.000
-234.205	-33.277	-0.000
-233.873	-33.277	-0.000
-233.540	-33.277	-0.000
-233.208	-33.277	-0.000
-232.875	-33.277	-0.000
-232.543	-33.277	-0.000
-232.210	-33.277	-0.000
-231.878	-33.277	-0.000
-231.545	-33.278	-0.000
-231.213	-33.278	-0.000
-230.881	-33.278	-0.000
-230.548	-33.278	-0.000
-230.216	-33.278	-0.000
-229.883	-33.278	-0.000
-229.551	-33.278	-0.000
-229.218	-33.278	-0.000
-228.886	-33.278	-0.000
-228.554	-33.278	-0.000
-228.221	-33.278	-0.000
-227.889	-33.279	-0.000
-227.556	-33.279	-0.000
-227.224	-33.279	-0.000
-226.891	-33.279	-0.000
-226.559	-33.279	-0.000
-226.227	-33.279	-0.000
-225.894	-33.279	-0.000
-225.562	-33.279	-0.000
-225.229	-33.279	-0.000
-224.897	-33.280	-0.000
-224.564	-33.280	-0.000
-224.232	-33.280	-0.000
-223.900	-33.280	-0.000
-223.567	-33.280	-0.000
-223.235	-33.280	-0.000
-222.902	-33.280	-0.000
-222.570	-33.281	-0.000
-222.238	-33.281	-0.000
-221.905	-33.281	-0.000
-221.573	-33.281	-0.001
-221.240	-33.281	-0.001
-220.908	-33.281	-0.001
-220.576	-33.282	-0.001
-220.243	-33.282	-0.001
-219.911	-33.282	-0.001
-219.578	-33.282	-0.001
-219.246	-33.282	-0.001
-218.914	-33.283	-0.001
-218.581	-33.283	-0.001
-218.249	-33.283	-0.001
-217.916	-33.283	-0.001
-217.584	-33.283	-0.001
-217.251	-33.284	-0.001
-216.919	-33.284	-0.001
-216.586	-33.284	-0.001
-216.254	-33.284	-0.001
-215.921	-33.284	-0.001
-215.589	-33.285	-0.001
-215.256	-33.285	-0.001
-214.924	-33.285	-0.001
-214.591	-33.285	-0.001
-214.259	-33.285	-0.001
-213.926	-33.286	-0.001
-213.594	-33.286	-0.001
-213.261	-33.286	-0.001
-212.928	-33.286	-0.001
-212.596	-33.287	-0.001
-212.263	-33.287	-0.001
-211.931	-33.287	-0.001
-211.598	-33.287	-0.001
-211.265	-33.288	-0.001
-210.933	-33.288	-0.001
-210.600	-33.288	-0.001
-210.267	-33.288	-0.001
-209.935	-33.289	-0.001
-209.602	-33.289	-0.001
-209.269	-33.289	-0.001
-208.937	-33.289	-0.001
-208.604	-33.290	-0.001
-208.271	-33.290	-0.001
-207.939	-33.290	-0.001
-207.606	-33.291	-0.001
-207.273	-33.291	-0.001
-206.940	-33.291	-0.001
-206.608	-33.291	-0.001
-206.275	-33.292	-0.001
-205.942	-33.292	-0.001
-205.610	-33.292	-0.001
-205.277	-33.293	-0.001
-204.944	-33.293	-0.001
-204.611	-33.293	-0.001
-204.278	-33.294	-0.001
-203.946	-33.294	-0.001
-203.613	-33.294	-0.001
-203.280	-33.295	-0.001
-202.947	-33.295	-0.001
-202.615	-33.295	-0.001
-202.282	-33.296	-0.001
-201.949	-33.296	-0.001
-201.616	-33.296	-0.001
-201.283	-33.297	-0.001
-200.951	-33.297	-0.001
-200.618	-33.297	-0.001
-200.285	-33.298	-0.001
-199.952	-33.298	-0.001
-199.619	-33.298	-0.001
-199.287	-33.299	-0.001
-198.954	-33.299	-0.001
-198.621	-33.299	-0.001
-198.288	-33.300	-0.001
-197.955	-33.300	-0.001
-197.622	-33.300	-0.001
-197.290	-33.301	-0.001
-196.957	-33.301	-0.001
-196.624	-33.302	-0.001
-196.291	-33.302	-0.001
-195.958	-33.302	-0.001
-195.625	-33.303	-0.001
-195.293	-33.303	-0.001
-194.960	-33.303	-0.001
-194.627	-33.304	-0.001
-194.294	-33.304	-0.001
-193.961	-33.305	-0.001
-193.628	-33.305	-0.001
-193.295	-33.305	-0.001
-192.963	-33.306	-0.001
-192.630	-33.306	-0.001
-192.297	-33.307	-0.001
-191.964	-33.307	-0.001
-191.631	-33.307	-0.001
-191.298	-33.308	-0.001
-190.965	-33.308	-0.001
-190.633	-33.309	-0.001
-190.300	-33.309	-0.001
-189.967	-33.310	-0.001
-189.634	-33.310	-0.001
-189.301	-33.310	-0.001
-188.968	-33.311	-0.001
-188.635	-33.311	-0.001
-188.302	-33.312	-0.001
-187.970	-33.312	-0.001
-187.637	-33.313	-0.001
-187.304	-33.313	-0.001
-186.971	-33.314	-0.001
-186.638	-33.314	-0.001
-186.305	-33.314	-0.001
-185.972	-33.315	-0.001
-185.639	-33.315	-0.001
-185.307	-33.316	-0.001
-184.974	-33.316	-0.001
-184.641	-33.317	-0.001
-184.308	-33.317	-0.001
-183.975	-33.318	-0.001
-183.642	-33.318	-0.001
-183.309	-33.319	-0.001
-182.976	-33.319	-0.001
-182.644	-33.320	-0.001
-182.311	-33.320	-0.001
-181.978	-33.321	-0.001
-181.645	-33.321	-0.001
-181.312	-33.322	-0.001
-180.979	-33.322	-0.001
-180.646	-33.323	-0.002
-180.313	-33.323	-0.002
-179.981	-33.324	-0.002
-179.648	-33.324	-0.002
-179.315	-33.325	-0.002
-178.982	-33.325	-0.002
-178.649	-33.326	-0.002
-178.316	-33.326	-0.002
-177.983	-33.327	-0.002
-177.650	-33.327	-0.002
-177.318	-33.328	-0.002
-176.985	-33.328	-0.002
-176.652	-33.329	-0.002
-176.319	-33.329	-0.002
-175.986	-33.330	-0.002
-175.653	-33.330	-0.002
-175.320	-33.331	-0.002
-174.987	-33.331	-0.002
-174.654	-33.332	-0.002
-174.322	-33.333	-0.002
-173.989	-33.333	-0.002
-173.656	-33.334	-0.002
-173.323	-33.334	-0.002
-172.990	-33.335	-0.002
-172.657	-33.335	-0.002
-172.324	-33.336	-0.002
-171.991	-33.336	-0.002
-171.658	-33.337	-0.002
-171.326	-33.338	-0.002
-170.993	-33.338	-0.002
-170.660	-33.339	-0.002
-170.327	-33.339	-0.002
-169.994	-33.340	-0.002
-169.661	-33.340	-0.002
-169.328	-33.341	-0.002
-168.995	-33.342	-0.002
-168.663	-33.342	-0.002
-168.330	-33.343	-0.002
-167.997	-33.343	-0.002
-167.664	-33.344	-0.002
-167.331	-33.345	-0.002
-166.998	-33.345	-0.002
-166.665	-33.346	-0.002
-166.332	-33.346	-0.002
-165.999	-33.347	-0.002
-165.667	-33.348	-0.002
-165.334	-33.348	-0.002
-165.001	-33.349	-0.002
-164.668	-33.349	-0.002
-164.335	-33.350	-0.002
-164.002	-33.351	-0.002
-163.669	-33.351	-0.002
-163.336	-33.352	-0.002
-163.003	-33.352	-0.002
-162.671	-33.353	-0.002
-162.338	-33.354	-0.002
-162.005	-33.354	-0.002
-161.672	-33.355	-0.002
-161.339	-33.356	-0.002
-161.006	-33.356	-0.002
-160.673	-33.357	-0.002
-160.340	-33.358	-0.002
-160.008	-33.358	-0.002
-159.675	-33.359	-0.002
-159.342	-33.360	-0.002
-159.009	-33.360	-0.002
-158.676	-33.361	-0.002
-158.343	-33.361	-0.002
-158.010	-33.362	-0.002
-157.677	-33.363	-0.002
-157.344	-33.363	-0.002
-157.012	-33.364	-0.002
-156.679	-33.365	-0.002
-156.346	-33.365	-0.002
-156.013	-33.366	-0.002
-155.680	-33.367	-0.002
-155.347	-33.367	-0.002
-155.014	-33.368	-0.002
-154.681	-33.369	-0.002
-154.348	-33.370	-0.002
-154.016	-33.370	-0.002
-153.683	-33.371	-0.002
-153.350	-33.372	-0.002
-153.017	-33.372	-0.002
-152.684	-33.373	-0.002
-152.351	-33.374	-0.002
-152.018	-33.374	-0.002
-151.685	-33.375	-0.002
-151.352	-33.376	-0.002
-151.020	-33.377	-0.002
-150.687	-33.377	-0.002
-150.354	-33.378	-0.002
-150.021	-33.379	-0.002
-149.688	-33.379	-0.002
-149.355	-33.380	-0.002
-149.022	-33.381	-0.002
-148.689	-33.382	-0.002
-148.357	-33.382	-0.002
-148.024	-33.383	-0.002
-147.691	-33.384	-0.002
-147.358	-33.384	-0.002
-147.025	-33.385	-0.002
-146.692	-33.386	-0.002
-146.359	-33.387	-0.002
-146.026	-33.387	-0.002
-145.693	-33.388	-0.002
-145.361	-33.389	-0.002
-145.028	-33.390	-0.002
-144.695	-33.390	-0.002
-144.362	-33.391	-0.002
-144.029	-33.392	-0.002
-143.696	-33.393	-0.002
-143.363	-33.393	-0.002
-143.030	-33.394	-0.002
-142.697	-33.395	-0.002
-142.365	-33.396	-0.002
-142.032	-33.396	-0.002
-141.699	-33.397	-0.002
-141.366	-33.398	-0.002
-141.033	-33.399	-0.002
-140.700	-33.399	-0.002
-140.367	-33.400	-0.002
-140.034	-33.401	-0.002
-139.702	-33.402	-0.002
-139.369	-33.403	-0.002
-139.036	-33.403	-0.002
-138.703	-33.404	-0.002
-138.370	-33.405	-0.002
-138.037	-33.406	-0.002
-137.704	-33.407	-0.002
-137.371	-33.407	-0.002
-137.038	-33.408	-0.002
-136.706	-33.409	-0.002
-136.373	-33.410	-0.002
-136.040	-33.411	-0.002
-135.707	-33.411	-0.002
-135.374	-33.412	-0.002
-135.041	-33.413	-0.002
-134.708	-33.414	-0.002
-134.375	-33.415	-0.002
-134.042	-33.415	-0.002
-133.710	-33.416	-0.002
-133.377	-33.417	-0.002
-133.044	-33.418	-0.002
-132.711	-33.419	-0.002
-132.378	-33.420	-0.002
-132.045	-33.420	-0.002
-131.712	-33.421	-0.003
-131.379	-33.422	-0.003
-131.046	-33.423	-0.003
-130.713	-33.424	-0.003
-130.380	-33.425	-0.003
-130.046	-33.425	-0.003
-129.713	-33.426	-0.003
-129.380	-33.427	-0.003
-129.047	-33.428	-0.003
-128.713	-33.429	-0.003
-128.380	-33.430	-0.003
-128.046	-33.430	-0.003
-127.713	-33.431	-0.003
-127.379	-33.432	-0.003
-127.046	-33.433	-0.003
-126.712	-33.434	-0.003
-126.379	-33.435	-0.003
-126.045	-33.436	-0.003
-125.711	-33.437	-0.003
-125.377	-33.437	-0.003
-125.044	-33.438	-0.003
-124.710	-33.439	-0.003
-124.376	-33.440	-0.003
-124.042	-33.441	-0.003
-123.708	-33.442	-0.003
-123.374	-33.443	-0.003
-123.040	-33.444	-0.003
-122.706	-33.444	-0.003
-122.372	-33.445	-0.003
-122.038	-33.446	-0.003
-121.704	-33.447	-0.003
-121.370	-33.448	-0.003
-121.036	-33.449	-0.003
-120.702	-33.450	-0.003
-120.367	-33.451	-0.003
-120.033	-33.452	-0.003
-119.699	-33.453	-0.003
-119.365	-33.453	-0.003
-119.030	-33.454	-0.003
-118.696	-33.455	-0.003
-118.362	-33.456	-0.003
-118.027	-33.457	-0.003
-117.693	-33.458	-0.003
-117.359	-33.459	-0.003
-117.024	-33.460	-0.003
-116.690	-33.461	-0.003
-116.355	-33.462	-0.003
-116.021	-33.463	-0.003
-115.686	-33.464	-0.003
-115.352	-33.465	-0.003
-115.017	-33.466	-0.003
-114.683	-33.466	-0.003
-114.348	-33.467	-0.003
-114.014	-33.468	-0.003
-113.679	-33.469	-0.003
-113.344	-33.470	-0.003
-113.010	-33.471	-0.003
-112.675	-33.472	-0.003
-112.341	-33.473	-0.003
-112.006	-33.474	-0.003
-111.671	-33.475	-0.003
-111.336	-33.476	-0.003
-111.002	-33.477	-0.003
-110.667	-33.478	-0.003
-110.332	-33.479	-0.003
-109.998	-33.480	-0.003
-109.663	-33.481	-0.003
-109.328	-33.482	-0.003
-108.993	-33.483	-0.003
-108.659	-33.484	-0.003
-108.324	-33.485	-0.003
-107.990	-33.486	-0.003
-107.658	-33.487	-0.003
-107.326	-33.488	-0.003
-106.994	-33.488	-0.003
-106.661	-33.489	-0.002
-106.331	-33.490	-0.002
-106.004	-33.490	-0.002
-105.678	-33.491	-0.001
-105.354	-33.492	-0.001
-105.032	-33.492	-0.000
-104.717	-33.492	-0.000
-104.410	-33.492	-0.000
-104.106	-33.492	-0.000
-103.800	-33.491	-0.001
-103.486	-33.491	-0.001
-103.168	-33.490	-0.002
-102.847	-33.489	-0.003
-102.524	-33.488	-0.003
-102.199	-33.487	-0.004
-101.872	-33.485	-0.006
-101.537	-33.484	-0.007
-101.191	-33.484	-0.008
-100.836	-33.484	-0.009
-100.482	-33.486	-0.009
-100.134	-33.489	-0.009
-99.789	-33.492	-0.009
-99.446	-33.495	-0.008
-99.103	-33.498	-0.008
-98.760	-33.501	-0.008
-98.417	-33.504	-0.008
-98.074	-33.507	-0.008
-97.732	-33.510	-0.007
-97.390	-33.512	-0.007
-97.050	-33.515	-0.007
-96.711	-33.517	-0.007
-96.374	-33.520	-0.007
-96.038	-33.522	-0.006
-95.704	-33.524	-0.006
-95.372	-33.526	-0.006
-95.040	-33.528	-0.006
-94.710	-33.530	-0.006
-94.380	-33.532	-0.006
-94.050	-33.534	-0.006
-93.721	-33.536	-0.005
-93.392	-33.537	-0.005
-93.064	-33.539	-0.005
-92.736	-33.541	-0.005
-92.409	-33.543	-0.005
-92.082	-33.544	-0.005
-91.756	-33.546	-0.005
-91.430	-33.547	-0.004
-91.104	-33.549	-0.004
-90.779	-33.550	-0.004
-90.455	-33.552	-0.004
-90.131	-33.553	-0.004
-89.807	-33.554	-0.004
-89.484	-33.555	-0.004
-89.161	-33.557	-0.004
-88.838	-33.558	-0.004
-88.516	-33.559	-0.004
-88.194	-33.560	-0.003
-87.872	-33.561	-0.003
-87.550	-33.563	-0.003
-87.228	-33.564	-0.003
-86.906	-33.565	-0.003
-86.585	-33.566	-0.003
-86.263	-33.567	-0.003
-85.941	-33.568	-0.003
-85.619	-33.569	-0.003
-85.297	-33.570	-0.003
-84.974	-33.571	-0.003
-84.652	-33.572	-0.003
-84.329	-33.572	-0.003
-84.007	-33.573	-0.003
-83.684	-33.574	-0.003
-83.361	-33.575	-0.003
-83.037	-33.576	-0.003
-82.714	-33.577	-0.003
-82.390	-33.578	-0.003
-82.066	-33.579	-0.003
-81.742	-33.579	-0.003
-81.417	-33.580	-0.003
-81.093	-33.581	-0.003
-80.768	-33.582	-0.003
-80.443	-33.583	-0.003
-80.118	-33.583	-0.003
-79.792	-33.584	-0.003
-79.467	-33.585	-0.003
-79.141	-33.586	-0.003
-78.815	-33.587	-0.003
-78.488	-33.588	-0.003
-78.162	-33.588	-0.003
-77.835	-33.589	-0.003
-77.508	-33.590	-0.003
-77.181	-33.591	-0.003
-76.854	-33.592	-0.003
-76.526	-33.593	-0.003
-76.199	-33.593	-0.003
-75.871	-33.594	-0.003
-75.543	-33.595	-0.003
-75.215	-33.596	-0.003
-74.886	-33.597	-0.003
-74.558	-33.598	-0.003
-74.229	-33.599	-0.003
-73.900	-33.599	-0.003
-73.573	-33.600	-0.003
-73.248	-33.601	-0.003
-72.925	-33.602	-0.003
-72.600	-33.603	-0.003
-72.275	-33.604	-0.003
-71.953	-33.605	-0.003
-71.632	-33.606	-0.003
-71.313	-33.607	-0.003
-70.995	-33.608	-0.003
-70.679	-33.609	-0.003
-70.372	-33.610	-0.003
-70.076	-33.611	-0.003
-69.787	-33.612	-0.003
-69.494	-33.613	-0.003
-69.196	-33.614	-0.003
-68.891	-33.615	-0.003
-68.583	-33.616	-0.003
-68.272	-33.617	-0.003
-67.959	-33.618	-0.003
-67.644	-33.620	-0.003
-67.325	-33.621	-0.003
-66.995	-33.622	-0.003
-66.654	-33.623	-0.003
-66.304	-33.624	-0.003
-65.959	-33.625	-0.003
-65.621	-33.626	-0.003
-65.286	-33.627	-0.003
-64.953	-33.628	-0.003
-64.619	-33.629	-0.003
-64.284	-33.630	-0.003
-63.949	-33.631	-0.003
-63.614	-33.632	-0.003
-63.280	-33.633	-0.003
-62.947	-33.634	-0.003
-62.615	-33.635	-0.003
-62.284	-33.636	-0.003
-61.955	-33.637	-0.003
-61.627	-33.638	-0.004
-61.301	-33.639	-0.004
-60.976	-33.641	-0.004
-60.652	-33.642	-0.004
-60.329	-33.643	-0.004
-60.007	-33.644	-0.004
-59.686	-33.645	-0.004
-59.365	-33.646	-0.004
-59.045	-33.648	-0.004
-58.725	-33.649	-0.004
-58.406	-33.650	-0.004
-58.088	-33.651	-0.004
-57.771	-33.653	-0.004
-57.454	-33.654	-0.004
-57.138	-33.655	-0.004
-56.822	-33.656	-0.004
-56.507	-33.658	-0.004
-56.193	-33.659	-0.004
-55.879	-33.660	-0.004
-55.565	-33.662	-0.004
-55.252	-33.663	-0.004
-54.939	-33.664	-0.004
-54.625	-33.665	-0.004
-54.312	-33.667	-0.004
-53.999	-33.668	-0.004
-53.686	-33.669	-0.004
-53.372	-33.671	-0.004
-53.059	-33.672	-0.004
-52.745	-33.674	-0.004
-52.431	-33.675	-0.004
-52.116	-33.676	-0.004
-51.802	-33.678	-0.004
-51.487	-33.679	-0.004
-51.171	-33.680	-0.004
-50.856	-33.682	-0.004
-50.540	-33.683	-0.004
-50.224	-33.685	-0.004
-49.907	-33.686	-0.004
-49.590	-33.687	-0.004
-49.273	-33.689	-0.004
-48.955	-33.690	-0.004
-48.637	-33.692	-0.004
-48.318	-33.693	-0.004
-47.999	-33.694	-0.004
-47.680	-33.696	-0.004
-47.360	-33.697	-0.004
-47.040	-33.699	-0.004
-46.720	-33.700	-0.005
-46.399	-33.702	-0.005
-46.078	-33.703	-0.005
-45.756	-33.705	-0.005
-45.435	-33.706	-0.005
-45.112	-33.707	-0.005
-44.790	-33.709	-0.005
-44.467	-33.710	-0.005
-44.144	-33.712	-0.005
-43.820	-33.713	-0.005
-43.497	-33.715	-0.005
-43.172	-33.716	-0.005
-42.848	-33.718	-0.005
-42.523	-33.719	-0.005
-42.198	-33.721	-0.005
-41.873	-33.722	-0.005
-41.548	-33.724	-0.005
-41.222	-33.725	-0.005
-40.896	-33.727	-0.005
-40.570	-33.728	-0.005
-40.243	-33.730	-0.005
-39.917	-33.731	-0.005
-39.590	-33.733	-0.005
-39.263	-33.734	-0.005
-38.935	-33.735	-0.005
-38.608	-33.737	-0.005
-38.280	-33.738	-0.005
-37.952	-33.740	-0.005
-37.624	-33.741	-0.005
-37.296	-33.743	-0.005
-36.967	-33.744	-0.005
-36.639	-33.746	-0.005
-36.310	-33.747	-0.005
-35.981	-33.749	-0.005
-35.652	-33.751	-0.005
-35.323	-33.752	-0.005
-34.994	-33.754	-0.005
-34.664	-33.755	-0.005
-34.334	-33.757	-0.005
-34.005	-33.758	-0.005
-33.675	-33.760	-0.005
-33.345	-33.761	-0.005
-33.015	-33.763	-0.005
-32.685	-33.764	-0.005
-32.354	-33.766	-0.005
-32.024	-33.767	-0.005
-31.693	-33.769	-0.005
-31.363	-33.770	-0.005
-31.032	-33.772	-0.005
-30.701	-33.773	-0.005
-30.370	-33.775	-0.005
-30.039	-33.776	-0.005
-29.708	-33.778	-0.005
-29.377	-33.780	-0.005
-29.046	-33.781	-0.005
-28.715	-33.783	-0.005
-28.383	-33.784	-0.005
-28.052	-33.786	-0.005
-27.720	-33.787	-0.005
-27.389	-33.789	-0.005
-27.057	-33.790	-0.005
-26.725	-33.792	-0.005
-26.394	-33.794	-0.005
-26.062	-33.795	-0.005
-25.730	-33.797	-0.005
-25.398	-33.798	-0.005
-25.066	-33.800	-0.005
-24.734	-33.802	-0.005
-24.402	-33.803	-0.005
-24.070	-33.805	-0.005
-23.738	-33.806	-0.005
-23.406	-33.808	-0.005
-23.074	-33.810	-0.005
-22.741	-33.811	-0.005
-22.409	-33.813	-0.005
-22.077	-33.814	-0.005
-21.744	-33.816	-0.005
-21.412	-33.818	-0.005
-21.080	-33.819	-0.005
-20.747	-33.821	-0.005
-20.415	-33.823	-0.005
-20.082	-33.824	-0.005
-19.749	-33.826	-0.005
-19.417	-33.827	-0.005
-19.084	-33.829	-0.005
-18.752	-33.831	-0.005
-18.419	-33.832	-0.005
-18.086	-33.834	-0.005
-17.754	-33.836	-0.005
-17.421	-33.837	-0.005
-17.088	-33.839	-0.005
-16.755	-33.841	-0.005
-16.423	-33.843	-0.005
-16.090	-33.844	-0.005
-15.757	-33.846	-0.005
-15.424	-33.848	-0.005
-15.091	-33.849	-0.005
-14.758	-33.851	-0.005
-14.426	-33.853	-0.005
-14.093	-33.854	-0.005
-13.760	-33.856	-0.005
-13.427	-33.858	-0.005
-13.094	-33.860	-0.005
-12.761	-33.861	-0.005
-12.428	-33.863	-0.005
-12.095	-33.865	-0.005
-11.761	-33.867	-0.005
-11.428	-33.868	-0.005
-11.095	-33.870	-0.005
-10.762	-33.872	-0.005
-10.429	-33.874	-0.005
-10.095	-33.875	-0.005
-9.762	-33.877	-0.005
-9.429	-33.879	-0.005
-9.095	-33.881	-0.005
-8.762	-33.882	-0.005
-8.429	-33.884	-0.005
-8.095	-33.886	-0.005
-7.762	-33.888	-0.005
-7.428	-33.890	-0.005
-7.095	-33.892	-0.005
-6.761	-33.893	-0.005
-6.428	-33.895	-0.005
-6.094	-33.897	-0.005
-5.761	-33.899	-0.006
-5.427	-33.901	-0.006
-5.093	-33.902	-0.006
-4.760	-33.904	-0.006
-4.426	-33.906	-0.006
-4.092	-33.908	-0.006
-3.759	-33.910	-0.006
-3.425	-33.912	-0.006
-3.091	-33.914	-0.006
-2.757	-33.915	-0.006
-2.423	-33.917	-0.006
-2.090	-33.919	-0.006
-1.756	-33.921	-0.006
-1.422	-33.923	-0.006
-1.088	-33.925	-0.006
-0.754	-33.927	-0.006
-0.420	-33.929	-0.006
-0.087	-33.931	-0.006
0.247	-33.933	-0.006
0.581	-33.934	-0.006
0.915	-33.936	-0.006
1.249	-33.938	-0.006
1.583	-33.940	-0.006
1.917	-33.942	-0.006
2.251	-33.944	-0.006
2.585	-33.946	-0.006
2.919	-33.948	-0.006
3.253	-33.950	-0.006
3.587	-33.952	-0.006
3.921	-33.954	-0.006
4.255	-33.956	-0.006
4.589	-33.958	-0.006
4.923	-33.960	-0.006
5.257	-33.962	-0.006
5.591	-33.964	-0.006
5.926	-33.966	-0.006
6.260	-33.968	-0.006
6.594	-33.970	-0.006
6.928	-33.972	-0.006
7.262	-33.974	-0.006
7.596	-33.976	-0.006
7.930	-33.978	-0.006
8.264	-33.980	-0.006
8.598	-33.982	-0.006
8.933	-33.984	-0.006
9.267	-33.986	-0.006
9.601	-33.988	-0.006
9.935	-33.990	-0.006
10.269	-33.992	-0.006
10.603	-33.994	-0.006
10.938	-33.996	-0.006
11.272	-33.998	-0.006
11.606	-34.000	-0.006
11.940	-34.003	-0.006
12.274	-34.005	-0.006
12.608	-34.007	-0.006
12.943	-34.009	-0.006
13.277	-34.011	-0.006
13.611	-34.013	-0.006
13.945	-34.015	-0.006
14.279	-34.017	-0.006
14.614	-34.019	-0.006
14.948	-34.021	-0.006
15.282	-34.024	-0.006
15.616	-34.026	-0.006
15.950	-34.028	-0.006
16.284	-34.030	-0.006
16.618	-34.032	-0.006
16.952	-34.034	-0.006
17.287	-34.036	-0.006
17.621	-34.039	-0.006
17.955	-34.041	-0.007
18.289	-34.043	-0.007
18.623	-34.045	-0.007
18.957	-34.047	-0.007
19.291	-34.050	-0.007
19.625	-34.052	-0.007
19.959	-34.054	-0.007
20.292	-34.056	-0.007
20.626	-34.058	-0.007
20.960	-34.061	-0.007
21.294	-34.063	-0.007
21.628	-34.065	-0.007
21.962	-34.067	-0.007
22.296	-34.069	-0.007
22.630	-34.072	-0.007
22.963	-34.074	-0.007
23.297	-34.076	-0.007
23.631	-34.078	-0.007
23.965	-34.081	-0.007
24.298	-34.083	-0.007
24.632	-34.085	-0.007
24.966	-34.088	-0.007
25.300	-34.090	-0.007
25.633	-34.092	-0.007
25.967	-34.094	-0.007
26.301	-34.097	-0.007
26.634	-34.099	-0.007
26.968	-34.101	-0.007
27.301	-34.104	-0.007
27.635	-34.106	-0.007
27.969	-34.108	-0.007
28.302	-34.111	-0.007
28.636	-34.113	-0.007
28.969	-34.115	-0.007
29.303	-34.118	-0.007
29.637	-34.120	-0.007
29.970	-34.122	-0.007
30.304	-34.125	-0.007
30.637	-34.127	-0.007
30.971	-34.129	-0.007
31.304	-34.132	-0.007
31.638	-34.134	-0.007
31.971	-34.137	-0.007
32.305	-34.139	-0.007
32.638	-34.141	-0.007
32.972	-34.144	-0.007
33.305	-34.146	-0.007
33.639	-34.149	-0.007
33.972	-34.151	-0.007
34.306	-34.154	-0.007
34.639	-34.156	-0.007
34.973	-34.158	-0.007
35.306	-34.161	-0.007
35.639	-34.163	-0.007
35.973	-34.166	-0.007
36.306	-34.168	-0.007
36.640	-34.171	-0.007
36.973	-34.173	-0.007
37.307	-34.176	-0.007
37.640	-34.178	-0.007
37.973	-34.181	-0.008
38.307	-34.183	-0.008
38.640	-34.186	-0.008
38.974	-34.188	-0.008
39.307	-34.191	-0.008
39.640	-34.193	-0.008
39.974	-34.196	-0.008
40.307	-34.198	-0.008
40.641	-34.201	-0.008
40.974	-34.203	-0.008
41.307	-34.206	-0.008
41.641	-34.209	-0.008
41.974	-34.211	-0.008
42.308	-34.214	-0.008
42.641	-34.216	-0.008
42.974	-34.219	-0.008
43.308	-34.221	-0.008
43.641	-34.224	-0.008
43.974	-34.227	-0.008
44.308	-34.229	-0.008
44.641	-34.232	-0.008
44.974	-34.235	-0.008
45.308	-34.237	-0.008
45.641	-34.240	-0.008
45.975	-34.242	-0.008
46.308	-34.245	-0.008
46.641	-34.248	-0.008
46.975	-34.250	-0.008
47.308	-34.253	-0.008
47.641	-34.256	-0.008
47.975	-34.258	-0.008
48.308	-34.261	-0.008
48.641	-34.264	-0.008
48.975	-34.267	-0.008
49.308	-34.269	-0.008
49.641	-34.272	-0.008
49.975	-34.275	-0.008
50.308	-34.277	-0.008
50.641	-34.280	-0.008
50.975	-34.283	-0.008
51.308	-34.286	-0.008
51.641	-34.288	-0.008
51.975	-34.291	-0.008
52.308	-34.294	-0.008
52.641	-34.297	-0.008
52.975	-34.300	-0.008
53.308	-34.302	-0.008
53.641	-34.305	-0.008
53.975	-34.308	-0.008
54.308	-34.311	-0.008
54.641	-34.314	-0.008
54.975	-34.316	-0.009
55.308	-34.319	-0.009
55.641	-34.322	-0.009
55.975	-34.325	-0.009
56.308	-34.328	-0.009
56.641	-34.331	-0.009
56.975	-34.333	-0.009
57.308	-34.336	-0.009
57.641	-34.339	-0.009
57.975	-34.342	-0.009
58.308	-34.345	-0.009
58.641	-34.348	-0.009
58.975	-34.351	-0.009
59.308	-34.354	-0.009
59.641	-34.357	-0.009
59.975	-34.360	-0.009
60.308	-34.363	-0.009
60.641	-34.365	-0.009
60.975	-34.368	-0.009
61.308	-34.371	-0.009
61.642	-34.374	-0.009
61.975	-34.377	-0.009
62.308	-34.380	-0.009
62.642	-34.383	-0.009
62.975	-34.386	-0.009
63.309	-34.389	-0.009
63.642	-34.392	-0.009
63.976	-34.395	-0.009
64.309	-34.398	-0.009
64.643	-34.401	-0.009
64.976	-34.404	-0.009
65.310	-34.407	-0.009
65.643	-34.410	-0.009
65.976	-34.414	-0.009
66.307	-34.417	-0.009
66.639	-34.420	-0.009
66.970	-34.423	-0.009
67.303	-34.426	-0.009
67.636	-34.429	-0.009
67.970	-34.432	-0.009
68.305	-34.435	-0.009
68.640	-34.438	-0.009
68.976	-34.441	-0.009
69.313	-34.445	-0.009
69.653	-34.448	-0.009
69.994	-34.451	-0.009
70.335	-34.454	-0.009
70.673	-34.458	-0.009
71.006	-34.461	-0.009
71.334	-34.464	-0.009
71.659	-34.467	-0.009
71.984	-34.470	-0.009
72.310	-34.473	-0.010
72.637	-34.476	-0.010
72.966	-34.479	-0.010
73.295	-34.483	-0.010
73.625	-34.486	-0.010
73.954	-34.489	-0.010
74.284	-34.492	-0.010
74.612	-34.495	-0.010
74.940	-34.498	-0.010
75.267	-34.502	-0.010
75.594	-34.505	-0.010
75.920	-34.508	-0.010
76.246	-34.511	-0.010
76.571	-34.514	-0.010
76.897	-34.518	-0.010
77.222	-34.521	-0.010
77.548	-34.524	-0.010
77.874	-34.527	-0.010
78.200	-34.530	-0.010
78.525	-34.534	-0.010
78.851	-34.537	-0.010
79.177	-34.540	-0.010
79.503	-34.543	-0.010
79.829	-34.547	-0.010
80.155	-34.550	-0.010
80.481	-34.553	-0.010
80.808	-34.557	-0.010
81.134	-34.560	-0.010
81.460	-34.563	-0.010
81.787	-34.567	-0.010
82.113	-34.570	-0.010
82.440	-34.573	-0.010
82.767	-34.577	-0.010
83.094	-34.580	-0.010
83.421	-34.583	-0.010
83.748	-34.587	-0.010
84.075	-34.590	-0.010
84.403	-34.594	-0.010
84.730	-34.597	-0.010
85.058	-34.600	-0.010
85.386	-34.604	-0.010
85.714	-34.607	-0.011
86.042	-34.611	-0.011
86.370	-34.614	-0.011
86.699	-34.618	-0.011
87.028	-34.621	-0.011
87.356	-34.625	-0.011
87.685	-34.628	-0.011
88.014	-34.632	-0.011
88.343	-34.635	-0.011
88.673	-34.639	-0.011
89.002	-34.642	-0.011
89.331	-34.646	-0.011
89.661	-34.649	-0.011
89.991	-34.653	-0.011
90.321	-34.656	-0.011
90.651	-34.660	-0.011
90.981	-34.664	-0.011
91.311	-34.667	-0.011
91.641	-34.671	-0.011
91.972	-34.674	-0.011
92.302	-34.678	-0.011
92.633	-34.681	-0.011
92.963	-34.685	-0.011
93.294	-34.689	-0.011
93.625	-34.692	-0.011
93.956	-34.696	-0.011
94.287	-34.700	-0.011
94.618	-34.703	-0.011
94.949	-34.707	-0.011
95.281	-34.711	-0.011
95.612	-34.714	-0.011
95.943	-34.718	-0.011
96.275	-34.722	-0.011
96.606	-34.725	-0.011
96.938	-34.729	-0.011
97.270	-34.733	-0.011
97.601	-34.737	-0.011
97.933	-34.740	-0.011
98.265	-34.744	-0.011
98.597	-34.748	-0.011
98.929	-34.752	-0.011
99.261	-34.755	-0.011
99.593	-34.759	-0.011
99.925	-34.763	-0.011
100.257	-34.767	-0.011
100.589	-34.770	-0.011
100.922	-34.774	-0.011
101.254	-34.778	-0.011
101.586	-34.782	-0.011
101.918	-34.786	-0.012
102.251	-34.789	-0.012
102.583	-34.793	-0.012
102.916	-34.797	-0.012
103.248	-34.801	-0.012
103.581	-34.805	-0.012
103.913	-34.809	-0.012
104.246	-34.813	-0.012
104.578	-34.816	-0.012
104.911	-34.820	-0.012
105.244	-34.824	-0.012
105.576	-34.828	-0.012
105.909	-34.832	-0.012
106.242	-34.836	-0.012
106.575	-34.840	-0.012
106.907	-34.844	-0.012
107.239	-34.848	-0.012
107.570	-34.852	-0.012
107.900	-34.855	-0.012
108.231	-34.859	-0.012
108.563	-34.863	-0.012
108.896	-34.867	-0.012
109.230	-34.871	-0.012
109.565	-34.875	-0.012
109.900	-34.879	-0.012
110.237	-34.883	-0.012
110.574	-34.888	-0.012
110.913	-34.892	-0.012
111.255	-34.896	-0.012
111.596	-34.900	-0.012
111.935	-34.904	-0.012
112.271	-34.908	-0.012
112.603	-34.912	-0.012
112.933	-34.916	-0.012
113.263	-34.920	-0.012
113.594	-34.924	-0.012
113.926	-34.928	-0.012
114.259	-34.933	-0.012
114.593	-34.937	-0.012
114.928	-34.941	-0.012
115.263	-34.945	-0.012
115.598	-34.949	-0.012
115.932	-34.953	-0.012
116.267	-34.957	-0.012
116.601	-34.961	-0.012
116.934	-34.966	-0.012
117.267	-34.970	-0.013
117.600	-34.974	-0.013
117.933	-34.978	-0.013
118.266	-34.982	-0.013
118.599	-34.986	-0.013
118.932	-34.991	-0.013
119.265	-34.995	-0.013
119.599	-34.999	-0.013
119.932	-35.003	-0.013
120.266	-35.008	-0.013
120.599	-35.012	-0.013
120.933	-35.016	-0.013
121.266	-35.020	-0.013
121.600	-35.024	-0.013
121.934	-35.029	-0.013
122.267	-35.033	-0.013
122.601	-35.037	-0.013
122.934	-35.042	-0.013
123.267	-35.046	-0.013
123.601	-35.050	-0.013
123.934	-35.055	-0.013
124.268	-35.059	-0.013
124.602	-35.063	-0.013
124.935	-35.067	-0.013
125.269	-35.072	-0.013
125.602	-35.076	-0.013
125.936	-35.081	-0.013
126.269	-35.085	-0.013
126.603	-35.089	-0.013
126.936	-35.094	-0.013
127.270	-35.098	-0.013
127.604	-35.102	-0.013
127.937	-35.107	-0.013
128.271	-35.111	-0.013
128.604	-35.116	-0.013
128.938	-35.120	-0.013
129.272	-35.125	-0.013
129.605	-35.129	-0.013
129.939	-35.133	-0.013
130.272	-35.138	-0.013
130.606	-35.142	-0.013
130.939	-35.147	-0.013
131.273	-35.151	-0.013
131.607	-35.156	-0.013
131.940	-35.160	-0.014
132.274	-35.165	-0.014
132.607	-35.169	-0.014
132.941	-35.174	-0.014
133.275	-35.178	-0.014
133.608	-35.183	-0.014
133.942	-35.187	-0.014
134.275	-35.192	-0.014
134.609	-35.197	-0.014
134.943	-35.201	-0.014
135.276	-35.206	-0.014
135.610	-35.210	-0.014
135.943	-35.215	-0.014
136.277	-35.220	-0.014
136.611	-35.224	-0.014
136.944	-35.229	-0.014
137.278	-35.233	-0.014
137.611	-35.238	-0.014
137.945	-35.243	-0.014
138.279	-35.247	-0.014
138.612	-35.252	-0.014
138.946	-35.257	-0.014
139.279	-35.261	-0.014
139.613	-35.266	-0.014
139.947	-35.271	-0.014
140.280	-35.275	-0.014
140.614	-35.280	-0.014
140.948	-35.285	-0.014
141.281	-35.289	-0.014
141.615	-35.294	-0.014
141.949	-35.299	-0.014
142.282	-35.304	-0.014
142.616	-35.308	-0.014
142.950	-35.313	-0.014
143.284	-35.318	-0.014
143.618	-35.323	-0.014
143.952	-35.327	-0.014
144.286	-35.332	-0.014
144.620	-35.337	-0.014
144.954	-35.342	-0.014
145.288	-35.347	-0.014
145.622	-35.351	-0.014
145.956	-35.356	-0.014
146.290	-35.361	-0.014
146.624	-35.366	-0.014
146.959	-35.371	-0.015
147.293	-35.376	-0.015
147.627	-35.380	-0.015
147.961	-35.385	-0.015
148.296	-35.390	-0.015
148.630	-35.395	-0.015
148.965	-35.400	-0.015
149.299	-35.405	-0.015
149.633	-35.410	-0.015
149.968	-35.415	-0.015
150.302	-35.420	-0.015
150.637	-35.425	-0.015
150.971	-35.429	-0.015
151.306	-35.434	-0.015
151.641	-35.439	-0.015
151.975	-35.444	-0.015
152.310	-35.449	-0.015
152.644	-35.454	-0.015
152.979	-35.459	-0.015
153.313	-35.464	-0.015
153.647	-35.469	-0.015
153.982	-35.474	-0.015
154.316	-35.479	-0.015
154.650	-35.484	-0.015
154.984	-35.489	-0.015
155.318	-35.494	-0.015
155.651	-35.499	-0.015
155.985	-35.504	-0.015
156.319	-35.509	-0.015
156.652	-35.514	-0.015
156.986	-35.519	-0.015
157.319	-35.524	-0.015
157.653	-35.529	-0.015
157.986	-35.534	-0.015
158.319	-35.539	-0.015
158.653	-35.544	-0.015
158.986	-35.550	-0.015
159.319	-35.555	-0.015
159.653	-35.560	-0.015
159.986	-35.565	-0.015
160.319	-35.570	-0.015
160.652	-35.575	-0.015
160.986	-35.580	-0.015
161.319	-35.585	-0.015
161.652	-35.590	-0.015
161.985	-35.595	-0.015
162.319	-35.601	-0.015
162.652	-35.606	-0.015
162.985	-35.611	-0.015
163.318	-35.616	-0.015
163.652	-35.621	-0.015
163.985	-35.626	-0.015
164.318	-35.631	-0.015
164.651	-35.637	-0.015
164.985	-35.642	-0.016
165.318	-35.647	-0.016
165.651	-35.652	-0.016
165.984	-35.657	-0.016
166.318	-35.662	-0.016
166.651	-35.668	-0.016
166.984	-35.673	-0.016
167.318	-35.678	-0.016
167.651	-35.683	-0.016
167.984	-35.688	-0.016
168.318	-35.694	-0.016
168.651	-35.699	-0.016
168.985	-35.704	-0.016
169.318	-35.709	-0.016
169.651	-35.714	-0.016
169.985	-35.720	-0.016
170.318	-35.725	-0.016
170.651	-35.730	-0.016
170.985	-35.735	-0.016
171.318	-35.741	-0.016
171.652	-35.746	-0.016
171.985	-35.751	-0.016
172.318	-35.757	-0.016
172.652	-35.762	-0.016
172.985	-35.767	-0.016
173.319	-35.772	-0.016
173.652	-35.778	-0.016
173.985	-35.783	-0.016
174.319	-35.788	-0.016
174.652	-35.793	-0.016
174.986	-35.799	-0.016
175.319	-35.804	-0.016
175.652	-35.809	-0.016
175.986	-35.815	-0.016
176.319	-35.820	-0.016
176.652	-35.825	-0.016
176.986	-35.831	-0.016
177.319	-35.836	-0.016
177.653	-35.841	-0.016
177.986	-35.847	-0.016
178.319	-35.852	-0.016
178.653	-35.857	-0.016
178.986	-35.863	-0.016
179.319	-35.868	-0.016
179.653	-35.873	-0.016
179.986	-35.879	-0.016
180.319	-35.884	-0.016
180.653	-35.889	-0.016
180.986	-35.895	-0.016
181.319	-35.900	-0.016
181.653	-35.905	-0.016
181.986	-35.911	-0.016
182.319	-35.916	-0.016
182.653	-35.921	-0.016
182.986	-35.927	-0.016
183.319	-35.932	-0.016
183.653	-35.938	-0.016
183.986	-35.943	-0.016
184.319	-35.948	-0.016
184.653	-35.954	-0.016
184.986	-35.959	-0.016
185.319	-35.964	-0.016
185.653	-35.970	-0.016
185.986	-35.975	-0.016
186.319	-35.981	-0.016
186.653	-35.986	-0.016
186.986	-35.991	-0.016
187.319	-35.997	-0.016
187.653	-36.002	-0.016
187.986	-36.008	-0.016
188.319	-36.013	-0.016
188.652	-36.018	-0.016
188.986	-36.024	-0.016
189.319	-36.029	-0.016
189.652	-36.035	-0.016
189.986	-36.040	-0.016
190.319	-36.045	-0.016
190.652	-36.051	-0.016
190.986	-36.056	-0.016
191.319	-36.062	-0.016
191.652	-36.067	-0.016
191.985	-36.072	-0.016
192.319	-36.078	-0.016
192.652	-36.083	-0.016
192.985	-36.089	-0.016
193.319	-36.094	-0.016
193.652	-36.100	-0.016
193.985	-36.105	-0.016
194.318	-36.110	-0.016
194.652	-36.116	-0.016
194.985	-36.121	-0.016
195.318	-36.127	-0.016
195.651	-36.132	-0.016
195.985	-36.137	-0.016
196.318	-36.143	-0.016
196.651	-36.148	-0.016
196.984	-36.154	-0.016
197.318	-36.159	-0.016
197.651	-36.165	-0.016
197.984	-36.170	-0.016
198.317	-36.175	-0.016
198.651	-36.181	-0.016
198.984	-36.186	-0.016
199.317	-36.192	-0.016
199.650	-36.197	-0.016
199.984	-36.203	-0.016
200.317	-36.208	-0.016
200.650	-36.213	-0.016
200.983	-36.219	-0.016
201.316	-36.224	-0.016
201.650	-36.230	-0.016
201.983	-36.235	-0.016
202.316	-36.241	-0.016
202.649	-36.246	-0.016
202.983	-36.252	-0.016
203.316	-36.257	-0.016
203.649	-36.262	-0.016
203.982	-36.268	-0.016
204.315	-36.273	-0.016
204.649	-36.279	-0.016
204.982	-36.284	-0.016
205.315	-36.290	-0.016
205.648	-36.295	-0.016
205.981	-36.300	-0.016
206.315	-36.306	-0.016
206.648	-36.311	-0.016
206.981	-36.317	-0.016
207.314	-36.322	-0.016
207.647	-36.328	-0.016
207.980	-36.333	-0.016
208.314	-36.338	-0.016
208.647	-36.344	-0.016
208.980	-36.349	-0.016
209.313	-36.355	-0.016
209.646	-36.360	-0.016
209.979	-36.366	-0.016
210.313	-36.371	-0.016
210.646	-36.376	-0.016
210.979	-36.382	-0.016
211.312	-36.387	-0.016
211.645	-36.393	-0.016
211.978	-36.398	-0.016
212.311	-36.404	-0.016
212.644	-36.409	-0.016
212.977	-36.414	-0.016
213.310	-36.420	-0.016
213.643	-36.425	-0.016
213.976	-36.431	-0.016
214.309	-36.436	-0.016
214.642	-36.441	-0.016
214.975	-36.447	-0.016
215.308	-36.452	-0.016
215.641	-36.458	-0.016
215.974	-36.463	-0.016
216.306	-36.469	-0.016
216.639	-36.474	-0.016
216.972	-36.479	-0.016
217.305	-36.485	-0.016
217.638	-36.490	-0.016
217.971	-36.496	-0.016
218.304	-36.501	-0.016
218.636	-36.506	-0.016
218.969	-36.512	-0.016
219.302	-36.517	-0.016
219.635	-36.523	-0.016
219.968	-36.528	-0.016
220.300	-36.533	-0.016
220.633	-36.539	-0.016
220.966	-36.544	-0.016
221.299	-36.550	-0.016
221.631	-36.555	-0.016
221.964	-36.560	-0.016
222.297	-36.566	-0.016
222.630	-36.571	-0.016
222.962	-36.577	-0.016
223.295	-36.582	-0.016
223.628	-36.587	-0.016
223.961	-36.593	-0.016
224.293	-36.598	-0.016
224.626	-36.604	-0.016
224.959	-36.609	-0.016
225.291	-36.614	-0.016
225.624	-36.620	-0.016
225.957	-36.625	-0.016
226.290	-36.631	-0.016
226.622	-36.636	-0.016
226.955	-36.641	-0.016
227.288	-36.647	-0.016
227.620	-36.652	-0.016
227.953	-36.658	-0.016
228.286	-36.663	-0.016
228.618	-36.668	-0.016
228.951	-36.674	-0.016
229.284	-36.679	-0.016
229.617	-36.685	-0.016
229.949	-36.690	-0.016
230.282	-36.695	-0.016
230.615	-36.701	-0.016
230.947	-36.706	-0.016
231.280	-36.712	-0.016
231.613	-36.717	-0.016
231.945	-36.722	-0.016
232.278	-36.728	-0.016
232.611	-36.733	-0.016
232.943	-36.738	-0.016
233.276	-36.744	-0.016
233.609	-36.749	-0.016
233.942	-36.755	-0.016
234.274	-36.760	-0.016
234.607	-36.765	-0.016
234.940	-36.771	-0.016
235.272	-36.776	-0.016
235.605	-36.782	-0.016
235.938	-36.787	-0.016
236.270	-36.792	-0.016
236.603	-36.798	-0.016
236.936	-36.803	-0.016
237.268	-36.809	-0.016
237.601	-36.814	-0.016
237.934	-36.820	-0.016
238.266	-36.825	-0.016
238.599	-36.830	-0.016
238.932	-36.836	-0.016
239.265	-36.841	-0.016
239.597	-36.847	-0.016
239.930	-36.852	-0.016
240.263	-36.857	-0.016
240.595	-36.863	-0.016
240.928	-36.868	-0.016
241.261	-36.874	-0.016
241.593	-36.879	-0.016
241.926	-36.885	-0.016
242.259	-36.890	-0.016
242.591	-36.895	-0.016
242.924	-36.901	-0.016
243.257	-36.906	-0.016
243.590	-36.912	-0.016
243.922	-36.917	-0.016
244.255	-36.923	-0.016
244.588	-36.928	-0.016
244.920	-36.933	-0.016
245.253	-36.939	-0.016
245.586	-36.944	-0.016
245.918	-36.950	-0.016
246.251	-36.955	-0.016
246.584	-36.961	-0.016
246.916	-36.966	-0.016
247.249	-36.972	-0.016
247.582	-36.977	-0.016
247.914	-36.983	-0.016
248.247	-36.988	-0.016
248.580	-36.994	-0.016
248.913	-36.999	-0.017
249.245	-37.005	-0.017
249.578	-37.010	-0.017
249.911	-37.016	-0.017
250.243	-37.021	-0.017
250.576	-37.027	-0.017
250.909	-37.032	-0.017
251.241	-37.038	-0.017
251.574	-37.043	-0.017
251.907	-37.049	-0.017
252.239	-37.054	-0.017
252.572	-37.060	-0.017
252.905	-37.065	-0.017
253.237	-37.071	-0.017
253.570	-37.076	-0.017
253.902	-37.082	-0.017
254.235	-37.087	-0.017
254.568	-37.093	-0.017
254.900	-37.099	-0.017
255.233	-37.104	-0.017
255.565	-37.110	-0.017
255.898	-37.115	-0.017
256.230	-37.121	-0.017
256.563	-37.126	-0.017
256.895	-37.132	-0.017
257.228	-37.138	-0.017
257.560	-37.143	-0.017
257.893	-37.149	-0.017
258.225	-37.154	-0.017
258.557	-37.160	-0.017
258.890	-37.166	-0.017
259.222	-37.171	-0.017
259.555	-37.177	-0.017
259.887	-37.183	-0.017
260.219	-37.188	-0.017
260.552	-37.194	-0.017
260.884	-37.200	-0.017
261.216	-37.205	-0.017
261.549	-37.211	-0.017
261.881	-37.217	-0.017
262.213	-37.222	-0.017
262.546	-37.228	-0.017
262.878	-37.234	-0.017
263.210	-37.240	-0.017
263.543	-37.245	-0.017
263.875	-37.251	-0.017
264.207	-37.257	-0.017
264.540	-37.263	-0.017
264.872	-37.268	-0.017
265.204	-37.274	-0.017
265.537	-37.280	-0.017
265.869	-37.286	-0.017
266.201	-37.292	-0.018
266.534	-37.297	-0.018
266.866	-37.303	-0.018
267.198	-37.309	-0.018
267.531	-37.315	-0.018
267.863	-37.321	-0.018
268.195	-37.327	-0.018
268.527	-37.332	-0.018
268.860	-37.338	-0.018
269.192	-37.344	-0.018
269.524	-37.350	-0.018
269.857	-37.356	-0.018
270.189	-37.362	-0.018
270.521	-37.368	-0.018
270.854	-37.374	-0.018
271.186	-37.380	-0.018
271.518	-37.386	-0.018
271.850	-37.392	-0.018
272.183	-37.398	-0.018
272.515	-37.404	-0.018
272.847	-37.410	-0.018
273.180	-37.416	-0.018
273.512	-37.422	-0.018
273.844	-37.428	-0.018
274.177	-37.434	-0.018
274.509	-37.440	-0.018
274.841	-37.446	-0.018
275.174	-37.452	-0.018
275.506	-37.458	-0.018
275.838	-37.464	-0.018
276.171	-37.470	-0.018
276.503	-37.477	-0.019
276.835	-37.483	-0.019
277.168	-37.489	-0.019
277.500	-37.495	-0.019
277.832	-37.501	-0.019
278.165	-37.507	-0.019
278.497	-37.514	-0.019
278.830	-37.520	-0.019
279.162	-37.526	-0.019
279.494	-37.532	-0.019
279.827	-37.539	-0.019
280.159	-37.545	-0.019
280.491	-37.551	-0.019
280.824	-37.558	-0.019
281.156	-37.564	-0.019
281.488	-37.570	-0.019
281.821	-37.577	-0.019
282.153	-37.583	-0.019
282.486	-37.589	-0.019
282.818	-37.596	-0.019
283.150	-37.602	-0.019
283.483	-37.609	-0.019
283.815	-37.615	-0.019
284.148	-37.622	-0.020
284.480	-37.628	-0.020
284.812	-37.635	-0.020
285.145	-37.641	-0.020
285.477	-37.648	-0.020
285.810	-37.654	-0.020
286.142	-37.661	-0.020
286.474	-37.667	-0.020
286.807	-37.674	-0.020
287.139	-37.681	-0.020
287.472	-37.687	-0.020
287.804	-37.694	-0.020
288.136	-37.701	-0.020
288.469	-37.707	-0.020
288.801	-37.714	-0.020
289.134	-37.721	-0.020
289.466	-37.727	-0.020
289.799	-37.734	-0.020
290.131	-37.741	-0.021
290.463	-37.748	-0.021
290.796	-37.755	-0.021
291.128	-37.762	-0.021
291.461	-37.768	-0.021
291.793	-37.775	-0.021
292.126	-37.782	-0.021
292.458	-37.789	-0.021
292.791	-37.796	-0.021
293.123	-37.803	-0.021
293.455	-37.810	-0.021
293.788	-37.817	-0.021
294.120	-37.824	-0.021
294.453	-37.831	-0.021
294.785	-37.838	-0.021
295.118	-37.846	-0.022
295.450	-37.853	-0.022
295.783	-37.860	-0.022
296.115	-37.867	-0.022
296.448	-37.874	-0.022
296.780	-37.882	-0.022
297.113	-37.889	-0.022
297.445	-37.896	-0.022
297.777	-37.903	-0.022
298.110	-37.911	-0.022
298.442	-37.918	-0.022
298.775	-37.926	-0.022
299.107	-37.933	-0.022
299.440	-37.940	-0.023
299.772	-37.948	-0.023
300.105	-37.955	-0.023
300.437	-37.963	-0.023
300.770	-37.971	-0.023
301.102	-37.978	-0.023
301.435	-37.986	-0.023
301.767	-37.993	-0.023
302.100	-38.001	-0.023
302.432	-38.009	-0.023
302.765	-38.016	-0.023
303.097	-38.024	-0.023
303.430	-38.032	-0.023
303.763	-38.040	-0.024
304.095	-38.048	-0.024
304.428	-38.055	-0.024
304.760	-38.063	-0.024
305.093	-38.071	-0.024
305.425	-38.079	-0.024
305.758	-38.087	-0.024
306.090	-38.095	-0.024
306.423	-38.103	-0.024
306.755	-38.111	-0.024
307.088	-38.119	-0.024
307.420	-38.127	-0.024
307.753	-38.135	-0.025
308.085	-38.144	-0.025
308.418	-38.152	-0.025
308.750	-38.160	-0.025
309.083	-38.168	-0.025
309.415	-38.176	-0.025
309.748	-38.185	-0.025
310.080	-38.193	-0.025
310.413	-38.201	-0.025
310.745	-38.210	-0.025
311.078	-38.218	-0.025
311.410	-38.226	-0.025
311.743	-38.235	-0.025
312.075	-38.243	-0.025
312.408	-38.252	-0.026
312.741	-38.260	-0.026
313.073	-38.269	-0.026
313.406	-38.277	-0.026
313.738	-38.286	-0.026
314.071	-38.294	-0.026
314.403	-38.303	-0.026
314.735	-38.312	-0.026
315.068	-38.320	-0.026
315.400	-38.329	-0.026
315.733	-38.337	-0.026
316.065	-38.346	-0.026
316.397	-38.355	-0.026
316.730	-38.364	-0.026
317.062	-38.372	-0.026
317.394	-38.381	-0.026
317.726	-38.390	-0.026
318.058	-38.398	-0.026
318.390	-38.407	-0.026
318.722	-38.416	-0.026
319.054	-38.424	-0.026
319.386	-38.433	-0.026
319.718	-38.442	-0.026
320.050	-38.451	-0.026
320.382	-38.459	-0.026
320.714	-38.468	-0.026
321.045	-38.477	-0.026
321.377	-38.485	-0.026
321.709	-38.494	-0.026
322.040	-38.502	-0.026
322.372	-38.511	-0.026
322.704	-38.519	-0.025
323.035	-38.528	-0.025
323.367	-38.536	-0.025
323.698	-38.545	-0.025
324.030	-38.553	-0.025
324.362	-38.561	-0.025
324.693	-38.569	-0.024
325.025	-38.577	-0.024
325.357	-38.586	-0.024
325.688	-38.593	-0.023
326.020	-38.601	-0.023
326.352	-38.609	-0.023
326.684	-38.617	-0.022
327.016	-38.624	-0.022
327.347	-38.631	-0.022
327.679	-38.639	-0.021
328.011	-38.646	-0.021
328.343	-38.653	-0.020
328.675	-38.659	-0.020
329.007	-38.666	-0.019
329.339	-38.672	-0.018
329.671	-38.679	-0.018
330.003	-38.685	-0.017
330.335	-38.690	-0.016
330.667	-38.696	-0.016
331.000	-38.701	-0.015
331.332	-38.706	-0.014
331.664	-38.711	-0.013
331.996	-38.716	-0.012
332.328	-38.720	-0.011
332.661	-38.724	-0.010
332.993	-38.727	-0.009
333.325	-38.731	-0.008
333.658	-38.733	-0.007
333.990	-38.736	-0.006
334.323	-38.738	-0.005
334.655	-38.740	-0.004
334.988	-38.741	-0.002
335.320	-38.742	-0.001
335.652	-38.743	0.001
335.985	-38.743	0.002
336.317	-38.742	0.004
336.650	-38.741	0.005
336.983	-38.740	0.007
337.315	-38.738	0.008
337.648	-38.735	0.010
337.980	-38.732	0.012
338.313	-38.728	0.014
338.645	-38.724	0.016
338.978	-38.719	0.018
339.311	-38.714	0.020
339.643	-38.707	0.022
339.976	-38.700	0.024
340.309	-38.693	0.026
340.641	-38.684	0.029
340.974	-38.675	0.031
341.306	-38.665	0.033
341.639	-38.654	0.036
341.971	-38.643	0.038
342.304	-38.630	0.041
342.636	-38.617	0.043
342.968	-38.603	0.046
343.301	-38.588	0.049
343.633	-38.572	0.052
343.965	-38.555	0.055
344.297	-38.538	0.058
344.630	-38.519	0.061
344.962	-38.499	0.064
345.294	-38.478	0.067
345.626	-38.456	0.070
345.958	-38.433	0.074
346.290	-38.409	0.077
346.621	-38.384	0.080
346.953	-38.358	0.084
347.285	-38.331	0.087
347.616	-38.302	0.091
347.947	-38.272	0.095
348.279	-38.241	0.098
348.610	-38.209	0.102
348.941	-38.176	0.106
349.272	-38.141	0.110
349.603	-38.105	0.114
349.933	-38.068	0.118
350.264	-38.029	0.122
350.594	-37.989	0.126
350.924	-37.948	0.130
351.254	-37.905	0.134
351.584	-37.861	0.139
351.914	-37.816	0.143
352.243	-37.769	0.147
352.572	-37.721	0.152
352.901	-37.671	0.156
353.230	-37.620	0.161
353.559	-37.567	0.165
353.887	-37.513	0.170
354.215	-37.457	0.175
354.543	-37.400	0.179
354.870	-37.341	0.184
355.197	-37.281	0.189
355.524	-37.219	0.194
355.851	-37.156	0.199
356.177	-37.090	0.203
356.503	-37.024	0.208
356.829	-36.956	0.213
357.154	-36.886	0.218
357.479	-36.814	0.223
357.804	-36.741	0.228
358.128	-36.667	0.233
358.452	-36.590	0.238
358.775	-36.513	0.243
359.098	-36.433	0.249
359.421	-36.352	0.254
359.743	-36.269	0.259
360.065	-36.184	0.264
360.386	-36.098	0.269
360.707	-36.010	0.274
361.027	-35.921	0.280
361.347	-35.830	0.285
361.667	-35.737	0.290
361.986	-35.642	0.295
362.304	-35.546	0.301
362.622	-35.448	0.306
362.940	-35.349	0.311
363.257	-35.247	0.316
363.573	-35.144	0.322
363.889	-35.040	0.327
364.204	-34.934	0.332
364.519	-34.826	0.338
364.833	-34.716	0.343
365.147	-34.605	0.348
365.460	-34.492	0.353
365.772	-34.378	0.359
366.084	-34.261	0.364
366.395	-34.143	0.369
366.705	-34.024	0.375
367.015	-33.903	0.380
367.325	-33.780	0.385
367.633	-33.656	0.391
367.941	-33.530	0.396
368.248	-33.402	0.401
368.555	-33.273	0.406
368.861	-33.142	0.412
369.166	-33.009	0.417
369.470	-32.875	0.422
369.774	-32.739	0.428
370.077	-32.602	0.433
370.379	-32.463	0.438
370.681	-32.322	0.443
370.982	-32.180	0.449
371.282	-32.036	0.454
371.581	-31.891	0.459
371.880	-31.744	0.464
372.178	-31.596	0.470
372.475	-31.446	0.475
372.771	-31.294	0.480
373.066	-31.141	0.485
373.361	-30.987	0.491
373.655	-30.830	0.496
373.948	-30.673	0.501
374.240	-30.514	0.506
374.531	-30.353	0.511
374.822	-30.191	0.517
375.111	-30.027	0.522
375.400	-29.861	0.527
375.688	-29.695	0.532
375.975	-29.526	0.537
376.261	-29.357	0.543
376.546	-29.185	0.548
376.831	-29.013	0.553
377.114	-28.838	0.558
377.397	-28.663	0.564
377.678	-28.485	0.569
377.959	-28.307	0.574
378.239	-28.127	0.579
378.518	-27.945	0.584
378.795	-27.762	0.589
379.072	-27.578	0.595
379.348	-27.392	0.600
379.623	-27.205	0.605
379.897	-27.016	0.610
380.171	-26.826	0.615
380.443	-26.634	0.620
380.714	-26.441	0.625
380.984	-26.247	0.630
381.253	-26.052	0.636
381.521	-25.855	0.641
381.788	-25.656	0.646
382.055	-25.457	0.651
382.320	-25.255	0.655
382.584	-25.053	0.660
382.847	-24.850	0.665
383.109	-24.645	0.670
383.370	-24.438	0.675
383.631	-24.231	0.679
383.890	-24.022	0.684
384.148	-23.813	0.688
384.405	-23.602	0.693
384.662	-23.390	0.697
384.917	-23.176	0.701
385.172	-22.962	0.705
385.426	-22.747	0.709
385.679	-22.530	0.712
385.931	-22.313	0.716
386.182	-22.095	0.719
386.433	-21.876	0.723
386.682	-21.656	0.726
386.932	-21.436	0.728
