-1.044	0.272	2.886
-1.245	0.325	2.886
-1.463	0.382	2.886
-1.660	0.433	2.886
-1.855	0.484	2.886
-2.079	0.542	2.886
-2.279	0.595	2.886
-2.498	0.652	2.885
-2.735	0.714	2.885
-2.991	0.781	2.885
-3.195	0.835	2.884
-3.409	0.891	2.884
-3.634	0.951	2.883
-3.869	1.013	2.883
-4.115	1.078	2.882
-4.371	1.146	2.882
-4.637	1.216	2.881
-4.914	1.290	2.881
-5.201	1.367	2.880
-5.398	1.420	2.880
-5.600	1.474	2.879
-5.807	1.529	2.879
-6.018	1.586	2.879
-6.233	1.644	2.878
-6.454	1.703	2.878
-6.679	1.764	2.877
-6.908	1.826	2.877
-7.142	1.890	2.877
-7.381	1.954	2.876
-7.624	2.021	2.876
-7.872	2.088	2.876
-8.125	2.157	2.875
-8.382	2.227	2.875
-8.644	2.298	2.875
-8.910	2.371	2.874
-9.181	2.445	2.874
-9.457	2.521	2.874
-9.737	2.598	2.874
-10.022	2.676	2.873
-10.311	2.755	2.873
-10.605	2.836	2.873
-10.904	2.918	2.873
-11.207	3.002	2.873
-11.515	3.087	2.872
-11.827	3.173	2.872
-12.144	3.260	2.872
-12.466	3.349	2.872
-12.792	3.439	2.872
-13.123	3.531	2.872
-13.459	3.624	2.872
-13.799	3.718	2.872
-14.143	3.813	2.872
-14.493	3.910	2.872
-14.847	4.008	2.872
-15.205	4.107	2.872
-15.569	4.207	2.872
-15.936	4.309	2.872
-16.309	4.412	2.872
-16.686	4.517	2.872
-17.067	4.622	2.872
-17.453	4.729	2.872
-17.648	4.783	2.872
-17.844	4.837	2.872
-18.040	4.891	2.872
-18.238	4.946	2.872
-18.437	5.001	2.872
-18.637	5.056	2.872
-18.837	5.112	2.872
-19.039	5.168	2.872
-19.242	5.224	2.872
-19.446	5.280	2.872
-19.651	5.337	2.872
-19.856	5.393	2.872
-20.063	5.451	2.872
-20.271	5.508	2.872
-20.479	5.565	2.872
-20.688	5.623	2.872
-20.899	5.681	2.872
-21.110	5.740	2.872
-21.322	5.798	2.872
-21.535	5.857	2.872
-21.748	5.916	2.872
-21.963	5.975	2.872
-22.178	6.035	2.872
-22.394	6.094	2.873
-22.611	6.154	2.873
-22.829	6.214	2.873
-23.047	6.274	2.873
-23.267	6.335	2.873
-23.486	6.395	2.873
-23.707	6.456	2.873
-23.929	6.517	2.873
-24.151	6.578	2.873
-24.373	6.640	2.873
-24.597	6.701	2.873
-24.821	6.763	2.873
-25.046	6.825	2.873
-25.272	6.887	2.873
-25.498	6.949	2.873
-25.725	7.012	2.873
-25.952	7.074	2.873
-26.180	7.137	2.873
-26.409	7.200	2.873
-26.638	7.263	2.873
-26.868	7.326	2.873
-27.098	7.390	2.873
-27.329	7.453	2.873
-27.561	7.517	2.873
-27.793	7.581	2.873
-28.026	7.645	2.873
-28.259	7.709	2.873
-28.493	7.773	2.873
-28.727	7.838	2.873
-28.962	7.902	2.873
-29.197	7.967	2.873
-29.433	8.032	2.873
-29.670	8.097	2.873
-29.906	8.162	2.873
-30.144	8.227	2.873
-30.381	8.292	2.873
-30.620	8.358	2.873
-30.858	8.423	2.873
-31.098	8.489	2.873
-31.337	8.555	2.873
-31.577	8.621	2.874
-31.818	8.687	2.874
-32.059	8.753	2.874
-32.300	8.819	2.874
-32.542	8.886	2.874
-32.784	8.952	2.874
-33.026	9.019	2.874
-33.269	9.086	2.874
-33.512	9.153	2.874
-33.756	9.219	2.874
-34.000	9.286	2.874
-34.245	9.354	2.874
-34.489	9.421	2.874
-34.735	9.488	2.874
-34.980	9.556	2.874
-35.226	9.623	2.874
-35.472	9.691	2.874
-35.719	9.758	2.874
-35.965	9.826	2.874
-36.213	9.894	2.874
-36.460	9.962	2.874
-36.708	10.030	2.874
-36.956	10.098	2.874
-37.205	10.166	2.874
-37.453	10.234	2.874
-37.702	10.303	2.874
-37.952	10.371	2.874
-38.201	10.439	2.874
-38.451	10.508	2.874
-38.702	10.577	2.874
-38.952	10.645	2.874
-39.203	10.714	2.874
-39.454	10.783	2.874
-39.705	10.851	2.874
-39.957	10.920	2.874
-40.209	10.989	2.875
-40.461	11.058	2.875
-40.713	11.127	2.875
-40.966	11.197	2.875
-41.218	11.266	2.875
-41.472	11.335	2.875
-41.725	11.404	2.875
-41.978	11.473	2.875
-42.232	11.543	2.875
-42.486	11.612	2.875
-42.740	11.682	2.875
-42.995	11.751	2.875
-43.249	11.821	2.875
-43.504	11.890	2.876
-43.759	11.960	2.876
-44.015	12.029	2.876
-44.270	12.099	2.876
-44.526	12.169	2.876
-44.782	12.238	2.876
-45.038	12.308	2.876
-45.294	12.378	2.876
-45.551	12.447	2.876
-45.808	12.517	2.877
-46.064	12.587	2.877
-46.321	12.657	2.877
-46.579	12.727	2.877
-46.836	12.796	2.877
-47.094	12.866	2.877
-47.351	12.936	2.877
-47.609	13.006	2.877
-47.868	13.076	2.878
-48.126	13.146	2.878
-48.384	13.216	2.878
-48.643	13.286	2.878
-48.902	13.356	2.878
-49.161	13.426	2.878
-49.420	13.496	2.878
-49.679	13.565	2.878
-49.938	13.635	2.879
-50.198	13.705	2.879
-50.458	13.775	2.879
-50.717	13.845	2.879
-50.977	13.915	2.879
-51.237	13.985	2.879
-51.498	14.055	2.879
-51.758	14.125	2.880
-52.019	14.195	2.880
-52.279	14.265	2.880
-52.540	14.335	2.880
-52.801	14.405	2.880
-53.062	14.475	2.880
-53.323	14.545	2.880
-53.585	14.615	2.881
-53.846	14.685	2.881
-54.108	14.755	2.881
-54.369	14.824	2.881
-54.631	14.894	2.881
-54.893	14.964	2.881
-55.155	15.034	2.881
-55.417	15.104	2.882
-55.679	15.174	2.882
-55.942	15.244	2.882
-56.204	15.314	2.882
-56.467	15.383	2.882
-56.729	15.453	2.882
-56.992	15.523	2.882
-57.255	15.593	2.882
-57.518	15.663	2.883
-57.781	15.733	2.883
-58.044	15.802	2.883
-58.307	15.872	2.883
-58.571	15.942	2.883
-58.834	16.012	2.883
-59.098	16.081	2.883
-59.361	16.151	2.883
-59.625	16.221	2.883
-59.889	16.291	2.883
-60.153	16.360	2.883
-60.417	16.430	2.884
-60.681	16.500	2.884
-60.945	16.570	2.884
-61.209	16.639	2.884
-61.473	16.709	2.884
-61.738	16.779	2.884
-62.002	16.849	2.884
-62.266	16.918	2.884
-62.531	16.988	2.884
-62.796	17.058	2.884
-63.060	17.127	2.884
-63.325	17.197	2.884
-63.590	17.267	2.884
-63.855	17.337	2.884
-64.120	17.406	2.884
-64.385	17.476	2.884
-64.650	17.546	2.884
-64.915	17.616	2.884
-65.180	17.686	2.884
-65.446	17.756	2.884
-65.711	17.825	2.884
-65.976	17.895	2.884
-66.242	17.965	2.884
-66.507	18.035	2.884
-66.773	18.105	2.884
-67.038	18.175	2.884
-67.304	18.245	2.884
-67.569	18.315	2.884
-67.835	18.385	2.884
-68.101	18.455	2.884
-68.367	18.525	2.883
-68.633	18.595	2.883
-68.898	18.665	2.883
-69.164	18.736	2.883
-69.430	18.806	2.883
-69.696	18.876	2.883
-69.962	18.946	2.883
-70.228	19.017	2.883
-70.494	19.087	2.883
-70.761	19.158	2.883
-71.027	19.228	2.882
-71.293	19.298	2.882
-71.559	19.369	2.882
-71.825	19.440	2.882
-72.092	19.510	2.882
-72.358	19.581	2.882
-72.624	19.652	2.882
-72.891	19.722	2.882
-73.157	19.793	2.881
-73.424	19.864	2.881
-73.690	19.935	2.881
-73.956	20.006	2.881
-74.223	20.077	2.881
-74.490	20.148	2.881
-74.756	20.219	2.881
-75.023	20.290	2.880
-75.289	20.361	2.880
-75.556	20.432	2.880
-75.822	20.503	2.880
-76.089	20.575	2.880
-76.356	20.646	2.880
-76.622	20.717	2.879
-76.889	20.789	2.879
-77.156	20.860	2.879
-77.422	20.932	2.879
-77.689	21.004	2.879
-77.956	21.075	2.879
-78.223	21.147	2.878
-78.489	21.219	2.878
-78.756	21.290	2.878
-79.023	21.362	2.878
-79.290	21.434	2.878
-79.557	21.506	2.878
-79.824	21.578	2.878
-80.090	21.650	2.877
-80.357	21.722	2.877
-80.624	21.794	2.877
-80.891	21.867	2.877
-81.158	21.939	2.877
-81.425	22.011	2.877
-81.692	22.083	2.876
-81.959	22.156	2.876
-82.226	22.228	2.876
-82.493	22.301	2.876
-82.760	22.373	2.876
-83.027	22.446	2.876
-83.293	22.518	2.876
-83.560	22.591	2.876
-83.827	22.664	2.875
-84.094	22.736	2.875
-84.361	22.809	2.875
-84.628	22.882	2.875
-84.895	22.955	2.875
-85.163	23.028	2.875
-85.430	23.101	2.875
-85.697	23.174	2.875
-85.964	23.247	2.874
-86.231	23.320	2.874
-86.498	23.393	2.874
-86.765	23.466	2.874
-87.032	23.539	2.874
-87.299	23.612	2.874
-87.566	23.685	2.874
-87.833	23.758	2.874
-88.100	23.832	2.874
-88.367	23.905	2.874
-88.635	23.978	2.874
-88.902	24.051	2.873
-89.169	24.125	2.873
-89.436	24.198	2.873
-89.703	24.272	2.873
-89.970	24.345	2.873
-90.237	24.418	2.873
-90.505	24.492	2.873
-90.772	24.565	2.873
-91.039	24.639	2.873
-91.306	24.712	2.873
-91.573	24.786	2.873
-91.841	24.859	2.873
-92.108	24.933	2.873
-92.375	25.007	2.873
-92.642	25.080	2.873
-92.910	25.154	2.873
-93.177	25.227	2.873
-93.444	25.301	2.873
-93.711	25.375	2.873
-93.979	25.448	2.873
-94.246	25.522	2.873
-94.513	25.596	2.872
-94.780	25.670	2.872
-95.048	25.743	2.872
-95.315	25.817	2.872
-95.582	25.891	2.872
-95.850	25.964	2.872
-96.117	26.038	2.872
-96.384	26.112	2.872
-96.652	26.186	2.872
-96.919	26.259	2.872
-97.186	26.333	2.872
-97.454	26.407	2.872
-97.721	26.481	2.872
-97.988	26.555	2.872
-98.256	26.628	2.872
-98.523	26.702	2.872
-98.791	26.776	2.872
-99.058	26.850	2.872
-99.325	26.923	2.872
-99.593	26.997	2.872
-99.860	27.071	2.872
-100.128	27.145	2.872
-100.395	27.219	2.872
-100.662	27.292	2.872
-100.930	27.366	2.873
-101.197	27.440	2.873
-101.465	27.514	2.873
-101.732	27.587	2.873
-102.000	27.661	2.873
-102.267	27.735	2.873
-102.535	27.809	2.873
-102.802	27.882	2.873
-103.070	27.956	2.873
-103.337	28.030	2.873
-103.605	28.104	2.873
-103.872	28.177	2.873
-104.140	28.251	2.873
-104.407	28.325	2.873
-104.675	28.398	2.873
-104.943	28.472	2.873
-105.210	28.546	2.873
-105.478	28.619	2.873
-105.745	28.693	2.873
-106.013	28.767	2.873
-106.281	28.840	2.873
-106.548	28.914	2.874
-106.816	28.987	2.874
-107.083	29.061	2.874
-107.351	29.134	2.874
-107.619	29.208	2.874
-107.886	29.281	2.874
-108.154	29.355	2.874
-108.422	29.428	2.874
-108.689	29.502	2.874
-108.957	29.575	2.874
-109.225	29.649	2.874
-109.493	29.722	2.874
-109.760	29.795	2.874
-110.028	29.869	2.875
-110.296	29.942	2.875
-110.563	30.015	2.875
-110.831	30.089	2.875
-111.099	30.162	2.875
-111.367	30.235	2.875
-111.635	30.308	2.875
-111.902	30.381	2.875
-112.170	30.455	2.875
-112.438	30.528	2.875
-112.706	30.601	2.875
-112.974	30.674	2.876
-113.242	30.747	2.876
-113.509	30.820	2.876
-113.777	30.893	2.876
-114.045	30.966	2.876
-114.313	31.039	2.876
-114.581	31.112	2.876
-114.849	31.185	2.876
-115.117	31.258	2.876
-115.385	31.330	2.876
-115.653	31.403	2.877
-115.921	31.476	2.877
-116.189	31.549	2.877
-116.456	31.622	2.877
-116.724	31.694	2.877
-116.992	31.767	2.877
-117.260	31.840	2.877
-117.528	31.912	2.877
-117.796	31.985	2.877
-118.064	32.058	2.877
-118.332	32.130	2.878
-118.601	32.203	2.878
-118.869	32.275	2.878
-119.137	32.348	2.878
-119.405	32.420	2.878
-119.673	32.493	2.878
-119.941	32.565	2.878
-120.209	32.637	2.878
-120.477	32.710	2.878
-120.745	32.782	2.878
-121.013	32.854	2.878
-121.281	32.927	2.879
-121.550	32.999	2.879
-121.818	33.071	2.879
-122.086	33.143	2.879
-122.354	33.216	2.879
-122.622	33.288	2.879
-122.890	33.360	2.879
-123.158	33.432	2.879
-123.427	33.504	2.879
-123.695	33.576	2.879
-123.963	33.648	2.879
-124.231	33.720	2.880
-124.499	33.792	2.880
-124.768	33.864	2.880
-125.036	33.936	2.880
-125.304	34.008	2.880
-125.572	34.080	2.880
-125.841	34.152	2.880
-126.109	34.224	2.880
-126.377	34.296	2.880
-126.645	34.368	2.880
-126.914	34.439	2.880
-127.182	34.511	2.880
-127.450	34.583	2.880
-127.719	34.655	2.880
-127.987	34.726	2.881
-128.255	34.798	2.881
-128.524	34.870	2.881
-128.792	34.942	2.881
-129.060	35.013	2.881
-129.329	35.085	2.881
-129.597	35.157	2.881
-129.865	35.228	2.881
-130.134	35.300	2.881
-130.402	35.371	2.881
-130.670	35.443	2.881
-130.939	35.515	2.881
-131.207	35.586	2.881
-131.475	35.658	2.881
-131.744	35.729	2.881
-132.012	35.801	2.881
-132.280	35.872	2.881
-132.549	35.944	2.881
-132.817	36.015	2.882
-133.086	36.086	2.882
-133.354	36.158	2.882
-133.622	36.229	2.882
-133.891	36.301	2.882
-134.159	36.372	2.882
-134.428	36.444	2.882
-134.696	36.515	2.882
-134.965	36.586	2.882
-135.233	36.658	2.882
-135.501	36.729	2.882
-135.770	36.800	2.882
-136.038	36.872	2.882
-136.307	36.943	2.882
-136.575	37.014	2.882
-136.844	37.086	2.882
-137.112	37.157	2.882
-137.380	37.228	2.882
-137.649	37.300	2.882
-137.917	37.371	2.882
-138.186	37.442	2.882
-138.454	37.513	2.882
-138.723	37.585	2.882
-138.991	37.656	2.882
-139.260	37.727	2.882
-139.528	37.799	2.882
-139.797	37.870	2.882
-140.065	37.941	2.882
-140.333	38.013	2.882
-140.602	38.084	2.882
-140.870	38.155	2.882
-141.139	38.227	2.882
-141.407	38.298	2.882
-141.676	38.369	2.882
-141.944	38.441	2.882
-142.213	38.512	2.882
-142.481	38.583	2.882
-142.749	38.655	2.882
-143.018	38.726	2.881
-143.286	38.798	2.881
-143.555	38.869	2.881
-143.823	38.940	2.881
-144.091	39.012	2.881
-144.360	39.083	2.881
-144.628	39.155	2.881
-144.897	39.226	2.881
-145.165	39.298	2.881
-145.434	39.369	2.881
-145.702	39.441	2.881
-145.970	39.513	2.881
-146.239	39.584	2.881
-146.507	39.656	2.881
-146.775	39.727	2.880
-147.044	39.799	2.880
-147.312	39.871	2.880
-147.580	39.942	2.880
-147.849	40.014	2.880
-148.117	40.086	2.880
-148.386	40.158	2.880
-148.654	40.229	2.880
-148.922	40.301	2.880
-149.190	40.373	2.880
-149.459	40.445	2.880
-149.727	40.517	2.880
-149.995	40.589	2.879
-150.264	40.661	2.879
-150.532	40.733	2.879
-150.800	40.804	2.879
-151.069	40.876	2.879
-151.337	40.949	2.879
-151.605	41.021	2.879
-151.873	41.093	2.879
-152.142	41.165	2.879
-152.410	41.237	2.879
-152.678	41.309	2.879
-152.946	41.381	2.878
-153.215	41.453	2.878
-153.483	41.526	2.878
-153.751	41.598	2.878
-154.019	41.670	2.878
-154.287	41.742	2.878
-154.556	41.815	2.878
-154.824	41.887	2.878
-155.092	41.959	2.878
-155.360	42.032	2.878
-155.628	42.104	2.878
-155.896	42.177	2.878
-156.165	42.249	2.878
-156.433	42.321	2.877
-156.701	42.394	2.877
-156.969	42.466	2.877
-157.237	42.539	2.877
-157.505	42.611	2.877
-157.773	42.684	2.877
-158.042	42.757	2.877
-158.310	42.829	2.877
-158.578	42.902	2.877
-158.846	42.974	2.877
-159.114	43.047	2.877
-159.382	43.120	2.877
-159.650	43.192	2.877
-159.918	43.265	2.877
-160.186	43.338	2.877
-160.455	43.411	2.877
-160.723	43.483	2.876
-160.991	43.556	2.876
-161.259	43.629	2.876
-161.527	43.702	2.876
-161.795	43.774	2.876
-162.063	43.847	2.876
-162.331	43.920	2.876
-162.599	43.993	2.876
-162.867	44.066	2.876
-163.135	44.139	2.876
-163.403	44.211	2.876
-163.671	44.284	2.876
-163.939	44.357	2.876
-164.207	44.430	2.876
-164.475	44.503	2.876
-164.743	44.576	2.876
-165.011	44.649	2.876
-165.279	44.722	2.876
-165.547	44.795	2.876
-165.816	44.868	2.876
-166.084	44.941	2.876
-166.352	45.013	2.876
-166.620	45.086	2.876
-166.888	45.159	2.876
-167.156	45.232	2.876
-167.424	45.305	2.876
-167.692	45.378	2.876
-167.960	45.451	2.876
-168.228	45.524	2.876
-168.496	45.597	2.876
-168.764	45.670	2.876
-169.032	45.743	2.876
-169.300	45.816	2.876
-169.568	45.889	2.876
-169.836	45.962	2.876
-170.104	46.035	2.876
-170.372	46.108	2.876
-170.640	46.181	2.876
-170.908	46.254	2.876
-171.176	46.327	2.876
-171.444	46.400	2.876
-171.712	46.473	2.876
-171.980	46.546	2.876
-172.248	46.619	2.876
-172.516	46.692	2.876
-172.784	46.765	2.876
-173.052	46.838	2.876
-173.320	46.911	2.876
-173.588	46.984	2.876
-173.856	47.057	2.876
-174.124	47.130	2.876
-174.392	47.203	2.876
-174.660	47.276	2.876
-174.928	47.349	2.876
-175.196	47.422	2.876
-175.464	47.495	2.876
-175.732	47.568	2.876
-176.000	47.641	2.876
-176.268	47.714	2.876
-176.536	47.787	2.876
-176.804	47.860	2.876
-177.072	47.933	2.876
-177.340	48.006	2.876
-177.608	48.079	2.876
-177.876	48.152	2.876
-178.144	48.225	2.876
-178.412	48.298	2.876
-178.680	48.371	2.876
-178.948	48.443	2.876
-179.216	48.516	2.876
-179.484	48.589	2.876
-179.752	48.662	2.876
-180.021	48.735	2.876
-180.289	48.808	2.876
-180.557	48.881	2.876
-180.825	48.954	2.875
-181.093	49.027	2.875
-181.361	49.100	2.875
-181.629	49.173	2.875
-181.897	49.247	2.875
-182.165	49.320	2.875
-182.433	49.393	2.875
-182.701	49.466	2.875
-182.969	49.539	2.875
-183.237	49.612	2.875
-183.504	49.685	2.875
-183.772	49.758	2.875
-184.040	49.831	2.875
-184.308	49.905	2.875
-184.576	49.978	2.875
-184.844	50.051	2.874
-185.112	50.124	2.874
-185.380	50.198	2.874
-185.648	50.271	2.874
-185.916	50.344	2.874
-186.184	50.418	2.874
-186.452	50.491	2.874
-186.720	50.565	2.874
-186.988	50.638	2.874
-187.255	50.711	2.873
-187.523	50.785	2.873
-187.791	50.858	2.873
-188.059	50.932	2.873
-188.327	51.006	2.873
-188.595	51.079	2.873
-188.863	51.153	2.873
-189.130	51.227	2.873
-189.398	51.300	2.873
-189.666	51.374	2.872
-189.934	51.448	2.872
-190.202	51.522	2.872
-190.469	51.596	2.872
-190.737	51.670	2.872
-191.005	51.743	2.872
-191.273	51.817	2.872
-191.540	51.891	2.872
-191.808	51.965	2.871
-192.076	52.039	2.871
-192.344	52.114	2.871
-192.611	52.188	2.871
-192.879	52.262	2.871
-193.147	52.336	2.871
-193.414	52.410	2.871
-193.682	52.484	2.871
-193.950	52.559	2.871
-194.217	52.633	2.871
-194.485	52.707	2.870
-194.753	52.782	2.870
-195.020	52.856	2.870
-195.288	52.930	2.870
-195.556	53.005	2.870
-195.823	53.079	2.870
-196.091	53.154	2.870
-196.358	53.228	2.870
-196.626	53.303	2.870
-196.894	53.377	2.870
-197.161	53.452	2.870
-197.429	53.526	2.870
-197.696	53.601	2.870
-197.964	53.675	2.870
-198.232	53.750	2.870
-198.499	53.824	2.870
-198.767	53.899	2.870
-199.034	53.974	2.869
-199.302	54.048	2.869
-199.569	54.123	2.869
-199.837	54.198	2.869
-200.105	54.272	2.869
-200.372	54.347	2.869
-200.640	54.422	2.869
-200.907	54.496	2.869
-201.175	54.571	2.869
-201.442	54.646	2.869
-201.710	54.720	2.869
-201.977	54.795	2.869
-202.245	54.870	2.869
-202.512	54.944	2.870
-202.780	55.019	2.870
-203.048	55.094	2.870
-203.315	55.168	2.870
-203.583	55.243	2.870
-203.850	55.318	2.870
-204.118	55.392	2.870
-204.385	55.467	2.870
-204.653	55.542	2.870
-204.921	55.616	2.870
-205.188	55.691	2.870
-205.456	55.765	2.870
-205.723	55.840	2.870
-205.991	55.914	2.870
-206.258	55.989	2.870
-206.526	56.063	2.870
-206.794	56.138	2.870
-207.061	56.212	2.870
-207.329	56.287	2.870
-207.596	56.361	2.871
-207.864	56.436	2.871
-208.132	56.510	2.871
-208.399	56.585	2.871
-208.667	56.659	2.871
-208.935	56.733	2.871
-209.202	56.808	2.871
-209.470	56.882	2.871
-209.738	56.956	2.871
-210.005	57.030	2.871
-210.273	57.105	2.871
-210.541	57.179	2.872
-210.808	57.253	2.872
-211.076	57.327	2.872
-211.344	57.401	2.872
-211.612	57.475	2.872
-211.879	57.549	2.872
-212.147	57.623	2.872
-212.415	57.697	2.872
-212.682	57.771	2.872
-212.950	57.845	2.872
-213.218	57.919	2.873
-213.486	57.993	2.873
-213.754	58.067	2.873
-214.021	58.141	2.873
-214.289	58.215	2.873
-214.557	58.288	2.873
-214.825	58.362	2.873
-215.093	58.436	2.873
-215.360	58.510	2.873
-215.628	58.583	2.873
-215.896	58.657	2.874
-216.164	58.731	2.874
-216.432	58.804	2.874
-216.700	58.878	2.874
-216.967	58.951	2.874
-217.235	59.025	2.874
-217.503	59.098	2.874
-217.771	59.172	2.874
-218.039	59.245	2.874
-218.307	59.319	2.874
-218.575	59.392	2.874
-218.843	59.466	2.874
-219.110	59.539	2.874
-219.378	59.612	2.875
-219.646	59.686	2.875
-219.914	59.759	2.875
-220.182	59.832	2.875
-220.450	59.906	2.875
-220.718	59.979	2.875
-220.986	60.052	2.875
-221.254	60.125	2.875
-221.522	60.199	2.875
-221.790	60.272	2.875
-222.058	60.345	2.875
-222.326	60.418	2.875
-222.594	60.491	2.875
-222.862	60.565	2.875
-223.130	60.638	2.875
-223.398	60.711	2.875
-223.666	60.784	2.875
-223.934	60.857	2.875
-224.202	60.930	2.875
-224.470	61.003	2.876
-224.738	61.076	2.876
-225.006	61.149	2.876
-225.274	61.222	2.876
-225.542	61.295	2.876
-225.810	61.368	2.876
-226.078	61.441	2.876
-226.346	61.514	2.876
-226.614	61.587	2.876
-226.882	61.660	2.876
-227.150	61.733	2.876
-227.418	61.806	2.876
-227.686	61.879	2.876
-227.954	61.952	2.876
-228.222	62.025	2.876
-228.490	62.098	2.876
-228.758	62.171	2.876
-229.026	62.244	2.876
-229.294	62.317	2.876
-229.562	62.390	2.876
-229.830	62.463	2.876
-230.098	62.536	2.876
-230.366	62.609	2.876
-230.634	62.682	2.876
-230.902	62.754	2.876
-231.170	62.827	2.876
-231.438	62.900	2.876
-231.706	62.973	2.876
-231.974	63.046	2.876
-232.242	63.119	2.876
-232.510	63.192	2.876
-232.778	63.265	2.876
-233.047	63.337	2.876
-233.315	63.410	2.876
-233.583	63.483	2.876
-233.851	63.556	2.876
-234.119	63.629	2.876
-234.387	63.702	2.876
-234.655	63.775	2.876
-234.923	63.847	2.876
-235.191	63.920	2.876
-235.459	63.993	2.876
-235.727	64.066	2.876
-235.995	64.139	2.876
-236.263	64.211	2.877
-236.531	64.284	2.877
-236.799	64.357	2.877
-237.067	64.430	2.877
-237.336	64.503	2.877
-237.604	64.575	2.877
-237.872	64.648	2.877
-238.140	64.721	2.877
-238.408	64.794	2.877
-238.676	64.866	2.877
-238.944	64.939	2.877
-239.212	65.012	2.877
-239.480	65.084	2.877
-239.748	65.157	2.877
-240.016	65.230	2.877
-240.285	65.302	2.877
-240.553	65.375	2.877
-240.821	65.448	2.877
-241.089	65.520	2.877
-241.357	65.593	2.877
-241.625	65.665	2.877
-241.893	65.738	2.878
-242.161	65.810	2.878
-242.430	65.883	2.878
-242.698	65.956	2.878
-242.966	66.028	2.878
-243.234	66.100	2.878
-243.502	66.173	2.878
-243.770	66.245	2.878
-244.039	66.318	2.878
-244.307	66.390	2.878
-244.575	66.463	2.878
-244.843	66.535	2.878
-245.111	66.607	2.878
-245.379	66.680	2.879
-245.648	66.752	2.879
-245.916	66.824	2.879
-246.184	66.896	2.879
-246.452	66.969	2.879
-246.721	67.041	2.879
-246.989	67.113	2.879
-247.257	67.185	2.879
-247.525	67.257	2.879
-247.794	67.329	2.879
-248.062	67.401	2.880
-248.330	67.473	2.880
-248.598	67.545	2.880
-248.867	67.617	2.880
-249.135	67.689	2.880
-249.403	67.761	2.880
-249.672	67.833	2.880
-249.940	67.905	2.880
-250.208	67.977	2.880
-250.477	68.049	2.881
-250.745	68.120	2.881
-251.013	68.192	2.881
-251.282	68.264	2.881
-251.550	68.335	2.881
-251.818	68.407	2.881
-252.087	68.479	2.881
-252.355	68.550	2.881
-252.624	68.622	2.881
-252.892	68.693	2.882
-253.160	68.765	2.882
-253.429	68.836	2.882
-253.697	68.908	2.882
-253.966	68.979	2.882
-254.234	69.051	2.882
-254.503	69.122	2.882
-254.771	69.193	2.882
-255.040	69.265	2.882
-255.308	69.336	2.883
-255.577	69.407	2.883
-255.845	69.478	2.883
-256.114	69.549	2.883
-256.382	69.620	2.883
-256.651	69.692	2.883
-256.919	69.763	2.883
-257.188	69.834	2.883
-257.456	69.905	2.883
-257.725	69.976	2.884
-257.993	70.047	2.884
-258.262	70.118	2.884
-258.531	70.188	2.884
-258.799	70.259	2.884
-259.068	70.330	2.884
-259.336	70.401	2.884
-259.605	70.472	2.884
-259.874	70.542	2.884
-260.142	70.613	2.885
-260.411	70.684	2.885
-260.679	70.754	2.885
-260.948	70.825	2.885
-261.217	70.896	2.885
-261.485	70.966	2.885
-261.754	71.037	2.885
-262.023	71.107	2.885
-262.291	71.178	2.885
-262.560	71.248	2.885
-262.829	71.319	2.886
-263.098	71.389	2.886
-263.366	71.459	2.886
-263.635	71.530	2.886
-263.904	71.600	2.886
-264.172	71.670	2.886
-264.441	71.741	2.886
-264.710	71.811	2.886
-264.979	71.881	2.886
-265.247	71.951	2.886
-265.516	72.022	2.886
-265.785	72.092	2.887
-266.054	72.162	2.887
-266.323	72.232	2.887
-266.591	72.302	2.887
-266.860	72.372	2.887
-267.129	72.442	2.887
-267.398	72.512	2.887
-267.667	72.582	2.887
-267.935	72.652	2.887
-268.204	72.722	2.887
-268.473	72.792	2.887
-268.742	72.862	2.887
-269.011	72.932	2.887
-269.280	73.002	2.888
-269.548	73.072	2.888
-269.817	73.141	2.888
-270.086	73.211	2.888
-270.355	73.281	2.888
-270.624	73.351	2.888
-270.893	73.421	2.888
-271.162	73.490	2.888
-271.430	73.560	2.888
-271.699	73.630	2.888
-271.968	73.700	2.888
-272.237	73.769	2.888
-272.506	73.839	2.888
-272.775	73.909	2.888
-273.044	73.978	2.888
-273.313	74.048	2.888
-273.582	74.118	2.888
-273.851	74.187	2.888
-274.119	74.257	2.888
-274.388	74.327	2.888
-274.657	74.396	2.888
-274.926	74.466	2.888
-275.195	74.536	2.888
-275.464	74.605	2.888
-275.733	74.675	2.888
-276.002	74.745	2.888
-276.271	74.814	2.888
-276.540	74.884	2.888
-276.808	74.954	2.888
-277.077	75.023	2.888
-277.346	75.093	2.888
-277.615	75.163	2.888
-277.884	75.233	2.888
-278.153	75.302	2.888
-278.422	75.372	2.888
-278.691	75.442	2.887
-278.959	75.512	2.887
-279.228	75.581	2.887
-279.497	75.651	2.887
-279.766	75.721	2.887
-280.035	75.791	2.887
-280.304	75.861	2.887
-280.573	75.931	2.887
-280.841	76.001	2.887
-281.110	76.071	2.887
-281.379	76.140	2.887
-281.648	76.211	2.886
-281.917	76.281	2.886
-282.185	76.351	2.886
-282.454	76.421	2.886
-282.723	76.491	2.886
-282.992	76.561	2.886
-283.261	76.631	2.886
-283.529	76.701	2.886
-283.798	76.772	2.885
-284.067	76.842	2.885
-284.336	76.912	2.885
-284.604	76.983	2.885
-284.873	77.053	2.885
-285.142	77.124	2.885
-285.410	77.194	2.884
-285.679	77.265	2.884
-285.948	77.335	2.884
-286.216	77.406	2.884
-286.485	77.477	2.884
-286.754	77.547	2.884
-287.022	77.618	2.883
-287.291	77.689	2.883
-287.559	77.760	2.883
-287.828	77.830	2.883
-288.097	77.901	2.883
-288.365	77.972	2.883
-288.634	78.043	2.882
-288.902	78.114	2.882
-289.171	78.186	2.882
-289.439	78.257	2.882
-289.708	78.328	2.882
-289.976	78.399	2.882
-290.245	78.470	2.881
-290.513	78.542	2.881
-290.782	78.613	2.881
-291.050	78.685	2.881
-291.318	78.756	2.881
-291.587	78.828	2.881
-291.855	78.899	2.880
-292.124	78.971	2.880
-292.392	79.043	2.880
-292.660	79.114	2.880
-292.929	79.186	2.880
-293.197	79.258	2.879
-293.465	79.330	2.879
-293.734	79.402	2.879
-294.002	79.474	2.879
-294.270	79.546	2.879
-294.538	79.618	2.879
-294.807	79.690	2.878
-295.075	79.762	2.878
-295.343	79.834	2.878
-295.611	79.906	2.878
-295.880	79.979	2.878
-296.148	80.051	2.878
-296.416	80.123	2.877
-296.684	80.196	2.877
-296.952	80.268	2.877
-297.221	80.341	2.877
-297.489	80.413	2.877
-297.757	80.486	2.877
-298.025	80.559	2.876
-298.293	80.631	2.876
-298.561	80.704	2.876
-298.829	80.777	2.876
-299.097	80.850	2.876
-299.365	80.922	2.876
-299.633	80.995	2.876
-299.901	81.068	2.875
-300.169	81.141	2.875
-300.437	81.214	2.875
-300.705	81.287	2.875
-300.973	81.360	2.875
-301.241	81.433	2.875
-301.509	81.507	2.875
-301.777	81.580	2.875
-302.045	81.653	2.875
-302.313	81.726	2.874
-302.581	81.799	2.874
-302.849	81.873	2.874
-303.117	81.946	2.874
-303.385	82.019	2.874
-303.653	82.093	2.874
-303.921	82.166	2.874
-304.189	82.240	2.874
-304.457	82.313	2.874
-304.724	82.386	2.874
-304.992	82.460	2.874
-305.260	82.533	2.874
-305.528	82.607	2.873
-305.796	82.681	2.873
-306.064	82.754	2.873
-306.332	82.828	2.873
-306.599	82.901	2.873
-306.867	82.975	2.873
-307.135	83.049	2.873
-307.403	83.122	2.873
-307.671	83.196	2.873
-307.939	83.269	2.873
-308.207	83.343	2.873
-308.474	83.417	2.873
-308.742	83.490	2.873
-309.010	83.564	2.873
-309.278	83.638	2.873
-309.546	83.711	2.873
-309.814	83.785	2.873
-310.081	83.859	2.873
-310.349	83.933	2.873
-310.617	84.006	2.873
-310.885	84.080	2.873
-311.153	84.154	2.873
-311.420	84.227	2.873
-311.688	84.301	2.873
-311.956	84.375	2.873
-312.224	84.448	2.873
-312.492	84.522	2.873
-312.760	84.595	2.873
-313.027	84.669	2.873
-313.295	84.743	2.874
-313.563	84.816	2.874
-313.831	84.890	2.874
-314.099	84.964	2.874
-314.367	85.037	2.874
-314.635	85.111	2.874
-314.902	85.184	2.874
-315.170	85.258	2.874
-315.438	85.331	2.874
-315.706	85.405	2.874
-315.974	85.478	2.874
-316.242	85.552	2.874
-316.510	85.625	2.874
-316.778	85.699	2.874
-317.046	85.772	2.874
-317.313	85.845	2.874
-317.581	85.919	2.874
-317.849	85.992	2.875
-318.117	86.066	2.875
-318.385	86.139	2.875
-318.653	86.212	2.875
-318.921	86.285	2.875
-319.189	86.359	2.875
-319.457	86.432	2.875
-319.725	86.505	2.875
-319.993	86.578	2.875
-320.261	86.652	2.875
-320.529	86.725	2.875
-320.797	86.798	2.875
-321.065	86.871	2.875
-321.333	86.944	2.875
-321.601	87.017	2.876
-321.869	87.090	2.876
-322.137	87.164	2.876
-322.405	87.237	2.876
-322.673	87.310	2.876
-322.941	87.383	2.876
-323.209	87.456	2.876
-323.477	87.529	2.876
-323.745	87.602	2.876
-324.013	87.675	2.876
-324.281	87.747	2.876
-324.549	87.820	2.876
-324.817	87.893	2.876
-325.085	87.966	2.876
-325.353	88.039	2.876
-325.621	88.112	2.877
-325.889	88.185	2.877
-326.157	88.257	2.877
-326.425	88.330	2.877
-326.693	88.403	2.877
-326.961	88.476	2.877
-327.229	88.548	2.877
-327.498	88.621	2.877
-327.766	88.694	2.877
-328.034	88.767	2.877
-328.302	88.839	2.877
-328.570	88.912	2.877
-328.838	88.984	2.877
-329.106	89.057	2.877
-329.374	89.130	2.877
-329.642	89.202	2.877
-329.911	89.275	2.877
-330.179	89.347	2.877
-330.447	89.420	2.878
-330.715	89.493	2.878
-330.983	89.565	2.878
-331.251	89.638	2.878
-331.519	89.710	2.878
-331.788	89.783	2.878
-332.056	89.855	2.878
-332.324	89.927	2.878
-332.592	90.000	2.878
-332.860	90.072	2.878
-333.128	90.145	2.878
-333.397	90.217	2.878
-333.665	90.290	2.878
-333.933	90.362	2.878
-334.201	90.435	2.878
-334.469	90.507	2.878
-334.737	90.579	2.878
-335.006	90.652	2.878
-335.274	90.724	2.878
-335.542	90.797	2.878
-335.810	90.869	2.878
-336.078	90.941	2.878
-336.346	91.014	2.878
-336.615	91.086	2.878
-336.883	91.159	2.878
-337.151	91.231	2.878
-337.419	91.303	2.878
-337.687	91.376	2.878
-337.955	91.448	2.878
-338.224	91.521	2.878
-338.492	91.593	2.878
-338.760	91.665	2.878
-339.028	91.738	2.878
-339.296	91.810	2.878
-339.564	91.883	2.878
-339.833	91.955	2.878
-340.101	92.028	2.878
-340.369	92.100	2.878
-340.637	92.173	2.878
-340.905	92.245	2.878
-341.173	92.318	2.878
-341.442	92.390	2.877
-341.710	92.463	2.877
-341.978	92.535	2.877
-342.246	92.608	2.877
-342.514	92.680	2.877
-342.782	92.753	2.877
-343.050	92.825	2.877
-343.319	92.898	2.877
-343.587	92.970	2.877
-343.855	93.043	2.877
-344.123	93.115	2.877
-344.391	93.188	2.877
-344.659	93.260	2.877
-344.927	93.333	2.877
-345.196	93.406	2.877
-345.464	93.478	2.877
-345.732	93.551	2.877
-346.000	93.623	2.877
-346.268	93.696	2.877
-346.536	93.768	2.877
-346.804	93.841	2.877
-347.072	93.914	2.877
-347.341	93.986	2.877
-347.609	94.059	2.877
-347.877	94.131	2.877
-348.145	94.204	2.877
-348.413	94.277	2.877
-348.681	94.349	2.877
-348.949	94.422	2.877
-349.217	94.494	2.877
-349.486	94.567	2.877
-349.754	94.640	2.877
-350.022	94.712	2.877
-350.290	94.785	2.877
-350.558	94.857	2.877
-350.826	94.930	2.877
-351.094	95.002	2.877
-351.362	95.075	2.877
-351.631	95.148	2.877
-351.899	95.220	2.878
-352.167	95.293	2.878
-352.435	95.365	2.878
-352.703	95.438	2.878
-352.971	95.510	2.878
-353.239	95.583	2.878
-353.508	95.655	2.878
-353.776	95.728	2.878
-354.044	95.800	2.878
-354.312	95.872	2.878
-354.580	95.945	2.878
-354.848	96.017	2.878
-355.117	96.090	2.878
-355.385	96.162	2.878
-355.653	96.234	2.878
-355.921	96.307	2.878
-356.189	96.379	2.878
-356.458	96.451	2.878
-356.726	96.524	2.879
-356.994	96.596	2.879
-357.262	96.668	2.879
-357.530	96.741	2.879
-357.799	96.813	2.879
-358.067	96.885	2.879
-358.335	96.957	2.879
-358.603	97.029	2.879
-358.872	97.101	2.879
-359.140	97.174	2.879
-359.408	97.246	2.879
-359.676	97.318	2.879
-359.945	97.390	2.880
-360.213	97.462	2.880
-360.481	97.534	2.880
-360.750	97.606	2.880
-361.018	97.678	2.880
-361.286	97.750	2.880
-361.554	97.822	2.880
-361.823	97.893	2.880
-362.091	97.965	2.880
-362.359	98.037	2.880
-362.628	98.109	2.880
-362.896	98.181	2.881
-363.164	98.253	2.881
-363.433	98.324	2.881
-363.701	98.396	2.881
-363.970	98.468	2.881
-364.238	98.539	2.881
-364.506	98.611	2.881
-364.775	98.683	2.881
-365.043	98.754	2.881
-365.311	98.826	2.881
-365.580	98.897	2.881
-365.848	98.969	2.882
-366.117	99.040	2.882
-366.385	99.112	2.882
-366.654	99.183	2.882
-366.922	99.255	2.882
-367.190	99.326	2.882
-367.459	99.397	2.882
-367.727	99.469	2.882
-367.996	99.540	2.882
-368.264	99.611	2.882
-368.533	99.683	2.882
-368.801	99.754	2.882
-369.070	99.825	2.883
-369.338	99.896	2.883
-369.607	99.967	2.883
-369.875	100.039	2.883
-370.144	100.110	2.883
-370.412	100.181	2.883
-370.681	100.252	2.883
-370.949	100.323	2.883
-371.218	100.394	2.883
-371.486	100.465	2.883
-371.755	100.536	2.883
-372.023	100.607	2.883
-372.292	100.678	2.883
-372.561	100.749	2.883
-372.829	100.820	2.884
-373.098	100.891	2.884
-373.366	100.962	2.884
-373.635	101.033	2.884
-373.903	101.104	2.884
-374.172	101.175	2.884
-374.441	101.246	2.884
-374.709	101.316	2.884
-374.978	101.387	2.884
-375.246	101.458	2.884
-375.515	101.529	2.884
-375.784	101.600	2.884
-376.052	101.670	2.884
-376.321	101.741	2.884
-376.590	101.812	2.884
-376.858	101.882	2.884
-377.127	101.953	2.884
-377.395	102.024	2.884
-377.664	102.094	2.885
-377.933	102.165	2.885
-378.201	102.236	2.885
-378.470	102.306	2.885
-378.739	102.377	2.885
-379.007	102.448	2.885
-379.276	102.518	2.885
-379.545	102.589	2.885
-379.813	102.659	2.885
-380.082	102.730	2.885
-380.351	102.800	2.885
-380.619	102.871	2.885
-380.888	102.941	2.885
-381.157	103.012	2.885
-381.425	103.082	2.885
-381.694	103.153	2.885
-381.963	103.223	2.885
-382.231	103.294	2.885
-382.500	103.364	2.885
-382.769	103.435	2.885
-383.037	103.505	2.885
-383.306	103.576	2.885
-383.575	103.646	2.885
-383.844	103.717	2.885
-384.112	103.787	2.885
-384.381	103.857	2.885
-384.650	103.928	2.885
-384.918	103.998	2.885
-385.187	104.069	2.885
-385.456	104.139	2.885
-385.725	104.209	2.886
-385.993	104.280	2.886
-386.262	104.350	2.886
-386.531	104.420	2.886
-386.799	104.491	2.886
-387.068	104.561	2.886
-387.337	104.631	2.886
-387.606	104.702	2.886
-387.874	104.772	2.886
-388.143	104.843	2.886
-388.412	104.913	2.886
-388.680	104.983	2.886
-388.949	105.054	2.886
-389.218	105.124	2.886
-389.487	105.194	2.886
-389.755	105.265	2.886
-390.024	105.335	2.886
-390.293	105.405	2.886
-390.562	105.475	2.886
-390.830	105.546	2.886
-391.099	105.616	2.886
-391.368	105.686	2.886
-391.637	105.757	2.886
-391.905	105.827	2.886
-392.174	105.897	2.886
-392.443	105.968	2.886
-392.711	106.038	2.886
-392.980	106.108	2.886
-393.249	106.179	2.886
-393.518	106.249	2.886
-393.786	106.319	2.886
-394.055	106.390	2.886
-394.324	106.460	2.886
-394.593	106.530	2.886
-394.861	106.601	2.886
-395.130	106.671	2.886
-395.399	106.741	2.886
-395.667	106.812	2.886
-395.936	106.882	2.885
-396.205	106.953	2.885
-396.474	107.023	2.885
-396.742	107.093	2.885
-397.011	107.164	2.885
-397.280	107.234	2.885
-397.548	107.304	2.885
-397.817	107.375	2.885
-398.086	107.445	2.885
-398.355	107.515	2.885
-398.623	107.586	2.885
-398.892	107.656	2.885
-399.161	107.727	2.885
-399.429	107.797	2.885
-399.698	107.868	2.885
-399.967	107.938	2.885
-400.236	108.008	2.885
-400.504	108.079	2.885
-400.773	108.149	2.885
-401.042	108.220	2.885
-401.310	108.290	2.885
-401.579	108.361	2.885
-401.848	108.431	2.885
-402.116	108.501	2.885
-402.385	108.572	2.885
-402.654	108.642	2.885
-402.922	108.713	2.885
-403.191	108.783	2.885
-403.460	108.854	2.885
-403.729	108.924	2.885
-403.997	108.995	2.885
-404.266	109.065	2.885
-404.535	109.136	2.885
-404.803	109.206	2.885
-405.072	109.277	2.885
-405.341	109.347	2.885
-405.609	109.418	2.885
-405.878	109.489	2.885
-406.147	109.559	2.885
-406.415	109.630	2.885
-406.684	109.700	2.885
-406.953	109.771	2.885
-407.221	109.841	2.885
-407.490	109.912	2.885
-407.759	109.983	2.885
-408.027	110.053	2.885
-408.296	110.124	2.885
-408.565	110.194	2.884
-408.833	110.265	2.884
-409.102	110.336	2.884
-409.370	110.406	2.884
-409.639	110.477	2.884
-409.908	110.547	2.884
-410.176	110.618	2.884
-410.445	110.689	2.884
-410.714	110.759	2.884
-410.982	110.830	2.884
-411.251	110.901	2.884
-411.520	110.972	2.884
-411.788	111.042	2.884
-412.057	111.113	2.884
-412.325	111.184	2.884
-412.594	111.254	2.884
-412.863	111.325	2.884
-413.131	111.396	2.884
-413.400	111.467	2.884
-413.669	111.537	2.884
-413.937	111.608	2.884
-414.206	111.679	2.884
-414.474	111.750	2.884
-414.743	111.820	2.884
-415.012	111.891	2.884
-415.280	111.962	2.884
-415.549	112.033	2.884
-415.817	112.103	2.884
-416.086	112.174	2.884
-416.355	112.245	2.884
-416.623	112.316	2.884
-416.892	112.387	2.884
-417.160	112.458	2.884
-417.429	112.528	2.884
-417.698	112.599	2.883
-417.966	112.670	2.883
-418.235	112.741	2.883
-418.503	112.812	2.883
-418.772	112.883	2.883
-419.041	112.954	2.883
-419.309	113.025	2.883
-419.578	113.096	2.883
-419.846	113.167	2.883
-420.115	113.238	2.883
-420.383	113.309	2.883
-420.652	113.380	2.883
-420.920	113.451	2.883
-421.189	113.522	2.883
-421.458	113.593	2.883
-421.726	113.664	2.883
-421.995	113.735	2.883
-422.263	113.806	2.883
-422.532	113.877	2.883
-422.800	113.948	2.882
-423.069	114.019	2.882
-423.337	114.090	2.882
-423.606	114.161	2.882
-423.874	114.233	2.882
-424.143	114.304	2.882
-424.411	114.375	2.882
-424.680	114.446	2.882
-424.948	114.517	2.882
-425.217	114.589	2.882
-425.485	114.660	2.882
-425.754	114.731	2.882
-426.022	114.803	2.881
-426.291	114.874	2.881
-426.559	114.946	2.881
-426.827	115.017	2.881
-427.096	115.088	2.881
-427.364	115.160	2.881
-427.633	115.231	2.881
-427.901	115.303	2.881
-428.169	115.375	2.881
-428.438	115.446	2.881
-428.706	115.518	2.880
-428.975	115.589	2.880
-429.243	115.661	2.880
-429.511	115.733	2.880
-429.780	115.805	2.880
-430.048	115.876	2.880
-430.316	115.948	2.880
-430.585	116.020	2.880
-430.853	116.092	2.879
-431.121	116.164	2.879
-431.390	116.236	2.879
-431.658	116.308	2.879
-431.926	116.380	2.879
-432.194	116.452	2.879
-432.463	116.524	2.879
-432.731	116.596	2.879
-432.999	116.668	2.878
-433.267	116.740	2.878
-433.536	116.813	2.878
-433.804	116.885	2.878
-434.072	116.957	2.878
-434.340	117.029	2.878
-434.609	117.102	2.878
-434.877	117.174	2.878
-435.145	117.247	2.877
-435.413	117.319	2.877
-435.681	117.391	2.877
-435.949	117.464	2.877
-436.217	117.536	2.877
-436.486	117.609	2.877
-436.754	117.682	2.877
-437.022	117.754	2.877
-437.290	117.827	2.876
-437.558	117.900	2.876
-437.826	117.972	2.876
-438.094	118.045	2.876
-438.362	118.118	2.876
-438.630	118.191	2.876
-438.898	118.264	2.876
-439.166	118.337	2.876
-439.434	118.409	2.876
-439.702	118.482	2.875
-439.970	118.555	2.875
-440.238	118.628	2.875
-440.506	118.701	2.875
-440.774	118.775	2.875
-441.042	118.848	2.875
-441.310	118.921	2.875
-441.578	118.994	2.875
-441.846	119.067	2.875
-442.114	119.140	2.875
-442.382	119.214	2.874
-442.650	119.287	2.874
-442.918	119.360	2.874
-443.186	119.433	2.874
-443.454	119.507	2.874
-443.722	119.580	2.874
-443.990	119.653	2.874
-444.258	119.727	2.874
-444.526	119.800	2.874
-444.794	119.874	2.874
-445.061	119.947	2.874
-445.329	120.021	2.874
-445.597	120.094	2.873
-445.865	120.168	2.873
-446.133	120.241	2.873
-446.401	120.315	2.873
-446.669	120.388	2.873
-446.936	120.462	2.873
-447.204	120.536	2.873
-447.472	120.609	2.873
-447.740	120.683	2.873
-448.008	120.757	2.873
-448.276	120.830	2.873
-448.543	120.904	2.873
-448.811	120.978	2.873
-449.079	121.052	2.873
-449.347	121.125	2.873
-449.615	121.199	2.873
-449.882	121.273	2.873
-450.150	121.347	2.872
-450.418	121.421	2.872
-450.686	121.494	2.872
-450.954	121.568	2.872
-451.221	121.642	2.872
-451.489	121.716	2.872
-451.757	121.790	2.872
-452.025	121.864	2.872
-452.292	121.938	2.872
-452.560	122.012	2.872
-452.828	122.086	2.872
-453.096	122.160	2.872
-453.363	122.234	2.872
-453.631	122.307	2.872
-453.899	122.381	2.872
-454.167	122.455	2.872
-454.434	122.529	2.872
-454.702	122.603	2.872
-454.970	122.677	2.872
-455.238	122.751	2.872
-455.505	122.825	2.872
-455.773	122.899	2.872
-456.041	122.973	2.872
-456.309	123.047	2.872
-456.576	123.121	2.872
-456.844	123.195	2.872
-457.112	123.269	2.872
-457.380	123.343	2.872
-457.647	123.418	2.872
-457.915	123.492	2.872
-458.183	123.566	2.872
-458.451	123.640	2.872
-458.718	123.714	2.872
-458.986	123.788	2.872
-459.254	123.862	2.872
-459.521	123.936	2.872
-459.789	124.010	2.872
-460.057	124.084	2.872
-460.325	124.158	2.872
-460.592	124.232	2.872
-460.860	124.306	2.872
-461.128	124.379	2.872
-461.396	124.453	2.872
-461.663	124.527	2.872
-461.931	124.601	2.872
-462.199	124.675	2.872
-462.467	124.749	2.872
-462.735	124.823	2.873
-463.002	124.897	2.873
-463.270	124.971	2.873
-463.538	125.045	2.873
-463.806	125.118	2.873
-464.073	125.192	2.873
-464.341	125.266	2.873
-464.609	125.340	2.873
-464.877	125.414	2.873
-465.145	125.487	2.873
-465.412	125.561	2.873
-465.680	125.635	2.873
-465.948	125.708	2.873
-466.216	125.782	2.874
-466.484	125.856	2.874
-466.752	125.929	2.874
-467.019	126.003	2.874
-467.287	126.076	2.874
-467.555	126.150	2.874
-467.823	126.224	2.874
-468.091	126.297	2.874
-468.359	126.370	2.874
-468.627	126.444	2.874
-468.895	126.517	2.875
-469.163	126.591	2.875
-469.431	126.664	2.875
-469.698	126.737	2.875
-469.966	126.811	2.875
-470.234	126.884	2.875
-470.502	126.957	2.875
-470.770	127.030	2.875
-471.038	127.103	2.876
-471.306	127.176	2.876
-471.574	127.250	2.876
-471.842	127.323	2.876
-472.110	127.396	2.876
-472.378	127.469	2.876
-472.646	127.542	2.876
-472.914	127.614	2.876
-473.182	127.687	2.877
-473.450	127.760	2.877
-473.718	127.833	2.877
-473.987	127.906	2.877
-474.255	127.979	2.877
-474.523	128.051	2.877
-474.791	128.124	2.877
-475.059	128.197	2.877
-475.327	128.269	2.878
-475.595	128.342	2.878
-475.863	128.414	2.878
-476.131	128.487	2.878
-476.400	128.559	2.878
-476.668	128.632	2.878
-476.936	128.704	2.878
-477.204	128.776	2.878
-477.472	128.849	2.879
-477.741	128.921	2.879
-478.009	128.993	2.879
-478.277	129.066	2.879
-478.545	129.138	2.879
-478.813	129.210	2.879
-479.082	129.282	2.879
-479.350	129.354	2.879
-479.618	129.426	2.879
-479.886	129.498	2.879
-480.155	129.571	2.880
-480.423	129.643	2.880
-480.691	129.715	2.880
-480.960	129.787	2.880
-481.228	129.858	2.880
-481.496	129.930	2.880
-481.764	130.002	2.880
-482.033	130.074	2.880
-482.301	130.146	2.880
-482.569	130.218	2.880
-482.838	130.290	2.880
-483.106	130.362	2.880
-483.374	130.433	2.880
-483.643	130.505	2.880
-483.911	130.577	2.880
-484.179	130.649	2.881
-484.448	130.720	2.881
-484.716	130.792	2.881
-484.985	130.864	2.881
-485.253	130.935	2.881
-485.521	131.007	2.881
-485.790	131.079	2.881
-486.058	131.150	2.881
-486.326	131.222	2.881
-486.595	131.294	2.881
-486.863	131.365	2.881
-487.132	131.437	2.881
-487.400	131.508	2.881
-487.668	131.580	2.881
-487.937	131.652	2.881
-488.205	131.723	2.881
-488.474	131.795	2.881
-488.742	131.866	2.881
-489.010	131.938	2.881
-489.279	132.010	2.881
-489.547	132.081	2.881
-489.816	132.153	2.881
-490.084	132.224	2.881
-490.352	132.296	2.881
-490.621	132.367	2.881
-490.889	132.439	2.881
-491.158	132.511	2.881
-491.426	132.582	2.881
-491.694	132.654	2.881
-491.963	132.725	2.881
-492.231	132.797	2.881
-492.500	132.868	2.881
-492.768	132.940	2.881
-493.036	133.012	2.881
-493.305	133.083	2.881
-493.573	133.155	2.881
-493.841	133.227	2.880
-494.110	133.298	2.880
-494.378	133.370	2.880
-494.647	133.442	2.880
-494.915	133.513	2.880
-495.183	133.585	2.880
-495.452	133.657	2.880
-495.720	133.729	2.880
-495.988	133.800	2.880
-496.257	133.872	2.880
-496.525	133.944	2.880
-496.793	134.016	2.880
-497.062	134.088	2.880
-497.330	134.160	2.880
-497.598	134.232	2.879
-497.867	134.303	2.879
-498.135	134.375	2.879
-498.403	134.447	2.879
-498.671	134.519	2.879
-498.940	134.591	2.879
-499.208	134.663	2.879
-499.476	134.736	2.879
-499.745	134.808	2.879
-500.013	134.880	2.879
-500.281	134.952	2.878
-500.549	135.024	2.878
-500.817	135.096	2.878
-501.086	135.169	2.878
-501.354	135.241	2.878
-501.622	135.313	2.878
-501.890	135.386	2.878
-502.158	135.458	2.878
-502.427	135.530	2.878
-502.695	135.603	2.878
-502.963	135.675	2.877
-503.231	135.748	2.877
-503.499	135.820	2.877
-503.767	135.893	2.877
-504.036	135.965	2.877
-504.304	136.038	2.877
-504.572	136.110	2.877
-504.840	136.183	2.877
-505.108	136.256	2.877
-505.376	136.328	2.877
-505.644	136.401	2.877
-505.912	136.474	2.876
-506.180	136.546	2.876
-506.449	136.619	2.876
-506.717	136.692	2.876
-506.985	136.765	2.876
-507.253	136.837	2.876
-507.521	136.910	2.876
-507.789	136.983	2.876
-508.057	137.056	2.876
-508.325	137.129	2.876
-508.593	137.202	2.876
-508.861	137.275	2.876
-509.129	137.348	2.876
-509.397	137.421	2.876
-509.665	137.494	2.876
-509.933	137.567	2.876
-510.201	137.639	2.876
-510.469	137.712	2.876
-510.737	137.786	2.875
-511.005	137.859	2.875
-511.273	137.932	2.875
-511.541	138.005	2.875
-511.809	138.078	2.875
-512.077	138.151	2.875
-512.345	138.224	2.875
-512.613	138.297	2.875
-512.881	138.370	2.875
-513.149	138.443	2.875
-513.417	138.516	2.875
-513.685	138.589	2.875
-513.953	138.662	2.875
-514.221	138.736	2.875
-514.489	138.809	2.875
-514.757	138.882	2.875
-515.025	138.955	2.875
-515.293	139.028	2.875
-515.561	139.101	2.875
-515.829	139.174	2.875
-516.097	139.248	2.875
-516.365	139.321	2.875
-516.633	139.394	2.875
-516.901	139.467	2.875
-517.169	139.540	2.875
-517.437	139.613	2.875
-517.705	139.687	2.875
-517.973	139.760	2.875
-518.241	139.833	2.875
-518.509	139.906	2.875
-518.777	139.979	2.875
-519.045	140.053	2.875
-519.312	140.126	2.875
-519.580	140.199	2.875
-519.848	140.272	2.875
-520.116	140.345	2.875
-520.384	140.419	2.875
-520.652	140.492	2.875
-520.920	140.565	2.875
-521.188	140.638	2.875
-521.456	140.712	2.875
-521.724	140.785	2.875
-521.992	140.858	2.875
-522.260	140.931	2.875
-522.528	141.004	2.875
-522.796	141.078	2.875
-523.064	141.151	2.875
-523.332	141.224	2.875
-523.600	141.297	2.875
-523.868	141.371	2.875
-524.136	141.444	2.875
-524.404	141.517	2.875
-524.671	141.591	2.875
-524.939	141.664	2.875
-525.207	141.737	2.875
-525.475	141.810	2.875
-525.743	141.884	2.875
-526.011	141.957	2.875
-526.279	142.030	2.875
-526.547	142.104	2.875
-526.815	142.177	2.875
-527.083	142.250	2.874
-527.351	142.323	2.874
-527.619	142.397	2.874
-527.887	142.470	2.874
-528.155	142.543	2.874
-528.423	142.617	2.874
-528.690	142.690	2.874
-528.958	142.763	2.874
-529.226	142.837	2.874
-529.494	142.910	2.874
-529.762	142.983	2.874
-530.030	143.057	2.874
-530.298	143.130	2.874
-530.566	143.203	2.874
-530.834	143.277	2.874
-531.102	143.350	2.874
-531.370	143.423	2.874
-531.638	143.497	2.874
-531.906	143.570	2.874
-532.173	143.643	2.874
-532.441	143.717	2.875
-532.709	143.790	2.875
-532.977	143.863	2.875
-533.245	143.937	2.875
-533.513	144.010	2.875
-533.781	144.083	2.875
-534.049	144.157	2.875
-534.317	144.230	2.875
-534.585	144.303	2.875
-534.853	144.376	2.875
-535.121	144.450	2.875
-535.389	144.523	2.875
-535.657	144.596	2.875
-535.925	144.669	2.875
-536.192	144.743	2.875
-536.460	144.816	2.875
-536.728	144.889	2.875
-536.996	144.962	2.875
-537.264	145.036	2.875
-537.532	145.109	2.875
-537.800	145.182	2.875
-538.068	145.255	2.875
-538.336	145.328	2.875
-538.604	145.401	2.875
-538.872	145.474	2.875
-539.140	145.548	2.876
-539.408	145.621	2.876
-539.676	145.694	2.876
-539.944	145.767	2.876
-540.212	145.840	2.876
-540.480	145.913	2.876
-540.748	145.986	2.876
-541.016	146.059	2.876
-541.284	146.132	2.876
-541.552	146.205	2.876
-541.820	146.278	2.876
-542.088	146.350	2.876
-542.356	146.423	2.876
-542.624	146.496	2.877
-542.892	146.569	2.877
-543.161	146.642	2.877
-543.429	146.715	2.877
-543.697	146.787	2.877
-543.965	146.860	2.877
-544.233	146.933	2.877
-544.501	147.005	2.877
-544.769	147.078	2.877
-545.037	147.151	2.877
-545.305	147.223	2.878
-545.573	147.296	2.878
-545.842	147.368	2.878
-546.110	147.441	2.878
-546.378	147.513	2.878
-546.646	147.586	2.878
-546.914	147.658	2.878
-547.182	147.731	2.878
-547.451	147.803	2.878
-547.719	147.875	2.878
-547.987	147.948	2.879
-548.255	148.020	2.879
-548.523	148.092	2.879
-548.792	148.164	2.879
-549.060	148.237	2.879
-549.328	148.309	2.879
-549.596	148.381	2.879
-549.865	148.453	2.879
-550.133	148.525	2.879
-550.401	148.597	2.880
-550.669	148.669	2.880
-550.938	148.741	2.880
-551.206	148.813	2.880
-551.474	148.885	2.880
-551.743	148.957	2.880
-552.011	149.029	2.880
-552.279	149.101	2.880
-552.548	149.173	2.880
-552.816	149.244	2.880
-553.084	149.316	2.880
-553.353	149.388	2.881
-553.621	149.460	2.881
-553.889	149.532	2.881
-554.158	149.603	2.881
-554.426	149.675	2.881
-554.694	149.747	2.881
-554.963	149.818	2.881
-555.231	149.890	2.881
-555.500	149.961	2.881
-555.768	150.033	2.881
-556.036	150.105	2.881
-556.305	150.176	2.881
-556.573	150.248	2.881
-556.842	150.319	2.882
-557.110	150.391	2.882
-557.378	150.462	2.882
-557.647	150.534	2.882
-557.915	150.605	2.882
-558.184	150.676	2.882
-558.452	150.748	2.882
-558.721	150.819	2.882
-558.989	150.890	2.882
-559.258	150.962	2.882
-559.526	151.033	2.882
-559.795	151.104	2.882
-560.063	151.176	2.882
-560.331	151.247	2.882
-560.600	151.318	2.883
-560.868	151.389	2.883
-561.137	151.461	2.883
-561.405	151.532	2.883
-561.674	151.603	2.883
-561.942	151.674	2.883
-562.211	151.745	2.883
-562.480	151.816	2.883
-562.748	151.887	2.883
-563.017	151.958	2.883
-563.285	152.029	2.883
-563.554	152.100	2.883
-563.822	152.171	2.883
-564.091	152.242	2.883
-564.359	152.313	2.884
-564.628	152.384	2.884
-564.897	152.455	2.884
-565.165	152.526	2.884
-565.434	152.597	2.884
-565.702	152.668	2.884
-565.971	152.739	2.884
-566.239	152.809	2.884
-566.508	152.880	2.884
-566.777	152.951	2.884
-567.045	153.022	2.884
-567.314	153.092	2.884
-567.583	153.163	2.885
-567.851	153.234	2.885
-568.120	153.305	2.885
-568.388	153.375	2.885
-568.657	153.446	2.885
-568.926	153.516	2.885
-569.194	153.587	2.885
-569.463	153.657	2.885
-569.732	153.728	2.885
-570.000	153.799	2.885
-570.269	153.869	2.885
-570.538	153.939	2.885
-570.807	154.010	2.885
-571.075	154.080	2.886
-571.344	154.151	2.886
-571.613	154.221	2.886
-571.881	154.291	2.886
-572.150	154.362	2.886
-572.419	154.432	2.886
-572.688	154.502	2.886
-572.956	154.573	2.886
-573.225	154.643	2.886
-573.494	154.713	2.886
-573.763	154.783	2.886
-574.031	154.854	2.886
-574.300	154.924	2.886
-574.569	154.994	2.886
-574.838	155.064	2.887
-575.106	155.134	2.887
-575.375	155.204	2.887
-575.644	155.274	2.887
-575.913	155.345	2.887
-576.182	155.415	2.887
-576.450	155.485	2.887
-576.719	155.555	2.887
-576.988	155.625	2.887
-577.257	155.695	2.887
-577.526	155.765	2.887
-577.794	155.835	2.887
-578.063	155.905	2.887
-578.332	155.975	2.887
-578.601	156.045	2.887
-578.870	156.114	2.887
-579.139	156.184	2.887
-579.407	156.254	2.887
-579.676	156.324	2.887
-579.945	156.394	2.887
-580.214	156.464	2.887
-580.483	156.534	2.887
-580.752	156.604	2.888
-581.020	156.673	2.888
-581.289	156.743	2.888
-581.558	156.813	2.888
-581.827	156.883	2.888
-582.096	156.953	2.888
-582.365	157.023	2.888
-582.634	157.092	2.888
-582.903	157.162	2.888
-583.171	157.232	2.888
-583.440	157.302	2.888
-583.709	157.371	2.888
-583.978	157.441	2.888
-584.247	157.511	2.888
-584.516	157.581	2.888
-584.785	157.650	2.888
-585.054	157.720	2.888
-585.322	157.790	2.888
-585.591	157.860	2.888
-585.860	157.929	2.888
-586.129	157.999	2.888
-586.398	158.069	2.888
-586.667	158.138	2.888
-586.936	158.208	2.888
-587.205	158.278	2.888
-587.474	158.347	2.888
-587.743	158.417	2.888
-588.011	158.487	2.888
-588.280	158.556	2.888
-588.549	158.626	2.888
-588.818	158.696	2.888
-589.087	158.765	2.888
-589.356	158.835	2.888
