38517465.036	3374891.824	2.883
38517464.835	3374891.879	2.894
38517464.633	3374891.923	2.907
38517464.431	3374891.978	2.926
38517464.230	3374892.022	2.948
38517464.028	3374892.066	2.973
38517463.826	3374892.099	3.000
38517463.625	3374892.132	3.028
38517463.423	3374892.154	3.061
38517463.221	3374892.175	3.095
38517463.020	3374892.186	3.130
38517462.818	3374892.186	-3.118
38517462.616	3374892.186	-3.084
38517462.405	3374892.174	-3.049
38517462.204	3374892.163	-3.016
38517462.002	3374892.140	-2.987
38517461.791	3374892.118	-2.961
38517461.580	3374892.084	-2.936
38517461.378	3374892.039	-2.917
38517461.167	3374891.995	-2.902
38517460.956	3374891.950	-2.892
38517460.745	3374891.894	-2.886
38517460.543	3374891.839	-2.881
38517460.342	3374891.794	-2.880
38517460.140	3374891.738	-2.881
38517459.939	3374891.693	-2.885
38517459.737	3374891.638	-2.893
38517459.536	3374891.582	-2.903
38517459.324	3374891.526	-2.914
38517459.104	3374891.470	-2.931
38517458.883	3374891.415	-2.949
38517458.681	3374891.370	-2.967
38517458.461	3374891.325	-2.988
38517458.250	3374891.303	-3.011
38517458.048	3374891.269	-3.031
38517457.827	3374891.247	-3.054
38517457.616	3374891.224	-3.075
38517457.405	3374891.202	-3.096
38517457.203	3374891.190	-3.118
38517457.002	3374891.190	-3.139
38517456.790	3374891.178	3.123
38517456.579	3374891.178	3.102
38517456.330	3374891.189	3.078
38517456.128	3374891.200	3.055
38517455.926	3374891.221	3.034
38517455.725	3374891.243	3.014
38517455.523	3374891.276	2.996
38517455.302	3374891.309	2.979
38517455.101	3374891.342	2.961
38517454.899	3374891.386	2.947
38517454.668	3374891.430	2.932
38517454.467	3374891.474	2.920
38517454.246	3374891.518	2.910
38517454.034	3374891.573	2.902
38517453.833	3374891.617	2.895
38517453.622	3374891.661	2.888
38517453.410	3374891.705	2.883
38517453.199	3374891.749	2.879
38517452.988	3374891.804	2.876
38517452.786	3374891.859	2.873
38517452.565	3374891.914	2.871
38517452.363	3374891.958	2.869
38517452.162	3374892.025	2.866
38517451.950	3374892.080	2.863
38517451.739	3374892.135	2.861
38517451.528	3374892.201	2.859
38517451.326	3374892.245	2.857
38517451.134	3374892.311	2.858
38517450.913	3374892.377	2.858
38517450.711	3374892.432	2.857
38517450.510	3374892.499	2.856
38517450.308	3374892.554	2.856
38517450.097	3374892.620	2.855
38517449.895	3374892.686	2.855
38517449.684	3374892.741	2.854
38517449.463	3374892.807	2.854
38517449.251	3374892.874	2.855
38517449.030	3374892.940	2.855
38517448.809	3374893.006	2.856
38517448.589	3374893.061	2.856
38517448.368	3374893.127	2.857
38517448.137	3374893.193	2.858
38517447.916	3374893.248	2.859
38517447.715	3374893.303	2.860
38517447.513	3374893.359	2.862
38517447.311	3374893.425	2.863
38517447.081	3374893.480	2.865
38517446.879	3374893.535	2.866
38517446.668	3374893.601	2.867
38517446.456	3374893.656	2.869
38517446.255	3374893.711	2.871
38517446.034	3374893.766	2.873
38517445.822	3374893.833	2.875
38517445.611	3374893.888	2.876
38517445.390	3374893.943	2.878
38517445.140	3374894.009	2.881
38517444.920	3374894.075	2.883
38517444.699	3374894.130	2.885
38517444.478	3374894.196	2.888
38517444.257	3374894.251	2.889
38517444.036	3374894.306	2.891
38517443.805	3374894.361	2.894
38517443.575	3374894.428	2.897
38517443.354	3374894.483	2.900
38517443.124	3374894.538	2.903
38517442.922	3374894.593	2.905
38517442.691	3374894.648	2.907
38517442.451	3374894.703	2.910
38517442.221	3374894.758	2.913
38517442.019	3374894.802	2.915
38517441.817	3374894.846	2.917
38517441.577	3374894.901	2.920
38517441.376	3374894.945	2.923
38517441.174	3374894.989	2.924
38517440.972	3374895.033	2.926
38517440.771	3374895.077	2.928
38517440.559	3374895.121	2.931
38517440.358	3374895.165	2.933
38517440.146	3374895.209	2.936
38517439.945	3374895.253	2.938
38517439.733	3374895.297	2.940
38517439.522	3374895.330	2.942
38517439.311	3374895.374	2.944
38517439.099	3374895.418	2.946
38517438.888	3374895.462	2.949
38517438.677	3374895.495	2.951
38517438.466	3374895.539	2.952
38517438.245	3374895.583	2.954
38517438.033	3374895.616	2.955
38517437.813	3374895.660	2.957
38517437.601	3374895.704	2.958
38517437.380	3374895.737	2.959
38517437.160	3374895.781	2.960
38517436.948	3374895.814	2.962
38517436.727	3374895.858	2.963
38517436.507	3374895.891	2.964
38517436.286	3374895.935	2.964
38517436.065	3374895.968	2.965
38517435.844	3374896.012	2.966
38517435.575	3374896.055	2.967
38517435.306	3374896.099	2.968
38517435.085	3374896.143	2.969
38517434.855	3374896.176	2.969
38517434.634	3374896.220	2.969
38517434.413	3374896.253	2.969
38517434.183	3374896.286	2.970
38517433.962	3374896.330	2.970
38517433.731	3374896.363	2.970
38517433.501	3374896.407	2.970
38517433.280	3374896.440	2.970
38517433.049	3374896.484	2.970
38517432.829	3374896.517	2.970
38517432.598	3374896.561	2.971
38517432.368	3374896.594	2.971
38517432.137	3374896.637	2.972
38517431.907	3374896.670	2.972
38517431.676	3374896.703	2.972
38517431.446	3374896.747	2.972
38517431.215	3374896.780	2.972
38517430.985	3374896.824	2.973
38517430.754	3374896.857	2.973
38517430.524	3374896.890	2.973
38517430.293	3374896.934	2.972
38517430.063	3374896.967	2.972
38517429.832	3374897.000	2.971
38517429.592	3374897.044	2.971
38517429.362	3374897.088	2.971
38517429.131	3374897.120	2.971
38517428.891	3374897.164	2.970
38517428.661	3374897.197	2.969
38517428.430	3374897.241	2.968
38517428.142	3374897.285	2.966
38517427.912	3374897.329	2.964
38517427.672	3374897.362	2.962
38517427.441	3374897.406	2.960
38517427.201	3374897.450	2.958
38517426.971	3374897.483	2.955
38517426.731	3374897.527	2.952
38517426.491	3374897.571	2.949
38517426.260	3374897.615	2.946
38517426.020	3374897.659	2.942
38517425.780	3374897.703	2.939
38517425.549	3374897.758	2.936
38517425.309	3374897.802	2.933
38517425.069	3374897.846	2.930
38517424.839	3374897.901	2.928
38517424.599	3374897.945	2.925
38517424.359	3374898.000	2.922
38517424.118	3374898.055	2.918
38517423.888	3374898.099	2.914
38517423.648	3374898.154	2.911
38517423.408	3374898.209	2.908
38517423.168	3374898.264	2.905
38517422.928	3374898.319	2.902
38517422.687	3374898.374	2.899
38517422.447	3374898.429	2.896
38517422.207	3374898.495	2.894
38517421.929	3374898.561	2.893
38517421.689	3374898.627	2.893
38517421.448	3374898.682	2.892
38517421.208	3374898.737	2.891
38517421.007	3374898.792	2.891
38517420.767	3374898.848	2.890
38517420.526	3374898.914	2.890
38517420.286	3374898.969	2.891
38517420.046	3374899.035	2.891
38517419.806	3374899.090	2.891
38517419.604	3374899.145	2.891
38517419.364	3374899.200	2.891
38517419.076	3374899.277	2.891
38517418.874	3374899.321	2.891
38517418.634	3374899.376	2.891
38517418.394	3374899.442	2.891
38517418.145	3374899.497	2.891
38517417.904	3374899.564	2.891
38517417.703	3374899.608	2.891
38517417.463	3374899.674	2.891
38517417.261	3374899.718	2.891
38517417.021	3374899.784	2.891
38517416.819	3374899.828	2.891
38517416.569	3374899.894	2.891
38517416.329	3374899.949	2.891
38517416.128	3374900.004	2.890
38517415.878	3374900.059	2.890
38517415.638	3374900.125	2.890
38517415.436	3374900.169	2.889
38517415.234	3374900.224	2.889
38517414.994	3374900.291	2.888
38517414.793	3374900.335	2.887
38517414.591	3374900.390	2.886
38517414.341	3374900.456	2.886
38517414.092	3374900.511	2.885
38517413.851	3374900.577	2.885
38517413.650	3374900.632	2.884
38517413.448	3374900.676	2.883
38517413.246	3374900.731	2.883
38517413.045	3374900.786	2.882
38517412.843	3374900.830	2.882
38517412.593	3374900.896	2.882
38517412.344	3374900.963	2.881
38517412.094	3374901.029	2.880
38517411.892	3374901.084	2.879
38517411.642	3374901.150	2.878
38517411.441	3374901.194	2.878
38517411.191	3374901.260	2.877
38517410.989	3374901.315	2.876
38517410.788	3374901.370	2.876
38517410.538	3374901.436	2.875
38517410.336	3374901.491	2.875
38517410.134	3374901.547	2.874
38517409.933	3374901.602	2.873
38517409.635	3374901.679	2.873
38517409.433	3374901.734	2.872
38517409.184	3374901.800	2.871
38517408.982	3374901.855	2.871
38517408.732	3374901.921	2.870
38517408.530	3374901.976	2.869
38517408.329	3374902.043	2.869
38517408.127	3374902.098	2.869
38517407.925	3374902.153	2.869
38517407.724	3374902.208	2.869
38517407.522	3374902.263	2.869
38517407.320	3374902.318	2.869
38517407.109	3374902.373	2.869
38517406.907	3374902.428	2.870
38517406.706	3374902.483	2.870
38517406.504	3374902.550	2.871
38517406.302	3374902.605	2.871
38517406.091	3374902.660	2.871
38517405.889	3374902.715	2.871
38517405.687	3374902.770	2.871
38517405.476	3374902.825	2.871
38517405.274	3374902.880	2.872
38517405.063	3374902.946	2.872
38517404.861	3374903.001	2.872
38517404.650	3374903.057	2.873
38517404.448	3374903.112	2.872
38517404.237	3374903.167	2.872
38517404.026	3374903.222	2.872
38517403.824	3374903.277	2.873
38517403.613	3374903.332	2.873
38517403.402	3374903.387	2.873
38517403.190	3374903.442	2.873
38517402.979	3374903.497	2.873
38517402.768	3374903.552	2.873
38517402.556	3374903.607	2.873
38517402.345	3374903.663	2.873
38517402.134	3374903.718	2.873
38517401.922	3374903.784	2.873
38517401.711	3374903.839	2.873
38517401.500	3374903.894	2.873
38517401.279	3374903.949	2.873
38517401.068	3374904.004	2.873
38517400.856	3374904.059	2.873
38517400.645	3374904.114	2.873
38517400.424	3374904.169	2.873
38517400.213	3374904.236	2.873
38517400.001	3374904.291	2.873
38517399.781	3374904.346	2.872
38517399.569	3374904.401	2.872
38517399.348	3374904.467	2.872
38517399.137	3374904.522	2.872
38517398.916	3374904.577	2.872
38517398.705	3374904.632	2.872
38517398.484	3374904.698	2.872
38517398.273	3374904.754	2.872
38517398.052	3374904.809	2.872
38517397.831	3374904.875	2.872
38517397.620	3374904.930	2.872
38517397.399	3374904.985	2.872
38517397.178	3374905.051	2.872
38517396.957	3374905.106	2.872
38517396.746	3374905.161	2.872
38517396.525	3374905.227	2.872
38517396.304	3374905.283	2.873
38517396.083	3374905.338	2.873
38517395.862	3374905.404	2.873
38517395.641	3374905.459	2.873
38517395.420	3374905.514	2.873
38517395.199	3374905.580	2.873
38517394.978	3374905.635	2.874
38517394.757	3374905.701	2.874
38517394.536	3374905.756	2.874
38517394.316	3374905.811	2.874
38517394.085	3374905.878	2.875
38517393.864	3374905.933	2.874
38517393.643	3374905.988	2.874
38517393.422	3374906.054	2.874
38517393.201	3374906.109	2.874
38517392.971	3374906.164	2.874
38517392.750	3374906.230	2.874
38517392.529	3374906.285	2.874
38517392.299	3374906.351	2.874
38517392.078	3374906.407	2.874
38517391.847	3374906.473	2.874
38517391.626	3374906.528	2.874
38517391.396	3374906.594	2.874
38517391.175	3374906.649	2.874
38517390.944	3374906.715	2.874
38517390.723	3374906.770	2.874
38517390.493	3374906.836	2.874
38517390.262	3374906.891	2.874
38517390.041	3374906.958	2.874
38517389.811	3374907.024	2.874
38517389.580	3374907.079	2.873
38517389.350	3374907.145	2.873
38517389.129	3374907.200	2.873
38517388.899	3374907.266	2.872
38517388.610	3374907.343	2.872
38517388.380	3374907.398	2.872
38517388.159	3374907.465	2.872
38517387.928	3374907.520	2.872
38517387.698	3374907.586	2.871
38517387.467	3374907.641	2.871
38517387.237	3374907.707	2.871
38517387.006	3374907.773	2.872
38517386.776	3374907.828	2.872
38517386.545	3374907.894	2.871
38517386.257	3374907.971	2.871
38517386.027	3374908.038	2.871
38517385.796	3374908.093	2.871
38517385.566	3374908.159	2.871
38517385.278	3374908.236	2.871
38517385.037	3374908.302	2.871
38517384.807	3374908.357	2.871
38517384.576	3374908.423	2.871
38517384.346	3374908.489	2.871
38517384.106	3374908.544	2.871
38517383.875	3374908.611	2.871
38517383.645	3374908.677	2.871
38517383.405	3374908.732	2.871
38517383.117	3374908.809	2.871
38517382.886	3374908.875	2.871
38517382.646	3374908.941	2.871
38517382.415	3374909.007	2.871
38517382.185	3374909.062	2.871
38517381.945	3374909.129	2.871
38517381.714	3374909.195	2.871
38517381.474	3374909.250	2.871
38517381.244	3374909.316	2.871
38517381.004	3374909.382	2.871
38517380.773	3374909.448	2.871
38517380.533	3374909.514	2.871
38517380.235	3374909.591	2.871
38517380.005	3374909.658	2.871
38517379.765	3374909.713	2.871
38517379.524	3374909.779	2.871
38517379.236	3374909.856	2.872
38517378.996	3374909.922	2.872
38517378.756	3374909.988	2.872
38517378.516	3374910.054	2.872
38517378.218	3374910.131	2.873
38517377.988	3374910.198	2.873
38517377.748	3374910.264	2.874
38517377.507	3374910.330	2.874
38517377.267	3374910.385	2.874
38517376.970	3374910.473	2.874
38517376.729	3374910.528	2.874
38517376.489	3374910.594	2.875
38517376.249	3374910.660	2.876
38517376.019	3374910.727	2.876
38517375.779	3374910.782	2.876
38517375.538	3374910.848	2.876
38517375.298	3374910.914	2.877
38517375.058	3374910.980	2.877
38517374.818	3374911.035	2.878
38517374.578	3374911.101	2.878
38517374.328	3374911.167	2.878
38517374.088	3374911.233	2.878
38517373.848	3374911.288	2.879
38517373.608	3374911.355	2.879
38517373.368	3374911.421	2.879
38517373.128	3374911.487	2.880
38517372.888	3374911.553	2.880
38517372.647	3374911.608	2.880
38517372.407	3374911.674	2.880
38517372.167	3374911.740	2.881
38517371.918	3374911.795	2.882
38517371.677	3374911.861	2.883
38517371.437	3374911.928	2.883
38517371.197	3374911.994	2.883
38517370.957	3374912.049	2.883
38517370.717	3374912.115	2.884
38517370.419	3374912.192	2.884
38517370.170	3374912.258	2.885
38517369.929	3374912.313	2.885
38517369.689	3374912.379	2.885
38517369.449	3374912.434	2.885
38517369.151	3374912.512	2.886
38517368.902	3374912.578	2.886
38517368.604	3374912.655	2.886
38517368.364	3374912.710	2.886
38517368.114	3374912.776	2.886
38517367.874	3374912.831	2.886
38517367.634	3374912.897	2.886
38517367.394	3374912.963	2.886
38517367.087	3374913.029	2.886
38517366.846	3374913.095	2.886
38517366.606	3374913.162	2.886
38517366.366	3374913.217	2.886
38517366.116	3374913.283	2.886
38517365.876	3374913.338	2.886
38517365.636	3374913.404	2.886
38517365.396	3374913.470	2.886
38517365.146	3374913.525	2.886
38517364.906	3374913.591	2.886
38517364.666	3374913.646	2.886
38517364.416	3374913.712	2.886
38517364.176	3374913.778	2.886
38517363.936	3374913.833	2.886
38517363.696	3374913.900	2.886
38517363.446	3374913.955	2.886
38517363.206	3374914.021	2.886
38517362.957	3374914.087	2.886
38517362.717	3374914.142	2.886
38517362.476	3374914.208	2.886
38517362.227	3374914.263	2.886
38517361.987	3374914.329	2.886
38517361.737	3374914.395	2.886
38517361.497	3374914.450	2.887
38517361.247	3374914.517	2.886
38517361.007	3374914.583	2.886
38517360.700	3374914.660	2.886
38517360.459	3374914.715	2.886
38517360.210	3374914.781	2.886
38517359.970	3374914.836	2.886
38517359.720	3374914.902	2.886
38517359.480	3374914.968	2.886
38517359.230	3374915.023	2.886
38517358.990	3374915.089	2.886
38517358.740	3374915.155	2.886
38517358.500	3374915.211	2.885
38517358.250	3374915.277	2.885
38517358.010	3374915.332	2.885
38517357.770	3374915.398	2.885
38517357.521	3374915.464	2.885
38517357.280	3374915.519	2.885
38517357.031	3374915.585	2.885
38517356.791	3374915.651	2.884
38517356.541	3374915.717	2.884
38517356.301	3374915.772	2.884
38517356.051	3374915.839	2.884
38517355.811	3374915.905	2.884
38517355.561	3374915.960	2.883
38517355.311	3374916.026	2.883
38517355.014	3374916.103	2.883
38517354.764	3374916.169	2.883
38517354.514	3374916.235	2.882
38517354.274	3374916.290	2.882
38517353.967	3374916.378	2.882
38517353.727	3374916.433	2.882
38517353.477	3374916.500	2.882
38517353.227	3374916.566	2.881
38517352.987	3374916.632	2.881
38517352.680	3374916.709	2.880
38517352.440	3374916.775	2.880
38517352.190	3374916.830	2.880
38517351.950	3374916.896	2.880
38517351.700	3374916.962	2.879
38517351.460	3374917.028	2.879
38517351.210	3374917.095	2.879
38517350.970	3374917.161	2.878
38517350.721	3374917.227	2.878
38517350.480	3374917.282	2.878
38517350.231	3374917.348	2.877
38517349.991	3374917.414	2.876
38517349.741	3374917.480	2.876
38517349.434	3374917.568	2.876
38517349.193	3374917.624	2.876
38517348.944	3374917.690	2.876
38517348.636	3374917.778	2.875
38517348.396	3374917.844	2.875
38517348.146	3374917.910	2.874
38517347.849	3374917.987	2.874
38517347.541	3374918.075	2.874
38517347.292	3374918.142	2.874
38517347.052	3374918.208	2.873
38517346.802	3374918.274	2.873
38517346.562	3374918.340	2.873
38517346.312	3374918.406	2.872
38517346.072	3374918.472	2.872
38517345.822	3374918.527	2.872
38517345.582	3374918.593	2.871
38517345.332	3374918.659	2.871
38517345.092	3374918.726	2.871
38517344.843	3374918.792	2.870
38517344.602	3374918.858	2.870
38517344.362	3374918.924	2.870
38517344.113	3374918.990	2.869
38517343.872	3374919.056	2.869
38517343.632	3374919.111	2.869
38517343.383	3374919.177	2.868
38517343.143	3374919.243	2.868
38517342.902	3374919.310	2.868
38517342.662	3374919.376	2.868
38517342.422	3374919.442	2.867
38517342.182	3374919.508	2.867
38517341.932	3374919.574	2.867
38517341.692	3374919.640	2.867
38517341.452	3374919.706	2.867
38517341.212	3374919.761	2.867
38517340.972	3374919.828	2.867
38517340.732	3374919.894	2.867
38517340.501	3374919.960	2.867
38517340.261	3374920.026	2.867
38517340.021	3374920.092	2.867
38517339.781	3374920.158	2.867
38517339.541	3374920.224	2.867
38517339.310	3374920.291	2.867
38517339.070	3374920.357	2.867
38517338.830	3374920.412	2.867
38517338.599	3374920.478	2.867
38517338.359	3374920.544	2.868
38517338.119	3374920.610	2.868
38517337.889	3374920.676	2.868
38517337.649	3374920.742	2.868
38517337.418	3374920.809	2.869
38517337.178	3374920.875	2.869
38517336.947	3374920.941	2.869
38517336.707	3374920.996	2.869
38517336.477	3374921.062	2.869
38517336.246	3374921.128	2.870
38517336.006	3374921.194	2.870
38517335.776	3374921.260	2.870
38517335.545	3374921.316	2.870
38517335.305	3374921.382	2.871
38517335.075	3374921.448	2.871
38517334.844	3374921.514	2.871
38517334.546	3374921.591	2.872
38517334.316	3374921.657	2.872
38517334.085	3374921.712	2.872
38517333.855	3374921.778	2.872
38517333.624	3374921.845	2.872
38517333.384	3374921.900	2.872
38517333.154	3374921.966	2.873
38517332.923	3374922.021	2.873
38517332.693	3374922.087	2.873
38517332.462	3374922.153	2.874
38517332.232	3374922.208	2.874
38517332.001	3374922.274	2.874
38517331.771	3374922.329	2.874
38517331.540	3374922.396	2.875
38517331.310	3374922.462	2.875
38517331.079	3374922.517	2.874
38517330.849	3374922.583	2.874
38517330.618	3374922.638	2.874
38517330.397	3374922.704	2.874
38517330.167	3374922.759	2.874
38517329.936	3374922.825	2.875
38517329.706	3374922.880	2.875
38517329.475	3374922.947	2.875
38517329.254	3374923.002	2.875
38517329.024	3374923.068	2.875
38517328.736	3374923.145	2.875
38517328.505	3374923.200	2.875
38517328.284	3374923.266	2.875
38517328.054	3374923.321	2.874
38517327.775	3374923.398	2.874
38517327.545	3374923.453	2.874
38517327.314	3374923.520	2.874
38517327.093	3374923.575	2.874
38517326.863	3374923.641	2.874
38517326.642	3374923.696	2.874
38517326.411	3374923.762	2.874
38517326.133	3374923.839	2.874
38517325.902	3374923.894	2.874
38517325.681	3374923.949	2.874
38517325.451	3374924.015	2.874
38517325.230	3374924.071	2.874
38517325.009	3374924.137	2.874
38517324.778	3374924.192	2.874
38517324.558	3374924.258	2.873
38517324.327	3374924.313	2.873
38517324.106	3374924.368	2.873
38517323.885	3374924.434	2.873
38517323.607	3374924.500	2.873
38517323.386	3374924.566	2.873
38517323.155	3374924.622	2.873
38517322.934	3374924.688	2.873
38517322.713	3374924.743	2.873
38517322.493	3374924.798	2.872
38517322.272	3374924.864	2.872
38517322.051	3374924.919	2.872
38517321.830	3374924.974	2.872
38517321.609	3374925.040	2.872
38517321.388	3374925.095	2.872
38517321.167	3374925.151	2.872
38517320.946	3374925.217	2.872
38517320.725	3374925.272	2.872
38517320.504	3374925.327	2.872
38517320.283	3374925.382	2.872
38517320.063	3374925.448	2.872
38517319.784	3374925.514	2.872
38517319.563	3374925.569	2.872
38517319.352	3374925.635	2.872
38517319.131	3374925.690	2.872
38517318.910	3374925.746	2.871
38517318.689	3374925.801	2.871
38517318.468	3374925.867	2.871
38517318.257	3374925.922	2.871
38517318.036	3374925.977	2.870
38517317.815	3374926.032	2.870
38517317.604	3374926.098	2.870
38517317.383	3374926.153	2.869
38517317.162	3374926.208	2.869
38517316.951	3374926.263	2.869
38517316.730	3374926.330	2.869
38517316.518	3374926.385	2.868
38517316.298	3374926.440	2.868
38517316.086	3374926.506	2.868
38517315.865	3374926.561	2.867
38517315.596	3374926.638	2.867
38517315.385	3374926.693	2.866
38517315.164	3374926.748	2.866
38517314.953	3374926.815	2.865
38517314.742	3374926.870	2.865
38517314.521	3374926.925	2.864
38517314.309	3374926.991	2.864
38517314.098	3374927.046	2.863
38517313.887	3374927.101	2.863
38517313.666	3374927.167	2.863
38517313.407	3374927.233	2.862
38517313.186	3374927.300	2.862
38517312.974	3374927.355	2.861
38517312.763	3374927.410	2.861
38517312.504	3374927.487	2.860
38517312.292	3374927.553	2.860
38517312.072	3374927.608	2.859
38517311.860	3374927.663	2.859
38517311.649	3374927.729	2.858
38517311.438	3374927.785	2.858
38517311.121	3374927.873	2.857
38517310.909	3374927.939	2.857
38517310.698	3374927.994	2.856
38517310.487	3374928.049	2.856
38517310.227	3374928.126	2.855
38517310.016	3374928.192	2.854
38517309.805	3374928.248	2.854
38517309.593	3374928.314	2.854
38517309.382	3374928.369	2.853
38517309.171	3374928.435	2.853
38517308.960	3374928.490	2.852
38517308.748	3374928.556	2.852
38517308.537	3374928.611	2.851
38517308.326	3374928.678	2.850
38517308.114	3374928.733	2.850
38517307.903	3374928.799	2.849
38517307.692	3374928.854	2.849
38517307.480	3374928.920	2.848
38517307.269	3374928.975	2.847
38517307.058	3374929.041	2.846
38517306.846	3374929.096	2.845
38517306.645	3374929.163	2.843
38517306.376	3374929.240	2.842
38517306.164	3374929.306	2.841
38517305.953	3374929.361	2.840
38517305.751	3374929.427	2.839
38517305.540	3374929.493	2.838
38517305.329	3374929.560	2.837
38517305.118	3374929.615	2.835
38517304.906	3374929.681	2.834
38517304.705	3374929.747	2.833
38517304.493	3374929.813	2.832
38517304.282	3374929.880	2.831
38517304.071	3374929.946	2.830
38517303.859	3374930.012	2.829
38517303.648	3374930.078	2.828
38517303.446	3374930.144	2.826
38517303.235	3374930.210	2.825
38517303.024	3374930.277	2.823
38517302.812	3374930.343	2.822
38517302.601	3374930.409	2.821
38517302.390	3374930.475	2.819
38517302.178	3374930.541	2.818
38517301.977	3374930.608	2.816
38517301.765	3374930.685	2.815
38517301.554	3374930.751	2.813
38517301.343	3374930.817	2.811
38517301.131	3374930.883	2.809
38517300.920	3374930.961	2.808
38517300.709	3374931.027	2.806
38517300.497	3374931.104	2.804
38517300.286	3374931.170	2.802
38517300.084	3374931.236	2.801
38517299.873	3374931.314	2.800
38517299.604	3374931.402	2.797
38517299.393	3374931.479	2.795
38517299.181	3374931.545	2.794
38517298.970	3374931.623	2.792
38517298.759	3374931.700	2.790
38517298.557	3374931.766	2.788
38517298.346	3374931.843	2.786
38517298.134	3374931.921	2.785
38517297.923	3374931.998	2.783
38517297.654	3374932.086	2.781
38517297.452	3374932.163	2.780
38517297.183	3374932.263	2.778
38517296.972	3374932.340	2.775
38517296.761	3374932.417	2.774
38517296.549	3374932.495	2.773
38517296.348	3374932.572	2.771
38517296.136	3374932.649	2.769
38517295.925	3374932.726	2.767
38517295.714	3374932.815	2.766
38517295.502	3374932.892	2.765
38517295.291	3374932.969	2.764
38517295.089	3374933.058	2.762
38517294.878	3374933.135	2.761
38517294.666	3374933.212	2.760
38517294.455	3374933.301	2.760
38517294.253	3374933.389	2.759
38517294.042	3374933.466	2.759
38517293.831	3374933.543	2.758
38517293.619	3374933.632	2.757
38517293.408	3374933.720	2.757
38517293.206	3374933.797	2.757
38517292.995	3374933.886	2.757
38517292.784	3374933.963	2.757
38517292.572	3374934.051	2.756
38517292.361	3374934.140	2.756
38517292.150	3374934.217	2.756
38517291.938	3374934.305	2.756
38517291.727	3374934.394	2.756
38517291.525	3374934.471	2.756
38517291.256	3374934.581	2.756
38517291.045	3374934.659	2.756
38517290.833	3374934.747	2.756
38517290.622	3374934.835	2.756
38517290.411	3374934.913	2.756
38517290.190	3374935.001	2.757
38517289.978	3374935.089	2.757
38517289.767	3374935.167	2.758
38517289.556	3374935.255	2.758
38517289.344	3374935.343	2.758
38517289.123	3374935.421	2.759
38517288.912	3374935.509	2.760
38517288.701	3374935.597	2.761
38517288.480	3374935.686	2.762
38517288.268	3374935.763	2.763
38517288.048	3374935.851	2.765
38517287.836	3374935.940	2.766
38517287.615	3374936.017	2.767
38517287.404	3374936.105	2.768
38517287.183	3374936.182	2.770
38517286.962	3374936.271	2.772
38517286.751	3374936.348	2.773
38517286.530	3374936.436	2.774
38517286.309	3374936.514	2.775
38517286.088	3374936.602	2.777
38517285.867	3374936.679	2.778
38517285.656	3374936.768	2.780
38517285.435	3374936.845	2.782
38517285.214	3374936.933	2.783
38517284.993	3374937.010	2.785
38517284.772	3374937.088	2.787
38517284.551	3374937.176	2.789
38517284.320	3374937.253	2.790
38517284.099	3374937.330	2.792
38517283.878	3374937.419	2.793
38517283.657	3374937.496	2.795
38517283.437	3374937.573	2.797
38517283.206	3374937.651	2.798
38517282.985	3374937.739	2.800
38517282.764	3374937.816	2.802
38517282.534	3374937.893	2.804
38517282.313	3374937.971	2.806
38517282.082	3374938.048	2.808
38517281.852	3374938.125	2.809
38517281.631	3374938.202	2.810
38517281.400	3374938.280	2.813
38517281.170	3374938.357	2.815
38517280.949	3374938.434	2.817
38517280.718	3374938.511	2.819
38517280.488	3374938.589	2.821
38517280.199	3374938.688	2.823
38517279.969	3374938.754	2.824
38517279.738	3374938.831	2.827
38517279.508	3374938.908	2.829
38517279.277	3374938.986	2.830
38517279.047	3374939.052	2.832
38517278.807	3374939.129	2.834
38517278.576	3374939.195	2.836
38517278.346	3374939.272	2.838
38517278.105	3374939.350	2.839
38517277.875	3374939.416	2.841
38517277.644	3374939.493	2.843
38517277.404	3374939.559	2.844
38517277.164	3374939.625	2.845
38517276.934	3374939.703	2.847
38517276.694	3374939.769	2.848
38517276.453	3374939.835	2.850
38517276.223	3374939.912	2.851
38517275.983	3374939.978	2.852
38517275.743	3374940.044	2.853
38517275.502	3374940.122	2.854
38517275.262	3374940.188	2.855
38517274.965	3374940.276	2.856
38517274.724	3374940.342	2.857
38517274.484	3374940.408	2.858
38517274.244	3374940.474	2.859
38517274.004	3374940.552	2.860
38517273.754	3374940.618	2.861
38517273.514	3374940.684	2.862
38517273.274	3374940.750	2.863
38517273.034	3374940.827	2.863
38517272.784	3374940.893	2.864
38517272.544	3374940.959	2.864
38517272.294	3374941.025	2.865
38517272.054	3374941.092	2.866
38517271.747	3374941.180	2.867
38517271.497	3374941.246	2.867
38517271.257	3374941.312	2.868
38517271.007	3374941.378	2.868
38517270.767	3374941.444	2.869
38517270.518	3374941.522	2.869
38517270.268	3374941.588	2.870
38517270.018	3374941.654	2.870
38517269.778	3374941.720	2.871
38517269.461	3374941.797	2.871
38517269.221	3374941.874	2.872
38517268.971	3374941.940	2.872
38517268.722	3374942.006	2.872
38517268.472	3374942.073	2.872
38517268.164	3374942.150	2.872
38517267.915	3374942.227	2.873
38517267.665	3374942.293	2.873
38517267.415	3374942.359	2.874
38517267.041	3374942.458	2.874
38517266.781	3374942.524	2.874
38517266.532	3374942.591	2.875
38517266.282	3374942.657	2.875
38517266.032	3374942.723	2.875
38517265.725	3374942.800	2.875
38517265.466	3374942.877	2.875
38517265.216	3374942.943	2.876
38517264.966	3374943.009	2.876
38517264.716	3374943.075	2.877
38517264.467	3374943.142	2.877
38517264.217	3374943.208	2.877
38517263.967	3374943.274	2.877
38517263.718	3374943.340	2.877
38517263.468	3374943.406	2.878
38517263.218	3374943.472	2.878
38517262.968	3374943.538	2.879
38517262.719	3374943.604	2.879
38517262.469	3374943.659	2.879
38517262.219	3374943.726	2.879
38517261.970	3374943.792	2.879
38517261.720	3374943.858	2.880
38517261.470	3374943.924	2.880
38517261.153	3374944.012	2.881
38517260.903	3374944.078	2.881
38517260.654	3374944.144	2.881
38517260.414	3374944.199	2.881
38517260.164	3374944.265	2.881
38517259.914	3374944.332	2.881
38517259.597	3374944.420	2.882
38517259.348	3374944.475	2.882
38517259.098	3374944.541	2.882
38517258.848	3374944.607	2.883
38517258.598	3374944.673	2.883
38517258.349	3374944.739	2.883
38517258.099	3374944.805	2.883
38517257.859	3374944.860	2.883
38517257.542	3374944.949	2.884
38517257.292	3374945.004	2.884
38517257.042	3374945.070	2.884
38517256.793	3374945.136	2.884
38517256.553	3374945.202	2.884
38517256.303	3374945.257	2.883
38517256.053	3374945.323	2.883
38517255.803	3374945.389	2.883
38517255.554	3374945.444	2.883
38517255.304	3374945.510	2.883
38517255.064	3374945.577	2.883
38517254.814	3374945.643	2.883
38517254.565	3374945.709	2.882
38517254.315	3374945.764	2.882
38517254.065	3374945.830	2.882
38517253.815	3374945.896	2.882
38517253.575	3374945.962	2.882
38517253.326	3374946.028	2.882
38517253.076	3374946.083	2.882
38517252.826	3374946.150	2.882
38517252.576	3374946.216	2.881
38517252.327	3374946.282	2.881
38517252.087	3374946.337	2.881
38517251.837	3374946.403	2.881
38517251.587	3374946.469	2.880
38517251.337	3374946.535	2.880
38517251.088	3374946.601	2.880
38517250.848	3374946.656	2.880
38517250.598	3374946.722	2.880
38517250.348	3374946.789	2.879
38517250.098	3374946.855	2.879
38517249.858	3374946.921	2.879
38517249.541	3374946.998	2.879
38517249.301	3374947.064	2.879
38517249.052	3374947.130	2.879
38517248.802	3374947.196	2.879
38517248.562	3374947.262	2.878
38517248.312	3374947.317	2.878
38517248.062	3374947.384	2.878
38517247.822	3374947.450	2.877
38517247.573	3374947.516	2.877
38517247.323	3374947.582	2.877
38517247.073	3374947.648	2.877
38517246.833	3374947.714	2.877
38517246.583	3374947.780	2.877
38517246.334	3374947.835	2.877
38517246.084	3374947.901	2.876
38517245.834	3374947.968	2.876
38517245.594	3374948.034	2.876
38517245.344	3374948.100	2.876
38517245.095	3374948.166	2.875
38517244.845	3374948.232	2.875
38517244.595	3374948.298	2.875
38517244.345	3374948.364	2.875
38517244.096	3374948.430	2.874
38517243.846	3374948.497	2.874
38517243.606	3374948.563	2.874
38517243.289	3374948.640	2.874
38517243.039	3374948.706	2.874
38517242.789	3374948.772	2.874
38517242.540	3374948.838	2.874
38517242.232	3374948.926	2.873
38517241.983	3374948.993	2.873
38517241.733	3374949.059	2.872
38517241.483	3374949.125	2.872
38517241.234	3374949.191	2.872
38517240.993	3374949.257	2.872
38517240.744	3374949.323	2.872
38517240.494	3374949.389	2.872
38517240.244	3374949.455	2.872
38517239.995	3374949.521	2.871
38517239.687	3374949.610	2.871
38517239.447	3374949.676	2.871
38517239.197	3374949.742	2.871
38517238.948	3374949.808	2.871
38517238.708	3374949.874	2.870
38517238.458	3374949.940	2.870
38517238.208	3374950.006	2.870
38517237.968	3374950.073	2.870
38517237.661	3374950.150	2.870
38517237.420	3374950.227	2.870
38517237.171	3374950.293	2.871
38517236.931	3374950.359	2.871
38517236.681	3374950.425	2.871
38517236.441	3374950.491	2.871
38517236.201	3374950.558	2.872
38517235.951	3374950.624	2.872
38517235.711	3374950.690	2.872
38517235.461	3374950.756	2.872
38517235.221	3374950.811	2.872
38517234.971	3374950.877	2.872
38517234.731	3374950.943	2.873
38517234.491	3374951.009	2.873
38517234.184	3374951.098	2.873
38517233.944	3374951.153	2.873
38517233.694	3374951.219	2.873
38517233.454	3374951.285	2.874
38517233.214	3374951.351	2.874
38517232.964	3374951.417	2.874
38517232.724	3374951.483	2.874
38517232.426	3374951.560	2.875
38517232.176	3374951.626	2.875
38517231.936	3374951.693	2.875
38517231.696	3374951.759	2.875
38517231.456	3374951.814	2.875
38517231.206	3374951.880	2.876
38517230.966	3374951.946	2.876
38517230.726	3374952.012	2.876
38517230.486	3374952.078	2.876
38517230.246	3374952.133	2.877
38517230.006	3374952.200	2.877
38517229.766	3374952.266	2.877
38517229.526	3374952.332	2.877
38517229.276	3374952.387	2.877
38517229.036	3374952.453	2.877
38517228.796	3374952.519	2.878
38517228.546	3374952.585	2.878
38517228.306	3374952.651	2.878
38517228.066	3374952.706	2.878
38517227.816	3374952.773	2.879
38517227.576	3374952.839	2.879
38517227.336	3374952.905	2.879
38517227.086	3374952.960	2.879
38517226.779	3374953.048	2.879
38517226.539	3374953.103	2.879
38517226.289	3374953.169	2.879
38517226.039	3374953.235	2.879
38517225.799	3374953.301	2.879
38517225.549	3374953.356	2.879
38517225.309	3374953.423	2.880
38517225.059	3374953.489	2.880
38517224.810	3374953.555	2.880
38517224.560	3374953.621	2.880
38517224.320	3374953.687	2.880
38517224.070	3374953.742	2.880
38517223.763	3374953.830	2.881
38517223.513	3374953.896	2.881
38517223.196	3374953.974	2.881
38517222.947	3374954.040	2.881
38517222.639	3374954.117	2.881
38517222.389	3374954.183	2.882
38517222.140	3374954.249	2.882
38517221.890	3374954.315	2.882
38517221.640	3374954.370	2.882
38517221.381	3374954.436	2.882
38517221.131	3374954.502	2.882
38517220.882	3374954.569	2.881
38517220.632	3374954.635	2.881
38517220.373	3374954.701	2.881
38517220.123	3374954.767	2.881
38517219.873	3374954.833	2.881
38517219.556	3374954.910	2.881
38517219.297	3374954.976	2.881
38517219.047	3374955.042	2.881
38517218.730	3374955.131	2.881
38517218.471	3374955.186	2.880
38517218.221	3374955.252	2.881
38517217.962	3374955.318	2.881
38517217.712	3374955.384	2.881
38517217.453	3374955.450	2.881
38517217.193	3374955.516	2.880
38517216.934	3374955.582	2.880
38517216.684	3374955.648	2.880
38517216.425	3374955.714	2.880
38517216.166	3374955.781	2.880
38517215.906	3374955.847	2.880
38517215.657	3374955.913	2.880
38517215.455	3374955.968	2.880
38517215.205	3374956.034	2.880
38517215.004	3374956.078	2.880
38517214.744	3374956.144	2.880
38517214.495	3374956.210	2.880
38517214.235	3374956.276	2.880
38517214.034	3374956.331	2.880
38517213.717	3374956.409	2.880
38517213.515	3374956.464	2.880
38517213.256	3374956.530	2.879
38517212.996	3374956.596	2.879
38517212.737	3374956.662	2.879
38517212.353	3374956.761	2.879
38517212.094	3374956.827	2.879
38517211.834	3374956.893	2.879
38517211.575	3374956.959	2.879
38517211.316	3374957.037	2.879
38517211.056	3374957.103	2.879
38517210.807	3374957.169	2.879
38517210.605	3374957.213	2.879
38517210.346	3374957.279	2.879
38517210.086	3374957.356	2.879
38517209.836	3374957.422	2.879
38517209.635	3374957.466	2.879
38517209.375	3374957.532	2.879
38517209.126	3374957.599	2.878
38517208.924	3374957.654	2.878
38517208.674	3374957.720	2.878
38517208.415	3374957.786	2.878
38517208.156	3374957.852	2.878
38517207.896	3374957.918	2.878
38517207.647	3374957.984	2.878
38517207.387	3374958.050	2.878
38517207.128	3374958.128	2.878
38517206.878	3374958.194	2.878
38517206.619	3374958.260	2.878
38517206.360	3374958.326	2.878
38517206.110	3374958.392	2.878
38517205.851	3374958.458	2.878
38517205.601	3374958.524	2.878
38517205.284	3374958.601	2.878
38517205.025	3374958.667	2.878
38517204.775	3374958.734	2.878
38517204.525	3374958.800	2.878
38517204.266	3374958.866	2.878
38517204.016	3374958.932	2.878
38517203.766	3374958.998	2.878
38517203.450	3374959.086	2.878
38517203.200	3374959.152	2.877
38517202.941	3374959.218	2.877
38517202.691	3374959.285	2.877
38517202.441	3374959.351	2.877
38517202.191	3374959.417	2.877
38517201.942	3374959.483	2.877
38517201.692	3374959.549	2.877
38517201.442	3374959.615	2.877
38517201.192	3374959.681	2.877
38517200.943	3374959.736	2.877
38517200.693	3374959.802	2.877
38517200.443	3374959.869	2.877
38517200.194	3374959.935	2.877
38517199.944	3374960.001	2.877
38517199.694	3374960.067	2.877
38517199.444	3374960.133	2.876
38517199.195	3374960.199	2.876
38517198.955	3374960.265	2.876
38517198.647	3374960.342	2.876
38517198.398	3374960.408	2.876
38517198.023	3374960.508	2.876
38517197.783	3374960.574	2.876
38517197.533	3374960.640	2.876
38517197.226	3374960.717	2.876
38517196.986	3374960.783	2.876
38517196.736	3374960.849	2.876
38517196.496	3374960.915	2.876
38517196.256	3374960.970	2.875
38517196.006	3374961.037	2.875
38517195.766	3374961.103	2.876
38517195.526	3374961.169	2.876
38517195.276	3374961.235	2.876
38517195.036	3374961.301	2.876
38517194.738	3374961.378	2.876
38517194.489	3374961.444	2.876
38517194.248	3374961.499	2.876
38517194.008	3374961.566	2.875
38517193.768	3374961.632	2.875
38517193.528	3374961.698	2.875
38517193.288	3374961.764	2.875
38517193.048	3374961.819	2.875
38517192.808	3374961.885	2.875
38517192.568	3374961.951	2.875
38517192.270	3374962.028	2.875
38517192.030	3374962.095	2.875
38517191.790	3374962.150	2.875
38517191.492	3374962.238	2.875
38517191.194	3374962.315	2.876
38517190.964	3374962.370	2.876
38517190.724	3374962.436	2.876
38517190.483	3374962.502	2.876
38517190.253	3374962.557	2.876
38517190.013	3374962.624	2.876
38517189.773	3374962.690	2.876
38517189.542	3374962.745	2.876
38517189.302	3374962.811	2.876
38517189.004	3374962.888	2.876
38517188.774	3374962.954	2.876
38517188.534	3374963.009	2.876
38517188.303	3374963.075	2.876
38517188.063	3374963.141	2.876
38517187.823	3374963.197	2.876
38517187.535	3374963.274	2.877
38517187.295	3374963.340	2.877
38517187.055	3374963.406	2.877
38517186.824	3374963.461	2.877
38517186.584	3374963.527	2.878
38517186.344	3374963.582	2.878
38517186.113	3374963.648	2.878
38517185.873	3374963.714	2.878
38517185.576	3374963.792	2.878
38517185.345	3374963.847	2.878
38517185.105	3374963.913	2.878
38517184.874	3374963.968	2.878
38517184.634	3374964.034	2.878
38517184.404	3374964.089	2.878
38517184.106	3374964.166	2.877
38517183.876	3374964.232	2.877
38517183.636	3374964.287	2.877
38517183.405	3374964.354	2.877
38517183.165	3374964.409	2.877
38517182.934	3374964.475	2.878
38517182.704	3374964.530	2.878
38517182.464	3374964.596	2.878
38517182.176	3374964.673	2.878
38517181.945	3374964.728	2.878
38517181.705	3374964.794	2.879
38517181.475	3374964.849	2.879
38517181.244	3374964.904	2.878
38517181.014	3374964.971	2.878
38517180.773	3374965.026	2.878
38517180.543	3374965.092	2.878
38517180.312	3374965.147	2.878
38517180.082	3374965.213	2.878
38517179.851	3374965.268	2.878
38517179.611	3374965.334	2.878
38517179.323	3374965.411	2.878
38517179.093	3374965.466	2.878
38517178.805	3374965.544	2.878
38517178.574	3374965.610	2.878
38517178.343	3374965.665	2.878
38517178.113	3374965.731	2.878
38517177.882	3374965.786	2.878
38517177.642	3374965.852	2.878
38517177.412	3374965.907	2.878
38517177.124	3374965.984	2.878
38517176.903	3374966.051	2.879
38517176.672	3374966.106	2.879
38517176.442	3374966.172	2.879
38517176.211	3374966.227	2.879
38517175.981	3374966.293	2.879
38517175.750	3374966.348	2.879
38517175.520	3374966.414	2.879
38517175.289	3374966.469	2.879
38517175.059	3374966.535	2.879
38517174.828	3374966.590	2.879
38517174.598	3374966.646	2.879
38517174.367	3374966.712	2.879
38517174.137	3374966.767	2.879
38517173.906	3374966.833	2.879
38517173.676	3374966.888	2.879
38517173.445	3374966.943	2.879
38517173.215	3374967.009	2.879
38517172.984	3374967.064	2.879
38517172.754	3374967.130	2.879
38517172.523	3374967.185	2.879
38517172.293	3374967.241	2.879
38517172.062	3374967.307	2.878
38517171.832	3374967.362	2.878
38517171.544	3374967.439	2.879
38517171.313	3374967.494	2.879
38517171.083	3374967.560	2.879
38517170.852	3374967.615	2.879
38517170.622	3374967.670	2.879
38517170.391	3374967.736	2.879
38517170.103	3374967.814	2.879
38517169.872	3374967.869	2.879
38517169.642	3374967.935	2.879
38517169.411	3374967.990	2.879
38517169.181	3374968.056	2.879
38517168.950	3374968.111	2.879
38517168.720	3374968.177	2.879
38517168.432	3374968.243	2.880
38517168.192	3374968.309	2.880
38517167.903	3374968.387	2.880
38517167.673	3374968.442	2.880
38517167.442	3374968.508	2.880
38517167.212	3374968.563	2.879
38517166.981	3374968.618	2.880
38517166.751	3374968.684	2.880
38517166.520	3374968.739	2.880
38517166.290	3374968.805	2.879
38517166.059	3374968.860	2.879
38517165.771	3374968.937	2.879
38517165.541	3374968.993	2.879
38517165.301	3374969.059	2.879
38517165.070	3374969.114	2.879
38517164.840	3374969.169	2.879
38517164.609	3374969.235	2.880
38517164.321	3374969.312	2.880
38517164.091	3374969.367	2.880
38517163.860	3374969.422	2.880
38517163.630	3374969.488	2.880
38517163.399	3374969.543	2.880
38517163.169	3374969.610	2.880
38517162.938	3374969.665	2.880
38517162.650	3374969.742	2.880
38517162.410	3374969.797	2.880
38517162.179	3374969.863	2.880
38517161.949	3374969.918	2.879
38517161.718	3374969.973	2.879
38517161.488	3374970.039	2.879
38517161.257	3374970.094	2.880
38517161.027	3374970.161	2.880
38517160.796	3374970.216	2.880
38517160.566	3374970.282	2.880
38517160.335	3374970.337	2.880
38517160.037	3374970.414	2.879
38517159.807	3374970.469	2.879
38517159.519	3374970.546	2.879
38517159.288	3374970.612	2.880
38517159.058	3374970.667	2.880
38517158.827	3374970.733	2.879
38517158.530	3374970.800	2.879
38517158.299	3374970.866	2.879
38517158.069	3374970.921	2.879
38517157.838	3374970.987	2.879
38517157.608	3374971.042	2.879
38517157.377	3374971.097	2.879
38517157.147	3374971.163	2.879
38517156.916	3374971.218	2.878
38517156.676	3374971.284	2.878
38517156.445	3374971.339	2.878
38517156.157	3374971.417	2.878
38517155.927	3374971.472	2.878
38517155.696	3374971.538	2.878
38517155.466	3374971.593	2.878
38517155.235	3374971.659	2.878
38517155.005	3374971.714	2.878
38517154.765	3374971.780	2.878
38517154.534	3374971.835	2.878
38517154.304	3374971.901	2.878
38517154.016	3374971.968	2.878
38517153.785	3374972.034	2.878
38517153.555	3374972.089	2.878
38517153.324	3374972.155	2.878
38517153.036	3374972.232	2.878
38517152.690	3374972.320	2.878
38517152.460	3374972.375	2.878
38517152.229	3374972.441	2.878
38517151.999	3374972.496	2.878
38517151.710	3374972.574	2.878
38517151.480	3374972.629	2.877
38517151.249	3374972.695	2.877
38517151.019	3374972.750	2.877
38517150.788	3374972.805	2.877
38517150.558	3374972.871	2.877
38517150.327	3374972.926	2.877
38517150.097	3374972.992	2.877
38517149.866	3374973.047	2.877
38517149.578	3374973.125	2.877
38517149.348	3374973.180	2.877
38517149.117	3374973.246	2.877
38517148.887	3374973.301	2.877
38517148.666	3374973.367	2.877
38517148.435	3374973.422	2.877
38517148.205	3374973.488	2.877
38517147.974	3374973.543	2.877
38517147.744	3374973.598	2.877
38517147.523	3374973.665	2.877
38517147.292	3374973.720	2.877
38517147.062	3374973.775	2.877
38517146.841	3374973.841	2.876
38517146.611	3374973.896	2.876
38517146.380	3374973.962	2.876
38517146.159	3374974.017	2.876
38517145.871	3374974.094	2.876
38517145.650	3374974.149	2.876
38517145.420	3374974.204	2.876
38517145.189	3374974.271	2.876
38517144.968	3374974.326	2.876
38517144.738	3374974.381	2.876
38517144.517	3374974.447	2.876
38517144.286	3374974.502	2.876
38517144.065	3374974.557	2.876
38517143.835	3374974.623	2.876
38517143.614	3374974.678	2.875
38517143.393	3374974.733	2.875
38517143.163	3374974.799	2.876
38517142.942	3374974.855	2.876
38517142.721	3374974.910	2.876
38517142.433	3374974.987	2.876
38517142.212	3374975.042	2.876
38517141.991	3374975.097	2.876
38517141.760	3374975.163	2.876
38517141.539	3374975.218	2.876
38517141.319	3374975.273	2.876
38517141.030	3374975.350	2.875
38517140.809	3374975.406	2.875
38517140.589	3374975.472	2.876
38517140.358	3374975.527	2.876
38517140.137	3374975.582	2.876
38517139.916	3374975.648	2.876
38517139.686	3374975.703	2.876
38517139.465	3374975.769	2.876
38517139.186	3374975.835	2.876
38517138.956	3374975.901	2.875
38517138.735	3374975.957	2.875
38517138.504	3374976.012	2.875
38517138.284	3374976.078	2.875
38517138.053	3374976.133	2.875
38517137.774	3374976.210	2.875
38517137.544	3374976.265	2.875
38517137.323	3374976.331	2.875
38517137.093	3374976.386	2.875
38517136.872	3374976.441	2.876
38517136.584	3374976.519	2.876
38517136.363	3374976.585	2.876
38517136.132	3374976.640	2.876
38517135.854	3374976.717	2.875
38517135.623	3374976.772	2.875
38517135.402	3374976.827	2.875
38517135.172	3374976.893	2.875
38517134.941	3374976.948	2.875
38517134.720	3374977.014	2.875
38517134.490	3374977.070	2.875
38517134.259	3374977.136	2.875
38517134.029	3374977.191	2.875
38517133.798	3374977.246	2.875
38517133.577	3374977.312	2.875
38517133.347	3374977.367	2.875
38517133.116	3374977.433	2.875
38517132.886	3374977.488	2.875
38517132.655	3374977.554	2.875
38517132.425	3374977.609	2.875
38517132.194	3374977.676	2.875
38517131.973	3374977.731	2.875
38517131.743	3374977.797	2.875
38517131.512	3374977.852	2.875
38517131.282	3374977.907	2.875
38517131.051	3374977.973	2.875
38517130.821	3374978.028	2.875
38517130.590	3374978.094	2.875
38517130.360	3374978.149	2.875
38517130.072	3374978.227	2.875
38517129.841	3374978.293	2.875
38517129.620	3374978.348	2.875
38517129.390	3374978.414	2.875
38517129.159	3374978.469	2.875
38517128.929	3374978.535	2.875
38517128.698	3374978.590	2.875
38517128.468	3374978.656	2.875
38517128.237	3374978.711	2.875
38517128.007	3374978.767	2.875
38517127.776	3374978.833	2.875
38517127.546	3374978.888	2.874
38517127.315	3374978.954	2.874
38517127.085	3374979.009	2.874
38517126.854	3374979.075	2.874
38517126.624	3374979.130	2.874
38517126.393	3374979.196	2.874
38517126.163	3374979.251	2.874
38517125.932	3374979.318	2.874
38517125.702	3374979.373	2.873
38517125.471	3374979.439	2.873
38517125.241	3374979.494	2.873
38517125.010	3374979.560	2.873
38517124.780	3374979.626	2.873
38517124.549	3374979.681	2.873
38517124.261	3374979.758	2.873
38517124.031	3374979.825	2.873
38517123.800	3374979.880	2.872
38517123.560	3374979.946	2.872
38517123.329	3374980.001	2.872
38517123.099	3374980.067	2.872
38517122.868	3374980.122	2.872
38517122.638	3374980.188	2.872
38517122.407	3374980.243	2.872
38517122.177	3374980.309	2.872
38517121.946	3374980.376	2.872
38517121.716	3374980.431	2.871
38517121.485	3374980.497	2.871
38517121.255	3374980.552	2.870
38517121.024	3374980.618	2.870
38517120.803	3374980.673	2.870
38517120.573	3374980.739	2.870
38517120.342	3374980.794	2.870
38517120.112	3374980.860	2.870
38517119.881	3374980.916	2.869
38517119.660	3374980.982	2.869
38517119.430	3374981.037	2.869
38517119.199	3374981.103	2.869
38517118.979	3374981.158	2.869
38517118.748	3374981.224	2.869
38517118.518	3374981.279	2.868
38517118.297	3374981.345	2.868
38517118.066	3374981.412	2.868
38517117.845	3374981.467	2.868
38517117.615	3374981.533	2.867
38517117.384	3374981.588	2.867
38517117.163	3374981.654	2.867
38517116.933	3374981.709	2.866
38517116.712	3374981.775	2.866
38517116.481	3374981.841	2.866
38517116.251	3374981.896	2.866
38517116.030	3374981.963	2.865
38517115.799	3374982.018	2.865
38517115.569	3374982.084	2.864
38517115.348	3374982.150	2.864
38517115.118	3374982.205	2.864
38517114.887	3374982.271	2.863
38517114.666	3374982.337	2.863
38517114.436	3374982.392	2.863
38517114.215	3374982.459	2.862
38517113.984	3374982.525	2.862
38517113.763	3374982.580	2.862
38517113.533	3374982.646	2.861
38517113.312	3374982.712	2.861
38517113.081	3374982.767	2.861
38517112.860	3374982.833	2.861
38517112.630	3374982.900	2.861
38517112.409	3374982.966	2.860
38517112.179	3374983.021	2.860
38517111.958	3374983.087	2.860
38517111.727	3374983.153	2.859
38517111.506	3374983.208	2.859
38517111.276	3374983.274	2.858
38517111.055	3374983.341	2.858
38517110.824	3374983.396	2.858
38517110.603	3374983.462	2.858
38517110.373	3374983.528	2.858
38517110.152	3374983.594	2.858
38517109.921	3374983.649	2.858
38517109.700	3374983.715	2.858
38517109.470	3374983.781	2.858
38517109.249	3374983.848	2.859
38517109.028	3374983.903	2.859
38517108.798	3374983.969	2.859
38517108.577	3374984.035	2.860
38517108.346	3374984.090	2.860
38517108.125	3374984.156	2.860
38517107.904	3374984.222	2.860
38517107.674	3374984.278	2.861
38517107.453	3374984.344	2.861
38517107.232	3374984.399	2.861
38517107.011	3374984.465	2.861
38517106.781	3374984.531	2.861
38517106.560	3374984.586	2.862
38517106.339	3374984.652	2.863
38517106.118	3374984.707	2.863
38517105.897	3374984.774	2.863
38517105.676	3374984.829	2.864
38517105.455	3374984.895	2.864
38517105.234	3374984.961	2.865
38517104.956	3374985.027	2.865
38517104.735	3374985.093	2.865
38517104.514	3374985.148	2.865
38517104.293	3374985.214	2.866
38517104.024	3374985.292	2.867
38517103.803	3374985.347	2.867
38517103.582	3374985.402	2.868
38517103.361	3374985.468	2.869
38517103.141	3374985.523	2.869
38517102.920	3374985.589	2.870
38517102.708	3374985.644	2.870
38517102.487	3374985.699	2.871
38517102.267	3374985.755	2.871
38517102.055	3374985.821	2.872
38517101.777	3374985.887	2.873
38517101.565	3374985.942	2.873
38517101.344	3374986.008	2.874
38517101.124	3374986.063	2.874
38517100.912	3374986.118	2.875
38517100.691	3374986.173	2.875
38517100.480	3374986.228	2.875
38517100.259	3374986.283	2.875
38517100.038	3374986.350	2.876
38517099.827	3374986.405	2.876
38517099.616	3374986.460	2.876
38517099.395	3374986.515	2.876
38517099.184	3374986.570	2.876
38517098.963	3374986.625	2.875
38517098.751	3374986.680	2.875
38517098.530	3374986.735	2.874
38517098.319	3374986.790	2.874
38517098.108	3374986.845	2.873
38517097.897	3374986.901	2.872
38517097.628	3374986.978	2.871
38517097.416	3374987.033	2.870
38517097.195	3374987.088	2.869
38517096.984	3374987.143	2.868
38517096.773	3374987.198	2.867
38517096.562	3374987.253	2.866
38517096.350	3374987.319	2.865
38517096.139	3374987.375	2.864
38517095.928	3374987.430	2.863
38517095.716	3374987.485	2.862
38517095.505	3374987.540	2.861
38517095.246	3374987.617	2.860
38517095.034	3374987.672	2.859
38517094.823	3374987.738	2.857
38517094.564	3374987.804	2.856
38517094.352	3374987.871	2.855
38517094.141	3374987.926	2.854
38517093.939	3374987.981	2.853
38517093.728	3374988.047	2.852
38517093.526	3374988.102	2.851
38517093.315	3374988.168	2.850
38517093.104	3374988.223	2.849
38517092.902	3374988.278	2.848
38517092.691	3374988.345	2.847
38517092.489	3374988.400	2.846
38517092.230	3374988.477	2.844
38517092.018	3374988.543	2.843
38517091.817	3374988.598	2.842
38517091.605	3374988.664	2.841
38517091.404	3374988.731	2.840
38517091.144	3374988.808	2.839
38517090.933	3374988.863	2.839
38517090.731	3374988.929	2.838
38517090.520	3374988.995	2.838
38517090.309	3374989.050	2.838
38517090.107	3374989.117	2.838
38517089.838	3374989.194	2.838
38517089.627	3374989.260	2.838
38517089.416	3374989.326	2.838
38517089.204	3374989.392	2.838
38517088.993	3374989.447	2.838
38517088.782	3374989.514	2.839
38517088.570	3374989.580	2.839
38517088.359	3374989.646	2.839
38517088.090	3374989.723	2.839
38517087.869	3374989.789	2.839
38517087.658	3374989.856	2.840
38517087.437	3374989.922	2.840
38517087.216	3374989.988	2.841
38517087.005	3374990.054	2.841
38517086.784	3374990.120	2.842
38517086.563	3374990.186	2.843
38517086.342	3374990.253	2.843
38517086.121	3374990.308	2.844
38517085.900	3374990.374	2.845
38517085.679	3374990.440	2.845
38517085.458	3374990.506	2.846
38517085.228	3374990.572	2.847
38517085.007	3374990.638	2.847
38517084.776	3374990.705	2.848
38517084.546	3374990.771	2.848
38517084.325	3374990.837	2.849
38517084.094	3374990.914	2.850
38517083.864	3374990.980	2.850
38517083.518	3374991.080	2.851
38517083.288	3374991.146	2.852
38517083.047	3374991.212	2.853
38517082.817	3374991.278	2.853
38517082.577	3374991.344	2.854
38517082.346	3374991.410	2.854
38517082.106	3374991.476	2.855
38517081.866	3374991.554	2.855
38517081.636	3374991.620	2.856
38517081.395	3374991.686	2.857
38517081.155	3374991.752	2.858
38517080.915	3374991.818	2.859
38517080.675	3374991.884	2.859
38517080.425	3374991.962	2.860
38517080.185	3374992.028	2.860
38517079.945	3374992.094	2.861
38517079.705	3374992.160	2.862
38517079.455	3374992.226	2.862
38517079.215	3374992.292	2.863
38517078.965	3374992.358	2.863
38517078.725	3374992.425	2.864
38517078.476	3374992.502	2.865
38517078.226	3374992.568	2.865
38517077.976	3374992.634	2.866
38517077.736	3374992.700	2.867
38517077.486	3374992.766	2.868
38517077.237	3374992.843	2.868
38517076.987	3374992.910	2.869
38517076.737	3374992.976	2.869
38517076.478	3374993.042	2.870
38517076.228	3374993.108	2.871
38517075.978	3374993.174	2.872
38517075.729	3374993.240	2.872
38517075.469	3374993.317	2.873
38517075.220	3374993.383	2.873
38517074.970	3374993.450	2.873
38517074.711	3374993.516	2.874
38517074.461	3374993.582	2.874
38517074.202	3374993.648	2.874
38517073.942	3374993.714	2.875
38517073.693	3374993.780	2.875
38517073.433	3374993.857	2.876
38517073.174	3374993.923	2.876
38517072.915	3374993.990	2.876
38517072.665	3374994.056	2.876
38517072.463	3374994.100	2.876
38517072.214	3374994.166	2.877
38517072.012	3374994.221	2.877
38517071.762	3374994.287	2.878
38517071.503	3374994.353	2.878
38517071.243	3374994.419	2.879
38517070.984	3374994.485	2.879
38517070.734	3374994.552	2.880
38517070.475	3374994.618	2.880
38517070.216	3374994.684	2.880
38517069.966	3374994.750	2.880
38517069.707	3374994.816	2.881
38517069.447	3374994.882	2.881
38517069.198	3374994.937	2.882
38517068.938	3374995.003	2.882
38517068.689	3374995.069	2.882
38517068.429	3374995.135	2.883
38517068.180	3374995.202	2.883
38517067.920	3374995.268	2.884
38517067.671	3374995.323	2.884
38517067.421	3374995.389	2.884
38517067.162	3374995.455	2.885
38517066.912	3374995.521	2.885
38517066.662	3374995.576	2.886
38517066.413	3374995.642	2.886
38517066.096	3374995.719	2.886
38517065.846	3374995.785	2.886
38517065.596	3374995.841	2.886
38517065.346	3374995.907	2.886
38517065.106	3374995.973	2.887
38517064.857	3374996.028	2.887
38517064.549	3374996.105	2.888
38517064.300	3374996.171	2.888
38517064.059	3374996.237	2.889
38517063.810	3374996.292	2.889
38517063.570	3374996.358	2.890
38517063.320	3374996.413	2.890
38517063.080	3374996.480	2.890
38517062.840	3374996.535	2.890
38517062.590	3374996.601	2.891
38517062.350	3374996.656	2.891
38517062.110	3374996.722	2.891
38517061.870	3374996.777	2.892
38517061.630	3374996.832	2.892
38517061.380	3374996.898	2.892
38517061.140	3374996.953	2.892
38517060.900	3374997.008	2.892
38517060.660	3374997.074	2.893
38517060.420	3374997.129	2.893
38517060.179	3374997.185	2.893
38517059.939	3374997.240	2.893
38517059.699	3374997.306	2.893
38517059.469	3374997.361	2.893
38517059.229	3374997.416	2.893
38517058.988	3374997.471	2.893
38517058.748	3374997.537	2.892
38517058.508	3374997.592	2.892
38517058.268	3374997.647	2.892
38517058.038	3374997.702	2.891
38517057.798	3374997.768	2.891
38517057.557	3374997.823	2.891
38517057.317	3374997.878	2.891
38517057.087	3374997.934	2.891
38517056.847	3374998.000	2.891
38517056.616	3374998.055	2.891
38517056.319	3374998.132	2.891
38517056.078	3374998.187	2.891
38517055.848	3374998.242	2.891
38517055.608	3374998.297	2.890
38517055.377	3374998.363	2.890
38517055.137	3374998.418	2.890
38517054.849	3374998.484	2.890
38517054.609	3374998.539	2.889
38517054.379	3374998.605	2.889
38517054.148	3374998.661	2.889
38517053.908	3374998.716	2.889
38517053.677	3374998.771	2.889
38517053.447	3374998.837	2.889
38517053.216	3374998.892	2.889
38517052.919	3374998.958	2.889
38517052.688	3374999.024	2.889
38517052.458	3374999.079	2.889
38517052.227	3374999.134	2.888
38517051.997	3374999.189	2.888
38517051.766	3374999.244	2.888
38517051.536	3374999.299	2.888
38517051.305	3374999.366	2.888
38517051.017	3374999.432	2.888
38517050.787	3374999.487	2.888
38517050.556	3374999.542	2.888
38517050.335	3374999.608	2.887
38517050.105	3374999.663	2.887
38517049.874	3374999.718	2.887
38517049.644	3374999.773	2.887
38517049.365	3374999.839	2.888
38517049.135	3374999.905	2.887
38517048.904	3374999.960	2.887
38517048.674	3375000.016	2.887
38517048.395	3375000.082	2.887
38517048.165	3375000.137	2.887
38517047.934	3375000.192	2.887
38517047.704	3375000.258	2.887
38517047.483	3375000.313	2.887
38517047.252	3375000.368	2.887
38517047.022	3375000.423	2.887
38517046.791	3375000.478	2.888
38517046.570	3375000.533	2.888
38517046.340	3375000.599	2.888
38517046.052	3375000.666	2.889
38517045.821	3375000.721	2.889
38517045.591	3375000.776	2.890
38517045.360	3375000.831	2.890
38517045.072	3375000.908	2.891
38517044.842	3375000.963	2.891
38517044.611	3375001.018	2.891
38517044.381	3375001.073	2.891
38517044.150	3375001.128	2.891
38517043.920	3375001.194	2.892
38517043.689	3375001.249	2.892
38517043.459	3375001.304	2.892
38517043.218	3375001.359	2.893
38517042.988	3375001.415	2.893
38517042.757	3375001.470	2.893
38517042.527	3375001.525	2.893
38517042.287	3375001.580	2.894
38517042.056	3375001.635	2.894
38517041.816	3375001.701	2.894
38517041.586	3375001.756	2.895
38517041.346	3375001.811	2.895
38517041.115	3375001.866	2.895
38517040.875	3375001.921	2.895
38517040.645	3375001.987	2.896
38517040.404	3375002.042	2.896
38517040.107	3375002.108	2.896
38517039.867	3375002.175	2.896
38517039.636	3375002.230	2.897
38517039.396	3375002.285	2.897
38517039.098	3375002.351	2.897
38517038.858	3375002.417	2.897
38517038.628	3375002.472	2.898
38517038.388	3375002.527	2.898
38517038.148	3375002.582	2.898
38517037.917	3375002.637	2.898
38517037.677	3375002.692	2.898
38517037.446	3375002.747	2.898
38517037.206	3375002.802	2.898
38517036.976	3375002.857	2.898
38517036.678	3375002.935	2.898
38517036.448	3375002.990	2.898
38517036.208	3375003.045	2.898
38517035.977	3375003.100	2.898
38517035.737	3375003.155	2.898
38517035.506	3375003.210	2.898
38517035.218	3375003.276	2.898
38517034.978	3375003.331	2.898
38517034.748	3375003.386	2.898
38517034.517	3375003.441	2.898
38517034.277	3375003.496	2.898
38517034.047	3375003.551	2.898
38517033.816	3375003.606	2.898
38517033.586	3375003.661	2.898
38517033.355	3375003.716	2.898
38517033.125	3375003.771	2.898
38517032.885	3375003.827	2.898
38517032.654	3375003.882	2.898
38517032.424	3375003.937	2.898
38517032.193	3375003.992	2.898
38517031.963	3375004.047	2.898
38517031.732	3375004.102	2.898
38517031.502	3375004.157	2.898
38517031.271	3375004.212	2.898
38517031.050	3375004.267	2.898
38517030.820	3375004.322	2.898
38517030.589	3375004.377	2.898
38517030.359	3375004.432	2.898
38517030.071	3375004.498	2.898
38517029.850	3375004.553	2.898
38517029.619	3375004.597	2.898
38517029.389	3375004.652	2.898
38517029.158	3375004.708	2.898
38517028.880	3375004.774	2.897
38517028.649	3375004.829	2.897
38517028.419	3375004.884	2.897
38517028.188	3375004.939	2.897
38517027.958	3375004.994	2.898
38517027.737	3375005.049	2.897
38517027.506	3375005.104	2.897
38517027.218	3375005.170	2.897
38517026.988	3375005.225	2.897
38517026.757	3375005.280	2.897
38517026.527	3375005.335	2.897
38517026.296	3375005.390	2.897
38517026.066	3375005.445	2.897
38517025.845	3375005.501	2.897
38517025.614	3375005.556	2.897
38517025.326	3375005.622	2.897
38517025.096	3375005.677	2.897
38517024.856	3375005.732	2.897
38517024.625	3375005.787	2.897
38517024.395	3375005.842	2.897
38517024.164	3375005.897	2.897
38517023.934	3375005.941	2.897
38517023.703	3375005.996	2.898
38517023.473	3375006.051	2.898
38517023.242	3375006.106	2.898
38517023.012	3375006.161	2.898
38517022.781	3375006.216	2.898
38517022.551	3375006.271	2.898
38517022.311	3375006.326	2.898
38517022.080	3375006.382	2.899
38517021.850	3375006.437	2.899
38517021.619	3375006.492	2.899
38517021.389	3375006.547	2.899
38517021.158	3375006.602	2.899
38517020.928	3375006.657	2.899
38517020.687	3375006.701	2.899
38517020.399	3375006.778	2.900
38517020.169	3375006.833	2.900
38517019.938	3375006.888	2.900
38517019.708	3375006.932	2.900
38517019.420	3375007.009	2.900
38517019.189	3375007.064	2.901
38517018.959	3375007.108	2.901
38517018.728	3375007.163	2.901
38517018.488	3375007.218	2.901
38517018.258	3375007.274	2.901
38517018.027	3375007.329	2.901
38517017.797	3375007.384	2.902
38517017.566	3375007.439	2.902
38517017.336	3375007.494	2.902
38517017.048	3375007.560	2.902
38517016.817	3375007.615	2.902
38517016.577	3375007.670	2.902
38517016.289	3375007.736	2.902
38517016.058	3375007.791	2.902
38517015.828	3375007.846	2.902
38517015.597	3375007.890	2.901
38517015.367	3375007.945	2.901
38517015.136	3375008.000	2.901
38517014.906	3375008.055	2.900
38517014.675	3375008.110	2.900
38517014.445	3375008.166	2.900
38517014.214	3375008.221	2.899
38517013.984	3375008.276	2.899
38517013.753	3375008.331	2.898
38517013.523	3375008.375	2.897
38517013.302	3375008.430	2.897
38517013.072	3375008.485	2.896
38517012.841	3375008.540	2.895
38517012.611	3375008.595	2.895
38517012.390	3375008.650	2.894
38517012.159	3375008.705	2.893
38517011.929	3375008.760	2.893
38517011.708	3375008.815	2.892
38517011.477	3375008.870	2.891
38517011.199	3375008.936	2.891
38517010.968	3375008.992	2.890
38517010.747	3375009.047	2.889
38517010.517	3375009.102	2.888
38517010.238	3375009.179	2.887
38517010.008	3375009.234	2.887
38517009.777	3375009.289	2.886
38517009.556	3375009.344	2.885
38517009.326	3375009.399	2.885
38517009.095	3375009.454	2.884
38517008.875	3375009.520	2.883
38517008.644	3375009.575	2.883
38517008.414	3375009.630	2.882
38517008.193	3375009.686	2.882
38517007.962	3375009.741	2.881
38517007.732	3375009.807	2.881
38517007.501	3375009.862	2.880
38517007.280	3375009.917	2.879
38517007.050	3375009.972	2.879
38517006.762	3375010.049	2.879
38517006.531	3375010.104	2.878
38517006.301	3375010.159	2.877
38517006.022	3375010.236	2.877
38517005.792	3375010.292	2.876
38517005.561	3375010.358	2.876
38517005.331	3375010.413	2.875
38517005.100	3375010.468	2.875
38517004.870	3375010.534	2.874
38517004.649	3375010.589	2.874
38517004.418	3375010.655	2.873
38517004.188	3375010.710	2.873
38517003.957	3375010.765	2.872
38517003.727	3375010.832	2.872
38517003.496	3375010.887	2.872
38517003.266	3375010.953	2.871
38517003.035	3375011.008	2.871
38517002.814	3375011.074	2.871
38517002.584	3375011.129	2.870
38517002.353	3375011.195	2.870
38517002.123	3375011.250	2.870
38517001.892	3375011.316	2.869
38517001.662	3375011.372	2.869
38517001.374	3375011.449	2.869
38517001.143	3375011.515	2.869
38517000.913	3375011.581	2.869
38517000.682	3375011.636	2.868
38517000.452	3375011.702	2.867
38517000.221	3375011.768	2.867
38516999.933	3375011.846	2.867
38516999.693	3375011.912	2.867
38516999.462	3375011.967	2.867
38516999.232	3375012.033	2.867
38516999.001	3375012.099	2.866
38516998.771	3375012.165	2.866
38516998.531	3375012.220	2.865
38516998.242	3375012.308	2.865
38516998.012	3375012.364	2.865
38516997.772	3375012.430	2.865
38516997.541	3375012.496	2.865
38516997.311	3375012.562	2.864
38516997.080	3375012.617	2.864
38516996.840	3375012.683	2.864
38516996.610	3375012.749	2.864
38516996.322	3375012.827	2.863
38516996.081	3375012.893	2.863
38516995.851	3375012.948	2.863
38516995.620	3375013.014	2.862
38516995.380	3375013.080	2.862
38516995.150	3375013.146	2.862
38516994.919	3375013.201	2.862
38516994.689	3375013.267	2.862
38516994.458	3375013.334	2.861
38516994.228	3375013.389	2.861
38516993.997	3375013.455	2.861
38516993.757	3375013.521	2.861
38516993.527	3375013.576	2.861
38516993.296	3375013.642	2.861
38516993.066	3375013.708	2.861
38516992.835	3375013.763	2.861
38516992.605	3375013.830	2.860
38516992.384	3375013.896	2.860
38516992.153	3375013.951	2.860
38516991.923	3375014.017	2.860
38516991.692	3375014.083	2.859
38516991.462	3375014.138	2.859
38516991.241	3375014.204	2.859
38516991.010	3375014.270	2.858
38516990.780	3375014.326	2.858
38516990.559	3375014.392	2.857
38516990.328	3375014.458	2.856
38516990.107	3375014.513	2.856
38516989.877	3375014.579	2.855
38516989.656	3375014.645	2.854
38516989.435	3375014.700	2.853
38516989.205	3375014.767	2.853
38516988.984	3375014.833	2.852
38516988.763	3375014.888	2.851
38516988.532	3375014.954	2.850
38516988.311	3375015.020	2.850
38516988.091	3375015.075	2.849
38516987.870	3375015.141	2.848
38516987.649	3375015.208	2.848
38516987.428	3375015.274	2.847
38516987.207	3375015.329	2.846
38516986.986	3375015.395	2.845
38516986.765	3375015.461	2.844
38516986.544	3375015.527	2.844
38516986.323	3375015.582	2.843
38516986.102	3375015.649	2.842
38516985.891	3375015.715	2.841
38516985.670	3375015.781	2.840
38516985.449	3375015.836	2.839
38516985.238	3375015.902	2.838
38516984.969	3375015.979	2.838
38516984.748	3375016.046	2.837
38516984.537	3375016.112	2.835
38516984.316	3375016.167	2.834
38516984.057	3375016.244	2.832
38516983.836	3375016.310	2.831
38516983.624	3375016.376	2.830
38516983.413	3375016.431	2.829
38516983.202	3375016.498	2.828
38516983.000	3375016.564	2.827
38516982.789	3375016.619	2.826
38516982.577	3375016.685	2.825
38516982.376	3375016.751	2.823
38516982.174	3375016.806	2.822
38516981.915	3375016.884	2.821
38516981.723	3375016.950	2.819
38516981.521	3375017.005	2.817
38516981.319	3375017.071	2.816
38516981.079	3375017.137	2.814
38516980.887	3375017.204	2.812
38516980.695	3375017.270	2.811
38516980.455	3375017.336	2.809
38516980.224	3375017.413	2.807
38516979.994	3375017.490	2.806
38516979.763	3375017.579	2.804
38516979.542	3375017.656	2.802
38516979.321	3375017.733	2.800
38516979.100	3375017.810	2.798
38516978.879	3375017.888	2.796
38516978.658	3375017.965	2.794
38516978.447	3375018.042	2.792
38516978.236	3375018.108	2.790
38516978.034	3375018.186	2.787
38516977.823	3375018.263	2.785
38516977.621	3375018.340	2.783
38516977.381	3375018.429	2.781
38516977.179	3375018.506	2.779
38516976.987	3375018.572	2.777
38516976.747	3375018.660	2.774
38516976.555	3375018.738	2.772
38516976.334	3375018.815	2.769
38516976.142	3375018.892	2.767
38516975.921	3375018.970	2.765
38516975.709	3375019.058	2.763
38516975.488	3375019.135	2.760
38516975.277	3375019.223	2.758
38516975.075	3375019.301	2.756
38516974.864	3375019.378	2.753
38516974.662	3375019.466	2.751
38516974.461	3375019.544	2.749
38516974.259	3375019.632	2.747
38516974.057	3375019.709	2.744
38516973.855	3375019.787	2.741
38516973.654	3375019.875	2.738
38516973.461	3375019.952	2.735
38516973.260	3375020.041	2.733
38516973.068	3375020.118	2.730
38516972.875	3375020.195	2.727
38516972.683	3375020.284	2.723
38516972.491	3375020.361	2.720
38516972.299	3375020.438	2.716
38516972.116	3375020.527	2.713
38516971.924	3375020.604	2.709
38516971.742	3375020.692	2.706
38516971.550	3375020.770	2.702
38516971.367	3375020.858	2.697
38516971.156	3375020.946	2.693
38516970.944	3375021.046	2.688
38516970.762	3375021.134	2.684
38516970.560	3375021.234	2.680
38516970.349	3375021.333	2.676
38516970.118	3375021.444	2.672
38516969.936	3375021.532	2.670
38516969.734	3375021.632	2.667
38516969.532	3375021.731	2.665
38516969.311	3375021.853	2.663
38516969.109	3375021.952	2.661
38516968.908	3375022.052	2.659
38516968.715	3375022.151	2.657
38516968.514	3375022.251	2.656
38516968.331	3375022.350	2.655
38516968.139	3375022.449	2.653
38516967.928	3375022.560	2.652
38516967.745	3375022.659	2.651
38516967.562	3375022.759	2.651
38516967.361	3375022.858	2.650
38516967.159	3375022.969	2.649
38516966.967	3375023.068	2.649
38516966.775	3375023.168	2.648
38516966.592	3375023.267	2.647
38516966.409	3375023.367	2.647
38516966.227	3375023.466	2.647
38516966.025	3375023.577	2.647
38516965.833	3375023.676	2.647
38516965.641	3375023.776	2.648
38516965.458	3375023.886	2.649
38516965.266	3375023.986	2.649
38516965.083	3375024.085	2.652
38516964.901	3375024.174	2.653
38516964.699	3375024.284	2.655
38516964.517	3375024.373	2.659
38516964.315	3375024.483	2.663
38516964.123	3375024.583	2.668
38516963.921	3375024.682	2.673
38516963.738	3375024.771	2.680
38516963.546	3375024.870	2.687
38516963.364	3375024.959	2.694
38516963.152	3375025.058	2.704
38516962.970	3375025.146	2.713
38516962.778	3375025.235	2.721
38516962.557	3375025.323	2.733
38516962.355	3375025.411	2.743
38516962.143	3375025.489	2.753
38516961.932	3375025.566	2.763
38516961.721	3375025.654	2.774
38516961.529	3375025.721	2.784
38516961.327	3375025.798	2.794
38516961.135	3375025.864	2.805
38516960.924	3375025.930	2.817
38516960.722	3375025.997	2.827
38516960.511	3375026.063	2.839
38516960.299	3375026.129	2.851
38516960.088	3375026.195	2.863
38516959.867	3375026.250	2.874
38516959.617	3375026.327	2.887
38516959.416	3375026.371	2.897
38516959.185	3375026.426	2.911
38516958.983	3375026.482	2.921
38516958.782	3375026.526	2.932
38516958.542	3375026.570	2.945
38516958.330	3375026.614	2.955
38516958.119	3375026.658	2.965
38516957.908	3375026.691	2.974
38516957.697	3375026.723	2.981
38516957.476	3375026.756	2.990
38516957.255	3375026.789	2.996
38516957.034	3375026.822	3.002
38516956.813	3375026.855	3.007
38516956.592	3375026.888	3.011
38516956.371	3375026.921	3.015
38516956.151	3375026.943	3.020
38516955.920	3375026.976	3.023
38516955.699	3375027.009	3.027
38516955.498	3375027.030	3.029
38516955.267	3375027.052	3.031
38516955.008	3375027.085	3.033
38516954.806	3375027.107	3.034
38516954.605	3375027.129	3.035
38516954.393	3375027.151	3.036
38516954.192	3375027.173	3.036
38516953.980	3375027.194	3.037
38516953.769	3375027.216	3.037
38516953.558	3375027.238	3.037
38516953.347	3375027.260	3.037
38516953.136	3375027.271	3.037
38516952.924	3375027.292	3.037
38516952.713	3375027.314	3.036
38516952.502	3375027.336	3.035
38516952.281	3375027.358	3.035
38516952.070	3375027.380	3.034
38516951.849	3375027.402	3.033
38516951.628	3375027.423	3.031
38516951.407	3375027.445	3.030
38516951.186	3375027.467	3.028
38516950.965	3375027.489	3.027
38516950.706	3375027.522	3.026
38516950.485	3375027.544	3.024
38516950.265	3375027.565	3.022
38516950.044	3375027.587	3.020
38516949.775	3375027.620	3.018
38516949.554	3375027.642	3.016
38516949.324	3375027.664	3.013
38516949.103	3375027.697	3.011
38516948.872	3375027.718	3.009
38516948.642	3375027.740	3.007
38516948.373	3375027.773	3.004
38516948.142	3375027.806	3.001
38516947.912	3375027.828	2.998
38516947.682	3375027.861	2.996
38516947.413	3375027.894	2.993
38516947.173	3375027.926	2.989
38516946.942	3375027.959	2.986
38516946.712	3375027.992	2.984
38516946.510	3375028.025	2.982
38516946.308	3375028.058	2.979
38516946.078	3375028.091	2.976
38516945.876	3375028.113	2.974
38516945.675	3375028.146	2.971
38516945.473	3375028.179	2.969
38516945.271	3375028.212	2.966
38516945.031	3375028.245	2.963
38516944.820	3375028.278	2.960
38516944.618	3375028.310	2.957
38516944.417	3375028.343	2.955
38516944.205	3375028.387	2.952
38516944.004	3375028.420	2.949
38516943.792	3375028.453	2.946
38516943.591	3375028.497	2.943
38516943.341	3375028.541	2.941
38516943.130	3375028.585	2.937
38516942.880	3375028.629	2.934
38516942.630	3375028.673	2.930
38516942.419	3375028.717	2.927
38516942.208	3375028.761	2.925
38516941.987	3375028.805	2.922
38516941.776	3375028.849	2.920
38516941.564	3375028.893	2.917
38516941.353	3375028.937	2.914
38516941.132	3375028.992	2.911
38516940.921	3375029.036	2.909
38516940.662	3375029.091	2.905
38516940.441	3375029.147	2.902
38516940.220	3375029.191	2.900
38516940.009	3375029.246	2.898
38516939.788	3375029.290	2.897
38516939.567	3375029.345	2.896
38516939.346	3375029.400	2.894
38516939.077	3375029.466	2.892
38516938.808	3375029.521	2.891
38516938.587	3375029.576	2.890
38516938.366	3375029.631	2.889
38516938.146	3375029.686	2.887
38516937.915	3375029.741	2.886
38516937.646	3375029.818	2.886
38516937.377	3375029.884	2.885
38516937.147	3375029.940	2.885
38516936.916	3375029.995	2.884
38516936.695	3375030.050	2.884
38516936.465	3375030.105	2.883
38516936.234	3375030.171	2.883
38516936.004	3375030.226	2.883
38516935.773	3375030.281	2.883
38516935.543	3375030.336	2.883
38516935.274	3375030.413	2.883
38516935.043	3375030.468	2.883
38516934.813	3375030.523	2.883
38516934.582	3375030.579	2.883
38516934.361	3375030.645	2.883
38516934.131	3375030.700	2.883
38516933.900	3375030.755	2.883
38516933.680	3375030.810	2.883
38516933.449	3375030.865	2.883
38516933.228	3375030.920	2.883
38516933.007	3375030.975	2.883
38516932.729	3375031.052	2.883
38516932.508	3375031.107	2.883
38516932.287	3375031.163	2.883
38516932.066	3375031.218	2.883
38516931.836	3375031.273	2.883
38516931.615	3375031.328	2.883
38516931.394	3375031.383	2.883
38516931.173	3375031.438	2.883
38516930.952	3375031.493	2.883
38516930.721	3375031.548	2.883
38516930.501	3375031.603	2.882
38516930.280	3375031.658	2.882
38516930.059	3375031.713	2.882
38516929.838	3375031.768	2.882
38516929.617	3375031.824	2.882
38516929.396	3375031.879	2.882
38516929.137	3375031.945	2.881
38516928.916	3375032.000	2.880
38516928.647	3375032.077	2.880
38516928.378	3375032.143	2.881
38516928.157	3375032.198	2.880
38516927.936	3375032.253	2.880
38516927.715	3375032.308	2.879
38516927.494	3375032.363	2.879
38516927.274	3375032.430	2.879
38516927.053	3375032.485	2.879
38516926.832	3375032.540	2.878
38516926.611	3375032.595	2.878
38516926.390	3375032.650	2.877
38516926.169	3375032.716	2.876
38516925.910	3375032.782	2.876
38516925.641	3375032.848	2.875
38516925.420	3375032.915	2.875
38516925.199	3375032.970	2.874
38516924.978	3375033.025	2.874
38516924.757	3375033.080	2.873
38516924.536	3375033.146	2.873
38516924.315	3375033.201	2.873
38516924.047	3375033.267	2.872
38516923.826	3375033.333	2.872
38516923.605	3375033.388	2.871
38516923.345	3375033.454	2.870
38516923.076	3375033.532	2.868
38516922.856	3375033.587	2.868
38516922.635	3375033.642	2.867
38516922.414	3375033.708	2.866
38516922.193	3375033.763	2.866
38516921.924	3375033.840	2.865
38516921.703	3375033.895	2.864
38516921.482	3375033.962	2.863
38516921.261	3375034.017	2.862
38516921.040	3375034.083	2.861
38516920.781	3375034.149	2.860
38516920.560	3375034.215	2.858
38516920.339	3375034.270	2.857
38516920.118	3375034.336	2.855
38516919.888	3375034.391	2.853
38516919.628	3375034.469	2.852
38516919.408	3375034.535	2.850
38516919.187	3375034.590	2.848
38516918.966	3375034.656	2.846
38516918.745	3375034.722	2.843
38516918.524	3375034.777	2.841
38516918.303	3375034.843	2.838
38516918.044	3375034.921	2.835
38516917.823	3375034.987	2.832
38516917.602	3375035.053	2.830
38516917.333	3375035.130	2.826
38516917.122	3375035.196	2.822
38516916.901	3375035.274	2.819
38516916.632	3375035.351	2.815
38516916.420	3375035.428	2.811
38516916.200	3375035.494	2.808
38516915.940	3375035.583	2.804
38516915.719	3375035.660	2.799
38516915.498	3375035.726	2.795
38516915.287	3375035.803	2.792
38516915.066	3375035.881	2.789
38516914.807	3375035.969	2.785
38516914.586	3375036.046	2.780
38516914.374	3375036.123	2.777
38516914.154	3375036.201	2.774
38516913.933	3375036.289	2.770
38516913.721	3375036.366	2.766
38516913.500	3375036.443	2.762
38516913.279	3375036.532	2.758
38516913.068	3375036.609	2.754
38516912.847	3375036.697	2.751
38516912.636	3375036.775	2.748
38516912.415	3375036.863	2.746
38516912.165	3375036.974	2.743
38516911.944	3375037.062	2.741
38516911.733	3375037.150	2.739
38516911.512	3375037.239	2.738
38516911.252	3375037.349	2.737
38516911.041	3375037.437	2.736
38516910.830	3375037.526	2.735
38516910.609	3375037.614	2.736
38516910.397	3375037.714	2.736
38516910.176	3375037.802	2.737
38516909.965	3375037.890	2.736
38516909.744	3375037.979	2.736
38516909.485	3375038.089	2.737
38516909.273	3375038.177	2.738
38516909.014	3375038.288	2.739
38516908.793	3375038.376	2.740
38516908.572	3375038.465	2.741
38516908.361	3375038.553	2.741
38516908.092	3375038.663	2.743
38516907.881	3375038.752	2.744
38516907.660	3375038.851	2.746
38516907.439	3375038.939	2.748
38516907.218	3375039.028	2.750
38516906.997	3375039.116	2.752
38516906.776	3375039.205	2.754
38516906.545	3375039.293	2.757
38516906.324	3375039.392	2.760
38516906.103	3375039.481	2.763
38516905.873	3375039.569	2.766
38516905.652	3375039.646	2.768
38516905.383	3375039.757	2.771
38516905.152	3375039.845	2.775
38516904.835	3375039.966	2.778
38516904.605	3375040.055	2.782
38516904.374	3375040.132	2.785
38516904.144	3375040.220	2.788
38516903.913	3375040.298	2.791
38516903.635	3375040.408	2.795
38516903.404	3375040.485	2.799
38516903.173	3375040.562	2.802
38516902.981	3375040.629	2.805
38516902.751	3375040.706	2.808
38516902.559	3375040.772	2.811
38516902.328	3375040.849	2.814
38516902.136	3375040.916	2.817
38516901.944	3375040.982	2.820
38516901.713	3375041.059	2.823
38516901.473	3375041.136	2.826
38516901.233	3375041.214	2.829
38516900.993	3375041.291	2.832
38516900.753	3375041.357	2.835
38516900.551	3375041.423	2.838
38516900.311	3375041.500	2.841
38516900.071	3375041.566	2.843
38516899.869	3375041.633	2.845
38516899.629	3375041.699	2.848
38516899.331	3375041.787	2.850
38516899.034	3375041.875	2.852
38516898.736	3375041.964	2.854
38516898.486	3375042.030	2.856
38516898.236	3375042.107	2.857
38516897.987	3375042.173	2.857
38516897.737	3375042.239	2.858
38516897.545	3375042.305	2.859
38516897.343	3375042.360	2.860
38516897.094	3375042.427	2.861
38516896.892	3375042.482	2.861
38516896.633	3375042.559	2.862
38516896.431	3375042.614	2.862
38516896.229	3375042.669	2.863
38516896.027	3375042.724	2.863
38516895.826	3375042.779	2.864
38516895.614	3375042.834	2.864
38516895.413	3375042.890	2.864
38516895.211	3375042.945	2.865
38516895.000	3375043.011	2.865
38516894.798	3375043.066	2.865
38516894.539	3375043.132	2.865
38516894.279	3375043.209	2.865
38516894.078	3375043.264	2.865
38516893.866	3375043.320	2.865
38516893.655	3375043.375	2.865
38516893.444	3375043.430	2.865
38516893.242	3375043.485	2.865
38516893.031	3375043.551	2.865
38516892.820	3375043.606	2.865
38516892.608	3375043.661	2.865
38516892.397	3375043.716	2.864
38516892.186	3375043.771	2.864
38516891.974	3375043.838	2.863
38516891.763	3375043.893	2.863
38516891.542	3375043.948	2.862
38516891.273	3375044.025	2.861
38516891.014	3375044.102	2.861
38516890.793	3375044.157	2.861
38516890.582	3375044.212	2.860
38516890.361	3375044.279	2.860
38516890.149	3375044.334	2.859
38516889.929	3375044.400	2.859
38516889.717	3375044.455	2.859
38516889.496	3375044.521	2.859
38516889.275	3375044.576	2.858
38516889.055	3375044.642	2.857
38516888.843	3375044.697	2.856
38516888.622	3375044.764	2.856
38516888.401	3375044.819	2.856
38516888.181	3375044.885	2.855
38516887.960	3375044.951	2.855
38516887.739	3375045.006	2.855
38516887.518	3375045.072	2.854
38516887.297	3375045.138	2.853
38516887.066	3375045.194	2.853
38516886.845	3375045.260	2.853
38516886.625	3375045.326	2.853
38516886.404	3375045.392	2.853
38516886.173	3375045.458	2.852
38516885.952	3375045.513	2.852
38516885.722	3375045.579	2.852
38516885.501	3375045.646	2.852
38516885.270	3375045.712	2.852
38516885.049	3375045.778	2.853
38516884.819	3375045.844	2.853
38516884.588	3375045.910	2.853
38516884.367	3375045.976	2.853
38516884.137	3375046.043	2.853
38516883.906	3375046.109	2.853
38516883.676	3375046.164	2.854
38516883.445	3375046.230	2.854
38516883.215	3375046.296	2.854
38516882.984	3375046.362	2.855
38516882.754	3375046.428	2.855
38516882.523	3375046.495	2.855
38516882.235	3375046.583	2.855
38516882.005	3375046.649	2.856
38516881.774	3375046.715	2.856
38516881.534	3375046.781	2.856
38516881.304	3375046.847	2.857
38516881.073	3375046.914	2.857
38516880.843	3375046.980	2.858
38516880.545	3375047.057	2.858
38516880.314	3375047.123	2.859
38516880.074	3375047.189	2.859
38516879.844	3375047.255	2.859
38516879.604	3375047.322	2.859
38516879.373	3375047.388	2.860
38516879.133	3375047.454	2.860
38516878.893	3375047.520	2.860
38516878.662	3375047.586	2.861
38516878.422	3375047.652	2.861
38516878.182	3375047.718	2.861
38516877.942	3375047.785	2.862
38516877.711	3375047.851	2.862
38516877.471	3375047.917	2.863
38516877.231	3375047.983	2.863
38516876.991	3375048.049	2.864
38516876.751	3375048.115	2.864
38516876.511	3375048.181	2.865
38516876.271	3375048.248	2.865
38516876.031	3375048.314	2.865
38516875.791	3375048.380	2.865
38516875.550	3375048.446	2.866
38516875.243	3375048.523	2.867
38516875.003	3375048.589	2.867
38516874.705	3375048.666	2.868
38516874.456	3375048.733	2.868
38516874.215	3375048.799	2.868
38516873.975	3375048.865	2.868
38516873.735	3375048.931	2.868
38516873.486	3375048.997	2.869
38516873.245	3375049.063	2.869
38516873.005	3375049.129	2.869
38516872.765	3375049.196	2.869
38516872.515	3375049.262	2.870
38516872.275	3375049.328	2.870
38516872.035	3375049.394	2.870
38516871.786	3375049.460	2.870
38516871.545	3375049.515	2.870
38516871.305	3375049.581	2.870
38516871.056	3375049.647	2.870
38516870.816	3375049.714	2.870
38516870.566	3375049.780	2.869
38516870.326	3375049.846	2.869
38516870.076	3375049.912	2.869
38516869.836	3375049.978	2.869
38516869.596	3375050.044	2.868
38516869.346	3375050.110	2.868
38516869.039	3375050.188	2.868
38516868.799	3375050.254	2.868
38516868.549	3375050.320	2.868
38516868.309	3375050.386	2.868
38516868.059	3375050.452	2.867
38516867.819	3375050.518	2.867
38516867.512	3375050.606	2.867
38516867.262	3375050.673	2.867
38516867.022	3375050.739	2.867
38516866.772	3375050.805	2.867
38516866.522	3375050.871	2.866
38516866.282	3375050.937	2.866
38516866.033	3375051.003	2.865
38516865.792	3375051.069	2.865
38516865.543	3375051.135	2.865
38516865.235	3375051.224	2.865
38516864.986	3375051.290	2.864
38516864.746	3375051.356	2.864
38516864.496	3375051.422	2.864
38516864.246	3375051.488	2.863
38516864.006	3375051.554	2.863
38516863.699	3375051.643	2.863
38516863.449	3375051.709	2.863
38516863.199	3375051.775	2.862
38516862.959	3375051.841	2.862
38516862.709	3375051.907	2.861
38516862.460	3375051.973	2.861
38516862.220	3375052.050	2.861
38516861.912	3375052.128	2.860
38516861.662	3375052.205	2.860
38516861.413	3375052.271	2.860
38516861.173	3375052.337	2.859
38516860.923	3375052.403	2.859
38516860.673	3375052.469	2.858
38516860.366	3375052.558	2.858
38516860.116	3375052.624	2.858
38516859.876	3375052.701	2.857
38516859.626	3375052.767	2.857
38516859.377	3375052.833	2.857
38516859.127	3375052.899	2.856
38516858.887	3375052.976	2.856
38516858.637	3375053.043	2.856
38516858.387	3375053.109	2.856
38516858.080	3375053.197	2.856
38516857.830	3375053.263	2.856
38516857.581	3375053.340	2.856
38516857.273	3375053.429	2.856
38516857.023	3375053.495	2.856
38516856.774	3375053.561	2.856
38516856.534	3375053.638	2.855
38516856.284	3375053.704	2.855
38516856.034	3375053.770	2.855
38516855.784	3375053.836	2.854
38516855.535	3375053.914	2.854
38516855.285	3375053.980	2.855
38516855.035	3375054.046	2.855
38516854.786	3375054.123	2.856
38516854.536	3375054.189	2.856
38516854.229	3375054.277	2.856
38516853.979	3375054.344	2.857
38516853.729	3375054.410	2.857
38516853.479	3375054.487	2.857
38516853.172	3375054.564	2.858
38516852.922	3375054.641	2.858
38516852.673	3375054.707	2.859
38516852.433	3375054.774	2.859
38516852.183	3375054.840	2.860
38516851.933	3375054.917	2.860
38516851.626	3375054.994	2.860
38516851.376	3375055.071	2.861
38516851.126	3375055.137	2.861
38516850.886	3375055.203	2.862
38516850.636	3375055.270	2.862
38516850.396	3375055.347	2.862
38516850.147	3375055.413	2.862
38516849.839	3375055.501	2.862
38516849.599	3375055.567	2.863
38516849.349	3375055.633	2.863
38516849.109	3375055.700	2.863
38516848.860	3375055.766	2.863
38516848.620	3375055.832	2.863
38516848.370	3375055.909	2.863
38516848.130	3375055.975	2.863
38516847.890	3375056.041	2.863
38516847.649	3375056.107	2.863
38516847.400	3375056.174	2.863
38516847.160	3375056.240	2.863
38516846.920	3375056.306	2.863
38516846.679	3375056.372	2.863
38516846.439	3375056.438	2.863
38516846.142	3375056.526	2.863
38516845.901	3375056.593	2.863
38516845.661	3375056.659	2.863
38516845.421	3375056.725	2.862
38516845.191	3375056.791	2.862
38516844.893	3375056.868	2.862
38516844.653	3375056.934	2.862
38516844.422	3375057.000	2.862
38516844.182	3375057.056	2.862
38516843.952	3375057.122	2.862
38516843.721	3375057.188	2.862
38516843.481	3375057.254	2.862
38516843.251	3375057.320	2.862
38516843.020	3375057.375	2.862
38516842.790	3375057.441	2.861
38516842.559	3375057.508	2.862
38516842.329	3375057.574	2.862
38516842.098	3375057.629	2.862
38516841.868	3375057.695	2.861
38516841.647	3375057.761	2.861
38516841.416	3375057.816	2.861
38516841.128	3375057.893	2.861
38516840.907	3375057.959	2.861
38516840.677	3375058.026	2.860
38516840.340	3375058.114	2.861
38516840.120	3375058.180	2.861
38516839.899	3375058.235	2.861
38516839.678	3375058.301	2.861
38516839.447	3375058.356	2.861
38516839.226	3375058.422	2.861
38516839.005	3375058.489	2.861
38516838.785	3375058.544	2.861
38516838.516	3375058.621	2.861
38516838.295	3375058.687	2.861
38516838.074	3375058.742	2.861
38516837.853	3375058.808	2.861
38516837.642	3375058.863	2.861
38516837.421	3375058.919	2.861
38516837.209	3375058.985	2.862
38516836.988	3375059.040	2.862
38516836.777	3375059.106	2.862
38516836.566	3375059.161	2.862
38516836.345	3375059.227	2.862
38516836.134	3375059.282	2.862
38516835.922	3375059.338	2.862
38516835.711	3375059.404	2.862
38516835.442	3375059.470	2.862
38516835.231	3375059.525	2.862
38516835.029	3375059.591	2.862
38516834.818	3375059.646	2.862
38516834.607	3375059.701	2.862
38516834.395	3375059.756	2.862
38516834.194	3375059.823	2.863
38516833.934	3375059.889	2.862
38516833.723	3375059.944	2.862
38516833.521	3375059.999	2.862
38516833.310	3375060.054	2.862
38516833.108	3375060.109	2.862
38516832.907	3375060.175	2.863
38516832.705	3375060.230	2.863
38516832.503	3375060.286	2.863
38516832.301	3375060.341	2.863
38516832.100	3375060.396	2.862
38516831.898	3375060.451	2.862
38516831.696	3375060.506	2.863
38516831.495	3375060.561	2.863
38516831.293	3375060.616	2.863
38516831.091	3375060.671	2.863
38516830.851	3375060.738	2.863
38516830.650	3375060.782	2.862
38516830.409	3375060.859	2.862
38516830.208	3375060.903	2.863
38516829.920	3375060.991	2.863
38516829.718	3375061.046	2.863
38516829.478	3375061.112	2.863
38516829.238	3375061.179	2.862
38516828.950	3375061.256	2.862
38516828.652	3375061.333	2.862
38516828.412	3375061.399	2.862
38516828.172	3375061.465	2.862
38516827.941	3375061.531	2.862
38516827.701	3375061.597	2.861
38516827.461	3375061.664	2.861
38516827.182	3375061.741	2.861
38516826.942	3375061.807	2.861
38516826.664	3375061.884	2.860
38516826.385	3375061.961	2.860
38516826.107	3375062.038	2.859
38516825.876	3375062.105	2.859
38516825.646	3375062.171	2.858
38516825.367	3375062.248	2.858
38516825.146	3375062.314	2.857
38516824.916	3375062.369	2.857
38516824.695	3375062.435	2.856
38516824.474	3375062.501	2.856
38516824.205	3375062.579	2.856
38516823.984	3375062.634	2.856
38516823.763	3375062.700	2.855
38516823.542	3375062.766	2.855
38516823.331	3375062.821	2.854
38516823.110	3375062.887	2.853
38516822.889	3375062.954	2.853
38516822.639	3375063.020	2.853
38516822.418	3375063.086	2.853
38516822.207	3375063.141	2.853
38516821.996	3375063.207	2.852
38516821.785	3375063.262	2.851
38516821.535	3375063.339	2.851
38516821.323	3375063.406	2.851
38516821.112	3375063.461	2.851
38516820.862	3375063.538	2.850
38516820.661	3375063.593	2.850
38516820.449	3375063.659	2.849
38516820.209	3375063.725	2.849
38516820.008	3375063.781	2.849
38516819.806	3375063.847	2.849
38516819.595	3375063.902	2.848
38516819.355	3375063.968	2.848
38516819.162	3375064.034	2.848
38516818.961	3375064.089	2.847
38516818.759	3375064.144	2.847
38516818.529	3375064.211	2.846
38516818.288	3375064.288	2.846
38516818.058	3375064.354	2.846
38516817.856	3375064.409	2.846
38516817.626	3375064.475	2.846
38516817.395	3375064.541	2.845
38516817.126	3375064.619	2.845
38516816.934	3375064.685	2.845
38516816.704	3375064.751	2.846
38516816.483	3375064.817	2.846
38516816.214	3375064.894	2.847
38516815.993	3375064.960	2.847
38516815.762	3375065.016	2.847
38516815.541	3375065.082	2.848
38516815.311	3375065.148	2.848
38516815.090	3375065.214	2.849
38516814.869	3375065.269	2.849
38516814.648	3375065.335	2.849
38516814.427	3375065.390	2.849
38516814.206	3375065.457	2.849
38516813.995	3375065.512	2.850
38516813.774	3375065.578	2.850
38516813.525	3375065.644	2.851
38516813.304	3375065.699	2.851
38516813.092	3375065.765	2.852
38516812.881	3375065.820	2.852
38516812.679	3375065.887	2.852
38516812.468	3375065.942	2.853
38516812.257	3375066.008	2.853
38516812.055	3375066.063	2.854
38516811.815	3375066.129	2.855
38516811.613	3375066.195	2.855
38516811.411	3375066.250	2.856
38516811.200	3375066.306	2.857
38516810.970	3375066.372	2.858
38516810.768	3375066.427	2.860
38516810.566	3375066.493	2.861
38516810.336	3375066.559	2.862
38516810.105	3375066.614	2.863
38516809.884	3375066.680	2.864
38516809.683	3375066.736	2.865
38516809.462	3375066.802	2.867
38516809.231	3375066.857	2.868
38516808.982	3375066.923	2.869
38516808.751	3375066.978	2.869
38516808.501	3375067.044	2.869
38516808.280	3375067.099	2.870
38516808.031	3375067.165	2.871
38516807.810	3375067.220	2.871
38516807.599	3375067.276	2.871
38516807.349	3375067.342	2.871
38516807.138	3375067.397	2.871
38516806.917	3375067.441	2.870
38516806.677	3375067.507	2.869
38516806.465	3375067.562	2.868
38516806.254	3375067.617	2.867
38516806.043	3375067.672	2.866
38516805.841	3375067.727	2.864
38516805.630	3375067.794	2.863
38516805.418	3375067.849	2.861
38516805.217	3375067.904	2.859
38516805.015	3375067.959	2.857
38516804.813	3375068.025	2.855
38516804.612	3375068.080	2.852
38516804.410	3375068.135	2.849
38516804.208	3375068.190	2.846
38516804.006	3375068.257	2.844
38516803.757	3375068.334	2.840
38516803.536	3375068.400	2.837
38516803.315	3375068.466	2.834
38516803.065	3375068.532	2.830
38516802.873	3375068.599	2.827
38516802.681	3375068.665	2.823
38516802.431	3375068.742	2.818
38516802.220	3375068.808	2.814
38516802.009	3375068.885	2.810
38516801.797	3375068.952	2.806
38516801.586	3375069.029	2.801
38516801.384	3375069.095	2.797
38516801.173	3375069.172	2.792
38516800.971	3375069.239	2.787
38516800.770	3375069.316	2.782
38516800.577	3375069.382	2.776
38516800.376	3375069.459	2.770
38516800.184	3375069.537	2.765
38516799.991	3375069.603	2.757
38516799.799	3375069.680	2.748
38516799.588	3375069.758	2.740
38516799.377	3375069.846	2.730
38516799.175	3375069.923	2.722
38516798.973	3375070.012	2.713
38516798.771	3375070.100	2.706
38516798.579	3375070.188	2.696
38516798.387	3375070.277	2.688
38516798.195	3375070.365	2.679
38516797.993	3375070.465	2.669
38516797.801	3375070.553	2.662
38516797.619	3375070.652	2.655
38516797.426	3375070.752	2.645
38516797.244	3375070.851	2.637
38516797.052	3375070.951	2.628
38516796.859	3375071.061	2.619
38516796.677	3375071.172	2.610
38516796.485	3375071.272	2.603
38516796.302	3375071.382	2.594
38516796.129	3375071.493	2.586
38516795.947	3375071.603	2.578
38516795.754	3375071.714	2.570
38516795.562	3375071.835	2.564
38516795.389	3375071.946	2.557
38516795.197	3375072.068	2.550
38516795.014	3375072.178	2.545
38516794.832	3375072.300	2.541
38516794.649	3375072.422	2.539
38516794.476	3375072.543	2.539
38516794.284	3375072.676	2.542
38516794.101	3375072.798	2.546
38516793.928	3375072.908	2.552
38516793.755	3375073.030	2.560
38516793.573	3375073.141	2.568
38516793.381	3375073.262	2.580
38516793.198	3375073.373	2.593
38516793.025	3375073.483	2.607
38516792.823	3375073.594	2.625
38516792.641	3375073.705	2.647
38516792.458	3375073.804	2.671
38516792.266	3375073.903	2.698
38516792.074	3375073.992	2.727
38516791.882	3375074.080	2.758
38516791.680	3375074.169	2.796
38516791.478	3375074.235	2.833
38516791.286	3375074.301	2.870
38516791.075	3375074.367	2.914
38516790.864	3375074.411	2.959
38516790.643	3375074.455	3.007
38516790.441	3375074.488	3.050
38516790.239	3375074.510	3.104
38516790.028	3375074.521	-3.127
38516789.827	3375074.521	-3.075
38516789.615	3375074.498	-3.023
38516789.414	3375074.476	-2.969
38516789.212	3375074.453	-2.913
38516789.001	3375074.408	-2.857
38516788.780	3375074.342	-2.797
38516788.579	3375074.275	-2.728
38516788.368	3375074.186	-2.658
38516788.186	3375074.097	-2.591
38516788.003	3375073.986	-2.523
38516787.821	3375073.863	-2.455
38516787.658	3375073.741	-2.387
38516787.495	3375073.597	-2.324
38516787.351	3375073.441	-2.247
38516787.217	3375073.275	-2.178
38516787.083	3375073.097	-2.107
38516786.968	3375072.920	-2.037
38516786.872	3375072.742	-1.973
38516786.786	3375072.542	-1.909
38516786.719	3375072.354	-1.845
38516786.653	3375072.143	-1.767
38516786.605	3375071.910	-1.695
38516786.576	3375071.711	-1.624
38516786.558	3375071.478	-1.552
38516786.558	3375071.256	-1.488
38516786.578	3375071.023	-1.411
38516786.607	3375070.813	-1.350
38516786.645	3375070.613	-1.289
38516786.703	3375070.403	-1.230
38516786.771	3375070.203	-1.171
38516786.838	3375070.015	-1.127
38516786.925	3375069.816	-1.064
38516787.031	3375069.616	-1.011
38516787.146	3375069.428	-0.958
38516787.281	3375069.240	-0.906
38516787.416	3375069.062	-0.856
38516787.550	3375068.896	-0.818
38516787.695	3375068.741	-0.775
38516787.839	3375068.597	-0.723
38516787.993	3375068.454	-0.693
38516788.175	3375068.299	-0.645
38516788.339	3375068.177	-0.610
38516788.512	3375068.055	-0.576
38516788.685	3375067.934	-0.548
38516788.896	3375067.801	-0.515
38516789.098	3375067.690	-0.480
38516789.290	3375067.591	-0.456
38516789.482	3375067.491	-0.427
38516789.674	3375067.403	-0.403
38516789.876	3375067.315	-0.382
38516790.068	3375067.237	-0.358
38516790.270	3375067.160	-0.335
38516790.481	3375067.083	-0.317
38516790.683	3375067.017	-0.300
38516790.894	3375066.950	-0.285
38516791.096	3375066.884	-0.273
38516791.336	3375066.818	-0.265
38516791.548	3375066.763	-0.255
38516791.749	3375066.708	-0.249
38516791.989	3375066.653	-0.245
38516792.201	3375066.598	-0.241
38516792.412	3375066.554	-0.239
38516792.652	3375066.499	-0.238
38516792.863	3375066.443	-0.237
38516793.075	3375066.399	-0.236
38516793.286	3375066.344	-0.235
38516793.526	3375066.289	-0.235
38516793.737	3375066.245	-0.234
38516793.949	3375066.190	-0.235
38516794.160	3375066.146	-0.235
38516794.371	3375066.091	-0.236
38516794.582	3375066.047	-0.237
38516794.784	3375065.992	-0.238
38516794.995	3375065.948	-0.239
38516795.207	3375065.893	-0.241
38516795.418	3375065.849	-0.242
38516795.629	3375065.805	-0.243
38516795.840	3375065.750	-0.244
38516796.042	3375065.695	-0.246
38516796.253	3375065.650	-0.248
38516796.465	3375065.595	-0.250
38516796.666	3375065.551	-0.252
38516796.878	3375065.496	-0.254
38516797.118	3375065.441	-0.257
38516797.348	3375065.375	-0.258
38516797.560	3375065.331	-0.261
38516797.771	3375065.276	-0.263
38516797.973	3375065.221	-0.265
38516798.184	3375065.166	-0.268
38516798.386	3375065.111	-0.270
38516798.597	3375065.055	-0.272
38516798.808	3375065.000	-0.274
38516799.010	3375064.945	-0.277
38516799.221	3375064.890	-0.278
38516799.423	3375064.835	-0.280
38516799.625	3375064.780	-0.282
38516799.826	3375064.725	-0.283
38516800.028	3375064.670	-0.284
38516800.239	3375064.603	-0.284
38516800.460	3375064.537	-0.285
38516800.671	3375064.482	-0.284
38516800.873	3375064.427	-0.284
38516801.104	3375064.361	-0.284
38516801.305	3375064.306	-0.284
38516801.517	3375064.240	-0.284
38516801.747	3375064.173	-0.284
38516801.958	3375064.118	-0.283
38516802.160	3375064.052	-0.283
38516802.362	3375063.997	-0.282
38516802.564	3375063.942	-0.283
38516802.765	3375063.887	-0.282
38516802.967	3375063.832	-0.282
38516803.169	3375063.777	-0.282
38516803.370	3375063.721	-0.282
