1098.780	-12.962	-0.037
1099.113	-12.974	-0.037
1099.446	-12.986	-0.037
1099.779	-12.998	-0.037
1100.114	-13.011	-0.037
1100.450	-13.023	-0.037
1100.787	-13.035	-0.037
1101.127	-13.048	-0.037
1101.470	-13.061	-0.037
1101.815	-13.073	-0.037
1102.163	-13.086	-0.037
1102.514	-13.099	-0.037
1102.869	-13.112	-0.037
1103.227	-13.125	-0.037
1103.589	-13.138	-0.037
1103.955	-13.152	-0.037
1104.325	-13.165	-0.037
1104.698	-13.179	-0.037
1105.076	-13.193	-0.037
1105.458	-13.207	-0.037
1105.845	-13.221	-0.037
1106.236	-13.235	-0.037
1106.631	-13.250	-0.037
1107.031	-13.264	-0.037
1107.232	-13.272	-0.037
1107.435	-13.279	-0.037
1107.639	-13.286	-0.036
1107.844	-13.294	-0.036
1108.050	-13.301	-0.036
1108.257	-13.309	-0.036
1108.465	-13.317	-0.036
1108.675	-13.324	-0.036
1108.886	-13.332	-0.036
1109.097	-13.340	-0.036
1109.311	-13.347	-0.036
1109.525	-13.355	-0.036
1109.740	-13.363	-0.036
1109.957	-13.371	-0.036
1110.174	-13.379	-0.036
1110.393	-13.387	-0.036
1110.613	-13.395	-0.036
1110.835	-13.403	-0.036
1111.057	-13.411	-0.036
1111.281	-13.419	-0.036
1111.505	-13.427	-0.036
1111.731	-13.435	-0.036
1111.959	-13.443	-0.036
1112.187	-13.452	-0.036
1112.416	-13.460	-0.036
1112.647	-13.468	-0.036
1112.879	-13.476	-0.036
1113.112	-13.485	-0.036
1113.346	-13.493	-0.036
1113.582	-13.502	-0.036
1113.819	-13.510	-0.036
1114.056	-13.519	-0.036
1114.295	-13.528	-0.036
1114.536	-13.536	-0.036
1114.777	-13.545	-0.036
1115.020	-13.554	-0.036
1115.264	-13.562	-0.036
1115.509	-13.571	-0.036
1115.755	-13.580	-0.036
1116.002	-13.589	-0.036
1116.251	-13.598	-0.036
1116.501	-13.607	-0.036
1116.752	-13.616	-0.036
1117.004	-13.625	-0.036
1117.257	-13.634	-0.036
1117.512	-13.643	-0.036
1117.767	-13.652	-0.036
1118.024	-13.661	-0.036
1118.283	-13.670	-0.036
1118.542	-13.679	-0.036
1118.802	-13.689	-0.036
1119.064	-13.698	-0.036
1119.327	-13.707	-0.036
1119.591	-13.717	-0.036
1119.857	-13.726	-0.036
1120.123	-13.736	-0.036
1120.391	-13.745	-0.035
1120.660	-13.755	-0.035
1120.930	-13.764	-0.035
1121.201	-13.774	-0.035
1121.474	-13.783	-0.035
1121.748	-13.793	-0.035
1122.022	-13.803	-0.035
1122.299	-13.813	-0.035
1122.576	-13.822	-0.035
1122.854	-13.832	-0.035
1123.134	-13.842	-0.035
1123.415	-13.852	-0.035
1123.697	-13.862	-0.035
1123.980	-13.872	-0.035
1124.264	-13.882	-0.035
1124.549	-13.892	-0.035
1124.836	-13.902	-0.035
1125.123	-13.912	-0.035
1125.412	-13.922	-0.035
1125.702	-13.932	-0.035
1125.993	-13.942	-0.035
1126.284	-13.952	-0.035
1126.577	-13.962	-0.035
1126.871	-13.973	-0.035
1127.166	-13.983	-0.035
1127.462	-13.993	-0.035
1127.759	-14.003	-0.035
1128.057	-14.014	-0.035
1128.355	-14.024	-0.035
1128.655	-14.034	-0.035
1128.956	-14.045	-0.035
1129.257	-14.055	-0.035
1129.560	-14.066	-0.034
1129.863	-14.076	-0.034
1130.167	-14.087	-0.034
1130.472	-14.097	-0.034
1130.778	-14.107	-0.034
1131.085	-14.118	-0.034
1131.392	-14.129	-0.034
1131.701	-14.139	-0.034
1132.010	-14.150	-0.034
1132.320	-14.160	-0.034
1132.631	-14.171	-0.034
1132.942	-14.181	-0.034
1133.254	-14.192	-0.034
1133.567	-14.203	-0.034
1133.881	-14.213	-0.034
1134.196	-14.224	-0.034
1134.511	-14.235	-0.034
1134.827	-14.245	-0.034
1135.143	-14.256	-0.034
1135.460	-14.267	-0.034
1135.778	-14.277	-0.034
1136.097	-14.288	-0.034
1136.416	-14.299	-0.034
1136.736	-14.310	-0.034
1137.056	-14.320	-0.034
1137.378	-14.331	-0.034
1137.699	-14.342	-0.033
1138.022	-14.353	-0.033
1138.344	-14.363	-0.033
1138.668	-14.374	-0.033
1138.992	-14.385	-0.033
1139.317	-14.396	-0.033
1139.642	-14.407	-0.033
1139.968	-14.417	-0.033
1140.294	-14.428	-0.033
1140.621	-14.439	-0.033
1140.948	-14.450	-0.033
1141.276	-14.461	-0.033
1141.604	-14.471	-0.033
1141.933	-14.482	-0.033
1142.263	-14.493	-0.033
1142.593	-14.504	-0.033
1142.923	-14.515	-0.033
1143.254	-14.525	-0.033
1143.585	-14.536	-0.033
1143.917	-14.547	-0.033
1144.249	-14.558	-0.033
1144.582	-14.569	-0.032
1144.915	-14.579	-0.032
1145.248	-14.590	-0.032
1145.582	-14.601	-0.032
1145.916	-14.612	-0.032
1146.251	-14.623	-0.032
1146.586	-14.633	-0.032
1146.922	-14.644	-0.032
1147.258	-14.655	-0.032
1147.594	-14.666	-0.032
1147.931	-14.676	-0.032
1148.268	-14.687	-0.032
1148.606	-14.698	-0.032
1148.943	-14.709	-0.032
1149.282	-14.719	-0.032
1149.620	-14.730	-0.032
1149.959	-14.741	-0.032
1150.298	-14.751	-0.032
1150.638	-14.762	-0.032
1150.978	-14.773	-0.031
1151.318	-14.784	-0.031
1151.659	-14.794	-0.031
1151.999	-14.805	-0.031
1152.341	-14.816	-0.031
1152.682	-14.826	-0.031
1153.024	-14.837	-0.031
1153.366	-14.847	-0.031
1153.708	-14.858	-0.031
1154.051	-14.869	-0.031
1154.394	-14.879	-0.031
1154.737	-14.890	-0.031
1155.081	-14.900	-0.031
1155.425	-14.911	-0.031
1155.769	-14.922	-0.031
1156.113	-14.932	-0.031
1156.458	-14.943	-0.031
1156.803	-14.953	-0.030
1157.148	-14.964	-0.030
1157.493	-14.974	-0.030
1157.839	-14.985	-0.030
1158.184	-14.995	-0.030
1158.530	-15.005	-0.030
1158.877	-15.016	-0.030
1159.223	-15.026	-0.030
1159.570	-15.037	-0.030
1159.917	-15.047	-0.030
1160.264	-15.057	-0.030
1160.612	-15.068	-0.030
1160.959	-15.078	-0.030
1161.307	-15.088	-0.030
1161.655	-15.099	-0.030
1162.004	-15.109	-0.030
1162.352	-15.119	-0.029
1162.701	-15.130	-0.029
1163.050	-15.140	-0.029
1163.399	-15.150	-0.029
1163.748	-15.160	-0.029
1164.097	-15.170	-0.029
1164.447	-15.181	-0.029
1164.797	-15.191	-0.029
1165.147	-15.201	-0.029
1165.497	-15.211	-0.029
1165.847	-15.221	-0.029
1166.197	-15.231	-0.029
1166.548	-15.241	-0.029
1166.899	-15.251	-0.029
1167.250	-15.261	-0.029
1167.601	-15.271	-0.028
1167.952	-15.281	-0.028
1168.304	-15.291	-0.028
1168.655	-15.301	-0.028
1169.007	-15.311	-0.028
1169.360	-15.321	-0.028
1169.712	-15.331	-0.028
1170.065	-15.341	-0.028
1170.419	-15.350	-0.028
1170.772	-15.360	-0.028
1171.127	-15.370	-0.028
1171.482	-15.380	-0.028
1171.837	-15.390	-0.028
1172.193	-15.399	-0.027
1172.549	-15.409	-0.027
1172.906	-15.419	-0.027
1173.264	-15.429	-0.027
1173.622	-15.438	-0.027
1173.981	-15.448	-0.027
1174.340	-15.458	-0.027
1174.700	-15.468	-0.027
1175.061	-15.477	-0.027
1175.422	-15.487	-0.027
1175.784	-15.497	-0.027
1176.147	-15.506	-0.027
1176.510	-15.516	-0.027
1176.874	-15.526	-0.026
1177.239	-15.535	-0.026
1177.604	-15.545	-0.026
1177.969	-15.554	-0.026
1178.336	-15.564	-0.026
1178.703	-15.574	-0.026
1179.071	-15.583	-0.026
1179.439	-15.593	-0.026
1179.808	-15.602	-0.026
1180.178	-15.612	-0.026
1180.548	-15.621	-0.026
1180.919	-15.631	-0.026
1181.290	-15.640	-0.025
1181.663	-15.650	-0.025
1182.035	-15.659	-0.025
1182.409	-15.669	-0.025
1182.783	-15.678	-0.025
1183.157	-15.687	-0.025
1183.533	-15.697	-0.025
1183.909	-15.706	-0.025
1184.285	-15.716	-0.025
1184.662	-15.725	-0.025
1185.040	-15.734	-0.025
1185.418	-15.743	-0.025
1185.797	-15.753	-0.024
1186.176	-15.762	-0.024
1186.556	-15.771	-0.024
1186.936	-15.780	-0.024
1187.317	-15.790	-0.024
1187.699	-15.799	-0.024
1188.081	-15.808	-0.024
1188.463	-15.817	-0.024
1188.846	-15.826	-0.024
1189.230	-15.835	-0.024
1189.614	-15.844	-0.023
1189.999	-15.853	-0.023
1190.384	-15.862	-0.023
1190.769	-15.871	-0.023
1191.155	-15.880	-0.023
1191.542	-15.889	-0.023
1191.929	-15.898	-0.023
1192.316	-15.907	-0.023
1192.704	-15.915	-0.023
1193.092	-15.924	-0.023
1193.481	-15.933	-0.022
1193.870	-15.942	-0.022
1194.260	-15.950	-0.022
1194.650	-15.959	-0.022
1195.040	-15.968	-0.022
1195.431	-15.976	-0.022
1195.822	-15.985	-0.022
1196.214	-15.993	-0.022
1196.605	-16.002	-0.022
1196.998	-16.010	-0.021
1197.391	-16.019	-0.021
1197.784	-16.027	-0.021
1198.177	-16.035	-0.021
1198.571	-16.044	-0.021
1198.965	-16.052	-0.021
1199.360	-16.060	-0.021
1199.755	-16.069	-0.021
1200.150	-16.077	-0.021
1200.545	-16.085	-0.020
1200.941	-16.093	-0.020
1201.337	-16.101	-0.020
1201.734	-16.109	-0.020
1202.131	-16.117	-0.020
1202.528	-16.125	-0.020
1202.925	-16.133	-0.020
1203.323	-16.141	-0.020
1203.721	-16.149	-0.020
1204.120	-16.156	-0.019
1204.518	-16.164	-0.019
1204.917	-16.172	-0.019
1205.316	-16.179	-0.019
1205.716	-16.187	-0.019
1206.115	-16.195	-0.019
1206.515	-16.202	-0.019
1206.916	-16.210	-0.019
1207.316	-16.217	-0.018
1207.717	-16.225	-0.018
1208.118	-16.232	-0.018
1208.519	-16.239	-0.018
1208.921	-16.246	-0.018
1209.322	-16.254	-0.018
1209.724	-16.261	-0.018
1210.127	-16.268	-0.018
1210.529	-16.275	-0.017
1210.932	-16.282	-0.017
1211.335	-16.289	-0.017
1211.738	-16.296	-0.017
1212.141	-16.303	-0.017
1212.544	-16.310	-0.017
1212.948	-16.317	-0.017
1213.352	-16.323	-0.017
1213.756	-16.330	-0.016
1214.161	-16.337	-0.016
1214.565	-16.343	-0.016
1214.970	-16.350	-0.016
1215.375	-16.356	-0.016
1215.780	-16.363	-0.016
1216.185	-16.369	-0.016
1216.591	-16.376	-0.016
1216.996	-16.382	-0.015
1217.402	-16.388	-0.015
1217.808	-16.394	-0.015
1218.214	-16.401	-0.015
1218.621	-16.407	-0.015
1219.027	-16.413	-0.015
1219.434	-16.419	-0.015
1219.841	-16.425	-0.014
1220.248	-16.431	-0.014
1220.655	-16.436	-0.014
1221.062	-16.442	-0.014
1221.469	-16.448	-0.014
1221.877	-16.454	-0.014
1222.285	-16.459	-0.014
1222.693	-16.465	-0.013
1223.101	-16.470	-0.013
1223.509	-16.476	-0.013
1223.917	-16.481	-0.013
1224.325	-16.487	-0.013
1224.734	-16.492	-0.013
1225.143	-16.497	-0.013
1225.551	-16.502	-0.012
1225.960	-16.507	-0.012
1226.370	-16.512	-0.012
1226.779	-16.517	-0.012
1227.188	-16.522	-0.012
1227.598	-16.527	-0.012
1228.008	-16.532	-0.012
1228.418	-16.537	-0.011
1228.829	-16.542	-0.011
1229.241	-16.546	-0.011
1229.652	-16.551	-0.011
1230.064	-16.555	-0.011
1230.477	-16.560	-0.011
1230.890	-16.564	-0.011
1231.304	-16.569	-0.010
1231.718	-16.573	-0.010
1232.133	-16.577	-0.010
1232.548	-16.582	-0.010
1232.964	-16.586	-0.010
1233.380	-16.590	-0.010
1233.797	-16.594	-0.010
1234.215	-16.598	-0.009
1234.633	-16.602	-0.009
1235.052	-16.606	-0.009
1235.472	-16.609	-0.009
1235.892	-16.613	-0.009
1236.312	-16.617	-0.009
1236.734	-16.621	-0.008
1237.156	-16.624	-0.008
1237.578	-16.628	-0.008
1238.001	-16.631	-0.008
1238.425	-16.634	-0.008
1238.850	-16.638	-0.008
1239.275	-16.641	-0.007
1239.700	-16.644	-0.007
1240.127	-16.647	-0.007
1240.554	-16.650	-0.007
1240.981	-16.653	-0.007
1241.409	-16.656	-0.007
1241.838	-16.659	-0.006
1242.267	-16.662	-0.006
1242.697	-16.665	-0.006
1243.128	-16.667	-0.006
1243.559	-16.670	-0.006
1243.991	-16.672	-0.006
1244.423	-16.675	-0.005
1244.856	-16.677	-0.005
1245.289	-16.680	-0.005
1245.723	-16.682	-0.005
1246.158	-16.684	-0.005
1246.593	-16.686	-0.005
1247.029	-16.688	-0.004
1247.465	-16.690	-0.004
1247.902	-16.692	-0.004
1248.339	-16.694	-0.004
1248.777	-16.695	-0.004
1249.215	-16.697	-0.003
1249.654	-16.699	-0.003
1250.094	-16.700	-0.003
1250.533	-16.701	-0.003
1250.974	-16.703	-0.003
1251.415	-16.704	-0.003
1251.856	-16.705	-0.002
1252.298	-16.706	-0.002
1252.740	-16.707	-0.002
1253.183	-16.708	-0.002
1253.626	-16.709	-0.002
1254.070	-16.710	-0.001
1254.514	-16.710	-0.001
1254.958	-16.711	-0.001
1255.403	-16.712	-0.001
1255.848	-16.712	-0.001
1256.294	-16.712	-0.000
1256.740	-16.712	-0.000
1257.187	-16.713	-0.000
1257.634	-16.713	0.000
1258.081	-16.713	0.000
1258.529	-16.713	0.001
1258.977	-16.712	0.001
1259.425	-16.712	0.001
1259.874	-16.712	0.001
1260.323	-16.711	0.001
1260.773	-16.711	0.002
1261.223	-16.710	0.002
1261.673	-16.709	0.002
1262.124	-16.708	0.002
1262.575	-16.707	0.002
1263.026	-16.706	0.003
1263.478	-16.705	0.003
1263.930	-16.704	0.003
1264.382	-16.703	0.003
1264.834	-16.701	0.004
1265.287	-16.700	0.004
1265.740	-16.698	0.004
1266.194	-16.697	0.004
1266.648	-16.695	0.004
1267.102	-16.693	0.005
1267.556	-16.691	0.005
1268.011	-16.689	0.005
1268.465	-16.687	0.005
1268.921	-16.684	0.005
1269.376	-16.682	0.006
1269.832	-16.679	0.006
1270.287	-16.677	0.006
1270.743	-16.674	0.006
1271.199	-16.671	0.007
1271.656	-16.668	0.007
1272.112	-16.665	0.007
1272.568	-16.662	0.007
1273.024	-16.659	0.007
1273.480	-16.656	0.008
1273.935	-16.652	0.008
1274.391	-16.649	0.008
1274.846	-16.645	0.008
1275.301	-16.642	0.009
1275.757	-16.638	0.009
1276.211	-16.634	0.009
1276.666	-16.630	0.009
1277.121	-16.626	0.010
1277.575	-16.622	0.010
1278.030	-16.617	0.010
1278.484	-16.613	0.010
1278.938	-16.608	0.010
1279.392	-16.604	0.011
1279.846	-16.599	0.011
1280.299	-16.594	0.011
1280.753	-16.589	0.011
1281.206	-16.584	0.012
1281.659	-16.579	0.012
1282.112	-16.574	0.012
1282.565	-16.568	0.012
1283.017	-16.563	0.013
1283.468	-16.557	0.013
1283.918	-16.551	0.013
1284.367	-16.546	0.013
1284.813	-16.540	0.014
1285.257	-16.534	0.014
1285.699	-16.528	0.014
1286.138	-16.522	0.014
1286.574	-16.516	0.015
1287.008	-16.510	0.015
1287.439	-16.503	0.015
1287.867	-16.497	0.015
1288.293	-16.491	0.016
1288.716	-16.484	0.016
1289.136	-16.478	0.016
1289.554	-16.471	0.016
1289.969	-16.465	0.017
1290.381	-16.458	0.017
1290.791	-16.452	0.017
1291.198	-16.445	0.017
1291.602	-16.438	0.018
1292.004	-16.431	0.018
1292.403	-16.424	0.018
1292.799	-16.417	0.018
1293.193	-16.410	0.019
1293.584	-16.403	0.019
1293.973	-16.396	0.019
1294.359	-16.389	0.019
1294.742	-16.382	0.020
1295.123	-16.374	0.020
1295.501	-16.367	0.020
1295.876	-16.360	0.020
1296.249	-16.352	0.020
1296.620	-16.345	0.021
1296.987	-16.337	0.021
1297.352	-16.330	0.021
1297.715	-16.322	0.021
1298.075	-16.315	0.021
1298.432	-16.307	0.022
1298.787	-16.299	0.022
1299.139	-16.292	0.022
1299.488	-16.284	0.022
1299.835	-16.276	0.022
1300.179	-16.269	0.023
1300.520	-16.261	0.023
1300.859	-16.253	0.023
1301.195	-16.246	0.023
1301.529	-16.238	0.023
1301.860	-16.230	0.024
1302.188	-16.222	0.024
1302.514	-16.215	0.024
1302.837	-16.207	0.024
1303.158	-16.199	0.024
1303.476	-16.191	0.025
1303.791	-16.183	0.025
1304.104	-16.176	0.025
1304.414	-16.168	0.025
1304.721	-16.160	0.025
1305.026	-16.153	0.025
1305.329	-16.145	0.026
1305.628	-16.137	0.026
1305.925	-16.129	0.026
1306.220	-16.122	0.026
1306.511	-16.114	0.026
1306.801	-16.106	0.026
1307.087	-16.099	0.027
1307.371	-16.091	0.027
1307.653	-16.084	0.027
1307.931	-16.076	0.027
1308.207	-16.069	0.027
1308.481	-16.061	0.027
1308.752	-16.054	0.027
1309.020	-16.046	0.028
1309.286	-16.039	0.028
1309.549	-16.031	0.028
1309.810	-16.024	0.028
1310.067	-16.017	0.028
1310.323	-16.009	0.028
1310.575	-16.002	0.028
1310.825	-15.995	0.029
1311.073	-15.988	0.029
1311.318	-15.981	0.029
1311.560	-15.974	0.029
1311.800	-15.967	0.029
1312.037	-15.960	0.029
1312.271	-15.953	0.029
1312.503	-15.946	0.029
1312.732	-15.939	0.030
1312.959	-15.932	0.030
1313.183	-15.925	0.030
1313.404	-15.919	0.030
1313.623	-15.912	0.030
1313.839	-15.905	0.030
1314.053	-15.899	0.030
1314.264	-15.892	0.030
1314.472	-15.886	0.031
1314.678	-15.879	0.031
1314.881	-15.873	0.031
1315.082	-15.867	0.031
1315.475	-15.854	0.031
1315.858	-15.842	0.031
1316.230	-15.830	0.031
1316.592	-15.819	0.032
1316.944	-15.807	0.032
1317.285	-15.796	0.032
1317.616	-15.786	0.032
1317.937	-15.775	0.032
1318.247	-15.765	0.032
1318.547	-15.755	0.033
1318.836	-15.745	0.033
1319.115	-15.736	0.033
1319.384	-15.727	0.033
1319.643	-15.718	0.033
1319.892	-15.710	0.033
1320.131	-15.702	0.033
1320.362	-15.694	0.033
1320.583	-15.687	0.033
1320.796	-15.679	0.033
1320.998	-15.672	0.034
1321.282	-15.663	0.034
1321.542	-15.654	0.034
1321.780	-15.646	0.034
1321.993	-15.639	0.034
1322.242	-15.630	0.034
1322.449	-15.623	0.034
1322.650	-15.617	0.033
1322.867	-15.610	0.033
1323.075	-15.604	0.033
1323.279	-15.598	0.032
1323.493	-15.591	0.032
1323.694	-15.586	0.032
1323.902	-15.579	0.031
1324.107	-15.573	0.031
1324.312	-15.567	0.031
1324.526	-15.561	0.031
1324.728	-15.554	0.031
1324.940	-15.548	0.031
1325.164	-15.541	0.031
1325.380	-15.534	0.031
1325.626	-15.526	0.032
1325.843	-15.518	0.032
1326.079	-15.510	0.032
1326.333	-15.502	0.032
1326.536	-15.495	0.033
1326.750	-15.487	0.033
1326.975	-15.479	0.033
1327.210	-15.471	0.034
1327.456	-15.462	0.034
1327.713	-15.453	0.034
1327.981	-15.443	0.035
1328.259	-15.433	0.035
1328.548	-15.422	0.036
1328.848	-15.411	0.036
1329.054	-15.403	0.036
1329.264	-15.395	0.037
1329.480	-15.387	0.037
1329.700	-15.378	0.037
1329.925	-15.369	0.037
1330.155	-15.360	0.038
1330.389	-15.351	0.038
1330.629	-15.341	0.038
1330.873	-15.332	0.039
1331.122	-15.322	0.039
1331.375	-15.311	0.039
1331.634	-15.301	0.040
1331.897	-15.290	0.040
1332.165	-15.278	0.040
1332.438	-15.267	0.041
1332.716	-15.255	0.041
1332.998	-15.243	0.041
1333.286	-15.231	0.042
1333.578	-15.218	0.042
1333.875	-15.205	0.042
1334.176	-15.192	0.043
1334.483	-15.178	0.043
1334.794	-15.164	0.043
1335.110	-15.150	0.044
1335.430	-15.136	0.044
1335.756	-15.121	0.045
1336.086	-15.105	0.045
1336.422	-15.090	0.045
1336.761	-15.074	0.046
1337.106	-15.058	0.046
1337.456	-15.041	0.046
1337.810	-15.024	0.047
1338.169	-15.007	0.047
1338.533	-14.989	0.048
1338.901	-14.971	0.048
1339.275	-14.952	0.048
1339.653	-14.934	0.049
1340.036	-14.914	0.049
1340.424	-14.895	0.050
1340.816	-14.875	0.050
1341.214	-14.854	0.051
1341.414	-14.844	0.051
1341.616	-14.833	0.051
1341.818	-14.823	0.051
1342.023	-14.812	0.051
1342.228	-14.801	0.052
1342.434	-14.790	0.052
1342.642	-14.779	0.052
1342.851	-14.768	0.052
1343.061	-14.757	0.052
1343.272	-14.745	0.053
1343.484	-14.734	0.053
1343.698	-14.722	0.053
1343.913	-14.711	0.053
1344.129	-14.699	0.054
1344.346	-14.687	0.054
1344.564	-14.675	0.054
1344.784	-14.663	0.054
1345.004	-14.651	0.055
1345.226	-14.638	0.055
1345.450	-14.626	0.055
1345.674	-14.613	0.055
1345.899	-14.600	0.055
1346.126	-14.588	0.056
1346.354	-14.575	0.056
1346.583	-14.562	0.056
1346.814	-14.548	0.056
1347.045	-14.535	0.057
1347.278	-14.522	0.057
1347.512	-14.508	0.057
1347.747	-14.494	0.057
1347.983	-14.480	0.058
1348.220	-14.466	0.058
1348.459	-14.452	0.058
1348.699	-14.438	0.058
1348.940	-14.424	0.059
1349.182	-14.409	0.059
1349.426	-14.395	0.059
1349.670	-14.380	0.059
1349.916	-14.365	0.060
1350.163	-14.350	0.060
1350.411	-14.335	0.060
1350.661	-14.319	0.061
1350.911	-14.304	0.061
1351.163	-14.288	0.061
1351.416	-14.273	0.061
1351.670	-14.257	0.062
1351.926	-14.241	0.062
1352.182	-14.225	0.062
1352.440	-14.208	0.062
1352.699	-14.192	0.063
1352.959	-14.175	0.063
1353.220	-14.158	0.063
1353.483	-14.141	0.064
1353.747	-14.124	0.064
1354.011	-14.107	0.064
1354.278	-14.090	0.064
1354.545	-14.072	0.065
1354.813	-14.055	0.065
1355.083	-14.037	0.065
1355.354	-14.019	0.066
1355.626	-14.001	0.066
1355.899	-13.982	0.066
1356.173	-13.964	0.067
1356.449	-13.945	0.067
1356.726	-13.927	0.067
1357.004	-13.908	0.067
1357.283	-13.888	0.068
1357.563	-13.869	0.068
1357.845	-13.850	0.068
1358.128	-13.830	0.069
1358.412	-13.810	0.069
1358.697	-13.790	0.069
1358.983	-13.770	0.070
1359.270	-13.750	0.070
1359.559	-13.729	0.070
1359.849	-13.709	0.071
1360.140	-13.688	0.071
1360.432	-13.667	0.071
1360.726	-13.645	0.072
1361.020	-13.624	0.072
1361.316	-13.602	0.072
1361.613	-13.581	0.073
1361.911	-13.559	0.073
1362.211	-13.537	0.073
1362.511	-13.514	0.074
1362.813	-13.492	0.074
1363.116	-13.469	0.074
1363.420	-13.446	0.075
1363.725	-13.423	0.075
1364.032	-13.400	0.075
1364.339	-13.376	0.076
1364.648	-13.352	0.076
1364.958	-13.328	0.077
1365.270	-13.304	0.077
1365.582	-13.280	0.077
1365.896	-13.255	0.078
1366.210	-13.231	0.078
1366.526	-13.206	0.078
1366.844	-13.180	0.079
1367.162	-13.155	0.079
1367.481	-13.129	0.080
1367.802	-13.104	0.080
1368.124	-13.078	0.080
1368.447	-13.051	0.081
1368.771	-13.025	0.081
1369.097	-12.998	0.082
1369.423	-12.971	0.082
1369.751	-12.944	0.082
1370.080	-12.917	0.083
1370.410	-12.889	0.083
1370.742	-12.861	0.084
1371.074	-12.833	0.084
1371.408	-12.805	0.084
1371.743	-12.776	0.085
1372.079	-12.747	0.085
1372.416	-12.718	0.086
1372.755	-12.689	0.086
1373.094	-12.660	0.086
1373.435	-12.630	0.087
1373.777	-12.600	0.087
1374.120	-12.570	0.088
1374.464	-12.539	0.088
1374.810	-12.508	0.089
1375.156	-12.477	0.089
1375.504	-12.446	0.090
1375.852	-12.415	0.090
1376.202	-12.383	0.090
1376.553	-12.351	0.091
1376.904	-12.319	0.091
1377.257	-12.286	0.092
1377.611	-12.253	0.092
1377.965	-12.220	0.093
1378.321	-12.187	0.093
1378.677	-12.154	0.094
1379.035	-12.120	0.094
1379.393	-12.086	0.095
1379.752	-12.052	0.095
1380.111	-12.017	0.096
1380.472	-11.982	0.096
1380.832	-11.948	0.096
1381.193	-11.912	0.097
1381.555	-11.877	0.097
1381.917	-11.842	0.098
1382.278	-11.806	0.098
1382.640	-11.770	0.099
1383.002	-11.734	0.099
1383.363	-11.698	0.100
1383.725	-11.661	0.100
1384.086	-11.625	0.101
1384.447	-11.588	0.101
1384.808	-11.551	0.102
1385.169	-11.514	0.102
1385.530	-11.477	0.103
1385.890	-11.440	0.103
1386.250	-11.402	0.104
1386.610	-11.365	0.104
1386.970	-11.327	0.105
1387.330	-11.289	0.105
1387.689	-11.251	0.106
1388.049	-11.212	0.106
1388.408	-11.174	0.107
1388.767	-11.135	0.107
1389.125	-11.096	0.108
1389.484	-11.057	0.108
1389.842	-11.018	0.109
1390.201	-10.979	0.109
1390.559	-10.939	0.110
1390.917	-10.900	0.111
1391.274	-10.860	0.111
1391.632	-10.820	0.112
1391.989	-10.780	0.112
1392.346	-10.739	0.113
1392.703	-10.699	0.113
1393.060	-10.658	0.114
1393.416	-10.617	0.114
1393.772	-10.577	0.115
1394.127	-10.536	0.115
1394.482	-10.494	0.116
1394.837	-10.453	0.116
1395.191	-10.412	0.117
1395.544	-10.370	0.117
1395.896	-10.329	0.118
1396.248	-10.287	0.118
1396.599	-10.245	0.119
1396.949	-10.203	0.119
1397.298	-10.161	0.120
1397.647	-10.119	0.120
1397.994	-10.077	0.121
1398.341	-10.035	0.121
1398.686	-9.993	0.122
1399.031	-9.951	0.122
1399.375	-9.908	0.123
1399.718	-9.866	0.123
1400.059	-9.824	0.124
1400.400	-9.781	0.124
1400.740	-9.739	0.125
1401.079	-9.696	0.125
1401.417	-9.654	0.126
1401.753	-9.611	0.126
1402.089	-9.568	0.127
1402.423	-9.526	0.127
1402.757	-9.483	0.127
1403.090	-9.440	0.128
1403.421	-9.397	0.128
1403.751	-9.354	0.129
1404.081	-9.312	0.129
1404.409	-9.269	0.130
1404.737	-9.226	0.130
1405.063	-9.183	0.131
1405.388	-9.140	0.131
1405.712	-9.097	0.132
1406.036	-9.054	0.132
1406.358	-9.011	0.133
1406.679	-8.968	0.133
1406.999	-8.925	0.134
1407.318	-8.881	0.134
1407.636	-8.838	0.135
1407.954	-8.795	0.135
1408.270	-8.752	0.135
1408.585	-8.709	0.136
1408.899	-8.666	0.136
1409.213	-8.622	0.137
1409.525	-8.579	0.137
1409.837	-8.536	0.138
1410.147	-8.493	0.138
1410.457	-8.449	0.139
1410.766	-8.406	0.139
1411.073	-8.363	0.140
1411.380	-8.319	0.140
1411.686	-8.276	0.140
1411.992	-8.233	0.141
1412.296	-8.189	0.141
1412.599	-8.146	0.142
1412.902	-8.102	0.142
1413.204	-8.059	0.143
1413.505	-8.015	0.143
1413.805	-7.972	0.144
1414.104	-7.928	0.144
1414.403	-7.885	0.144
1414.701	-7.841	0.145
1414.998	-7.798	0.145
1415.294	-7.754	0.146
1415.589	-7.710	0.146
1415.884	-7.667	0.147
1416.178	-7.623	0.147
1416.471	-7.579	0.148
1416.763	-7.535	0.148
1417.055	-7.492	0.149
1417.346	-7.448	0.149
1417.636	-7.404	0.149
1417.926	-7.360	0.150
1418.215	-7.316	0.150
1418.503	-7.272	0.151
1418.790	-7.228	0.151
1419.077	-7.184	0.152
1419.363	-7.140	0.152
1419.648	-7.096	0.153
1419.933	-7.051	0.153
1420.217	-7.007	0.154
1420.500	-6.963	0.154
1420.783	-6.919	0.155
1421.065	-6.874	0.155
1421.347	-6.830	0.156
1421.627	-6.785	0.156
1421.908	-6.741	0.157
1422.187	-6.696	0.158
1422.466	-6.651	0.158
1422.744	-6.606	0.159
1423.022	-6.562	0.159
1423.299	-6.517	0.160
1423.575	-6.472	0.160
1423.851	-6.427	0.161
1424.127	-6.382	0.162
1424.401	-6.336	0.162
1424.675	-6.291	0.163
1424.949	-6.246	0.163
1425.221	-6.200	0.164
1425.493	-6.155	0.165
1425.765	-6.109	0.165
1426.036	-6.064	0.166
1426.306	-6.018	0.167
1426.576	-5.972	0.167
1426.845	-5.926	0.168
1427.113	-5.880	0.169
1427.381	-5.834	0.169
1427.648	-5.788	0.170
1427.914	-5.742	0.171
1428.180	-5.695	0.171
1428.445	-5.649	0.172
1428.709	-5.602	0.173
1428.973	-5.556	0.173
1429.236	-5.509	0.174
1429.498	-5.462	0.175
1429.760	-5.416	0.176
1430.021	-5.369	0.176
1430.282	-5.322	0.177
1430.542	-5.275	0.178
1430.801	-5.227	0.178
1431.060	-5.180	0.179
1431.318	-5.133	0.180
1431.576	-5.085	0.181
1431.833	-5.038	0.181
1432.089	-4.990	0.182
1432.345	-4.942	0.183
1432.600	-4.895	0.183
1432.855	-4.847	0.184
1433.109	-4.799	0.185
1433.363	-4.751	0.185
1433.616	-4.703	0.186
1433.868	-4.655	0.187
1434.119	-4.607	0.187
1434.370	-4.559	0.188
1434.621	-4.510	0.189
1434.870	-4.462	0.189
1435.119	-4.414	0.190
1435.367	-4.365	0.191
1435.614	-4.317	0.191
1435.861	-4.269	0.192
1436.106	-4.220	0.193
1436.351	-4.172	0.194
1436.595	-4.123	0.194
1436.837	-4.075	0.195
1437.079	-4.026	0.196
1437.320	-3.978	0.197
1437.560	-3.929	0.198
1437.799	-3.880	0.199
1438.037	-3.832	0.200
1438.274	-3.783	0.201
1438.510	-3.734	0.202
1438.745	-3.685	0.203
1438.978	-3.636	0.203
1439.211	-3.587	0.205
1439.442	-3.539	0.206
1439.672	-3.490	0.207
1439.901	-3.441	0.208
1440.128	-3.392	0.209
1440.355	-3.343	0.210
1440.580	-3.294	0.211
1440.803	-3.245	0.212
1441.026	-3.196	0.213
1441.247	-3.147	0.214
1441.467	-3.098	0.215
1441.685	-3.049	0.216
1441.903	-3.000	0.217
1442.118	-2.952	0.219
1442.333	-2.903	0.220
1442.546	-2.854	0.221
1442.758	-2.805	0.222
1442.968	-2.757	0.223
1443.177	-2.708	0.224
1443.384	-2.660	0.225
1443.590	-2.611	0.226
1443.795	-2.563	0.227
1443.998	-2.515	0.229
1444.199	-2.467	0.230
1444.399	-2.419	0.231
1444.598	-2.371	0.232
1444.795	-2.323	0.233
1444.991	-2.275	0.234
1445.377	-2.181	0.236
1445.758	-2.086	0.238
1446.134	-1.993	0.240
1446.503	-1.899	0.242
1446.868	-1.807	0.244
1447.226	-1.715	0.246
1447.580	-1.624	0.247
1447.928	-1.534	0.249
1448.272	-1.445	0.251
1448.610	-1.356	0.252
1448.944	-1.268	0.253
1449.274	-1.182	0.254
1449.599	-1.096	0.255
1449.919	-1.011	0.255
1450.236	-0.928	0.256
1450.549	-0.846	0.256
1450.858	-0.765	0.256
1451.164	-0.685	0.255
1451.466	-0.607	0.254
1451.765	-0.531	0.253
1452.062	-0.456	0.251
1452.355	-0.383	0.250
1452.646	-0.312	0.247
1452.935	-0.242	0.244
1453.222	-0.175	0.241
1453.507	-0.110	0.238
1453.790	-0.047	0.233
1454.071	0.014	0.229
1454.351	0.072	0.223
1454.630	0.127	0.218
1454.907	0.180	0.211
1455.183	0.230	0.205
1455.459	0.277	0.197
1455.733	0.321	0.189
1456.007	0.362	0.181
1456.280	0.399	0.172
1456.553	0.434	0.163
1456.825	0.465	0.153
1457.097	0.493	0.143
1457.368	0.517	0.133
1457.639	0.539	0.123
1457.910	0.557	0.112
1458.180	0.571	0.101
1458.449	0.583	0.090
1458.718	0.592	0.079
1458.987	0.597	0.069
1459.255	0.600	0.058
1459.522	0.601	0.048
1459.788	0.598	0.038
1460.054	0.594	0.028
1460.319	0.588	0.019
1460.584	0.579	0.010
1460.847	0.570	0.002
1461.111	0.558	-0.006
1461.373	0.546	-0.013
1461.635	0.533	-0.019
1461.897	0.520	-0.025
1462.158	0.506	-0.029
1462.419	0.491	-0.034
1462.679	0.477	-0.037
1462.938	0.463	-0.040
1463.198	0.448	-0.042
1463.456	0.435	-0.044
1463.715	0.422	-0.045
1463.973	0.409	-0.045
1464.230	0.398	-0.045
1464.487	0.387	-0.044
1464.744	0.378	-0.042
1465.000	0.369	-0.040
1465.255	0.363	-0.037
1465.511	0.357	-0.034
1465.765	0.354	-0.030
1466.019	0.352	-0.026
1466.273	0.352	-0.021
1466.525	0.354	-0.016
1466.777	0.358	-0.010
1467.029	0.364	-0.003
1467.279	0.373	0.003
1467.529	0.384	0.010
1467.778	0.397	0.018
1468.026	0.413	0.026
1468.274	0.430	0.034
1468.520	0.451	0.042
1468.766	0.473	0.051
1469.011	0.498	0.060
1469.254	0.526	0.068
1469.497	0.556	0.077
1469.739	0.588	0.087
1469.980	0.622	0.096
1470.220	0.658	0.105
1470.459	0.697	0.114
1470.697	0.738	0.123
1470.934	0.781	0.132
1471.170	0.825	0.142
1471.404	0.872	0.151
1471.638	0.921	0.160
1471.870	0.971	0.168
1472.101	1.024	0.177
1472.331	1.078	0.186
1472.559	1.133	0.194
1472.786	1.190	0.202
1473.012	1.248	0.210
1473.236	1.308	0.218
1473.459	1.369	0.226
1473.680	1.432	0.234
1473.900	1.495	0.241
1474.119	1.560	0.248
1474.336	1.625	0.255
1474.551	1.692	0.262
1474.766	1.759	0.268
1474.978	1.827	0.274
1475.189	1.896	0.281
1475.399	1.966	0.286
1475.607	2.036	0.292
1475.813	2.107	0.298
1476.018	2.178	0.303
1476.221	2.249	0.308
1476.423	2.321	0.313
1476.623	2.394	0.318
1476.822	2.466	0.322
1477.018	2.539	0.327
1477.214	2.611	0.331
1477.407	2.684	0.335
1477.599	2.757	0.339
1477.789	2.830	0.342
1477.978	2.902	0.346
1478.164	2.975	0.349
1478.441	3.083	0.353
1478.714	3.190	0.357
1478.983	3.297	0.361
1479.248	3.403	0.365
1479.509	3.508	0.368
1479.765	3.612	0.371
1480.018	3.714	0.373
1480.266	3.815	0.376
1480.509	3.915	0.378
1480.748	4.013	0.380
1480.982	4.110	0.382
1481.211	4.204	0.383
1481.435	4.297	0.385
1481.654	4.388	0.386
1481.869	4.477	0.387
1482.078	4.564	0.388
1482.282	4.649	0.389
1482.482	4.732	0.390
1482.676	4.814	0.391
1482.865	4.893	0.391
1483.050	4.970	0.392
1483.289	5.070	0.393
1483.520	5.167	0.393
1483.742	5.260	0.394
1483.957	5.350	0.394
1484.165	5.437	0.395
1484.365	5.521	0.395
1484.557	5.602	0.395
1484.742	5.679	0.396
1484.962	5.772	0.396
1485.169	5.859	0.396
1485.361	5.940	0.397
1485.568	6.027	0.397
1485.771	6.112	0.397
1485.967	6.195	0.397
1486.153	6.273	0.397
1486.341	6.352	0.397
1486.533	6.433	0.398
1486.733	6.517	0.398
1486.939	6.604	0.398
1487.136	6.688	0.398
1487.352	6.779	0.399
1487.545	6.861	0.399
1487.750	6.948	0.399
1487.966	7.040	0.400
1488.192	7.136	0.400
1488.380	7.217	0.401
1488.575	7.300	0.401
1488.777	7.387	0.402
1488.987	7.477	0.403
1489.209	7.572	0.403
1489.442	7.673	0.404
1489.627	7.753	0.404
1489.819	7.836	0.405
1490.020	7.923	0.405
1490.230	8.014	0.406
1490.449	8.110	0.407
1490.677	8.209	0.407
1490.914	8.313	0.408
1491.161	8.420	0.409
1491.417	8.533	0.410
1491.682	8.649	0.410
1491.958	8.770	0.411
1492.146	8.854	0.412
1492.340	8.939	0.412
1492.537	9.026	0.413
1492.739	9.116	0.414
1492.944	9.207	0.414
1493.154	9.300	0.415
1493.369	9.395	0.415
1493.587	9.493	0.416
1493.809	9.592	0.417
1494.034	9.693	0.417
1494.263	9.795	0.418
1494.496	9.900	0.419
1494.732	10.006	0.419
1494.970	10.113	0.420
1495.212	10.222	0.421
1495.457	10.332	0.421
1495.704	10.444	0.422
1495.953	10.557	0.423
1496.205	10.671	0.423
1496.459	10.786	0.424
1496.714	10.902	0.424
1496.972	11.020	0.425
1497.231	11.138	0.425
1497.491	11.256	0.426
1497.753	11.376	0.426
1498.016	11.496	0.427
1498.280	11.616	0.427
1498.545	11.737	0.427
1498.810	11.858	0.427
1499.077	11.980	0.427
1499.344	12.101	0.427
1499.612	12.223	0.427
1499.879	12.344	0.426
1500.148	12.466	0.426
1500.416	12.587	0.425
1500.685	12.708	0.425
1500.954	12.828	0.424
1501.223	12.948	0.423
1501.492	13.068	0.422
1501.761	13.187	0.421
1502.029	13.305	0.419
1502.298	13.423	0.418
1502.567	13.540	0.416
1502.836	13.656	0.415
1503.105	13.772	0.413
1503.373	13.886	0.411
1503.642	14.000	0.408
1503.910	14.112	0.406
1504.179	14.224	0.403
1504.447	14.334	0.401
1504.715	14.444	0.398
1504.983	14.552	0.394
1505.251	14.658	0.391
1505.519	14.764	0.388
1505.788	14.868	0.384
1506.056	14.971	0.380
1506.324	15.072	0.376
1506.592	15.172	0.372
1506.860	15.270	0.368
1507.129	15.366	0.363
1507.397	15.461	0.358
1507.665	15.554	0.353
1507.934	15.645	0.348
1508.202	15.735	0.342
1508.470	15.822	0.337
1508.737	15.907	0.331
1509.004	15.990	0.325
1509.270	16.070	0.319
1509.535	16.148	0.312
1509.799	16.224	0.306
1510.062	16.297	0.299
1510.324	16.368	0.292
1510.585	16.436	0.285
1510.845	16.501	0.278
1511.104	16.564	0.270
1511.361	16.624	0.262
1511.618	16.681	0.255
1511.873	16.736	0.246
1512.127	16.788	0.238
1512.380	16.837	0.230
1512.632	16.883	0.221
1512.883	16.927	0.212
1513.132	16.967	0.203
1513.380	17.005	0.194
1513.627	17.040	0.184
1513.873	17.071	0.175
1514.118	17.100	0.165
1514.362	17.126	0.154
1514.604	17.149	0.144
1514.846	17.168	0.133
1515.086	17.185	0.122
1515.326	17.198	0.111
1515.565	17.208	0.100
1515.803	17.215	0.088
1516.040	17.219	0.076
1516.276	17.219	0.063
1516.511	17.215	0.051
1516.745	17.208	0.038
1516.978	17.198	0.024
1517.211	17.184	0.011
1517.442	17.166	-0.004
1517.673	17.144	-0.018
1517.902	17.119	-0.033
1518.131	17.089	-0.048
1518.358	17.056	-0.064
1518.584	17.018	-0.080
1518.808	16.976	-0.097
1519.032	16.930	-0.114
1519.253	16.879	-0.131
1519.473	16.824	-0.149
1519.691	16.765	-0.167
1519.907	16.701	-0.186
1520.121	16.632	-0.205
1520.333	16.559	-0.225
1520.542	16.481	-0.245
1520.749	16.399	-0.266
1520.953	16.312	-0.286
1521.155	16.221	-0.307
1521.354	16.125	-0.329
1521.550	16.025	-0.350
1521.743	15.920	-0.372
1521.934	15.811	-0.394
1522.121	15.698	-0.416
1522.306	15.581	-0.438
1522.487	15.460	-0.461
1522.666	15.334	-0.483
1522.841	15.205	-0.505
1523.014	15.072	-0.528
1523.183	14.935	-0.550
1523.350	14.795	-0.572
1523.513	14.651	-0.594
1523.674	14.503	-0.616
1523.831	14.353	-0.638
1523.986	14.198	-0.659
1524.138	14.041	-0.681
1524.287	13.880	-0.702
1524.433	13.716	-0.722
1524.576	13.549	-0.743
1524.717	13.379	-0.763
1524.855	13.206	-0.783
1524.991	13.030	-0.803
1525.124	12.851	-0.822
1525.255	12.669	-0.841
1525.383	12.484	-0.860
1525.509	12.296	-0.878
1525.632	12.106	-0.896
1525.754	11.912	-0.914
1525.872	11.716	-0.931
1525.989	11.518	-0.948
1526.103	11.316	-0.965
1526.215	11.113	-0.981
1526.325	10.907	-0.997
1526.433	10.698	-1.012
1526.539	10.487	-1.027
1526.642	10.274	-1.042
1526.744	10.059	-1.056
1526.844	9.842	-1.069
1526.942	9.623	-1.082
1527.039	9.402	-1.095
1527.134	9.179	-1.107
1527.227	8.954	-1.118
1527.319	8.728	-1.129
1527.409	8.500	-1.140
1527.498	8.271	-1.150
1527.585	8.040	-1.160
1527.672	7.808	-1.169
1527.757	7.575	-1.177
1527.842	7.341	-1.185
1527.925	7.106	-1.193
1528.008	6.869	-1.199
1528.090	6.632	-1.206
1528.172	6.394	-1.212
1528.253	6.155	-1.217
1528.333	5.916	-1.222
1528.414	5.676	-1.226
1528.494	5.435	-1.230
1528.574	5.194	-1.233
1528.654	4.952	-1.236
1528.734	4.710	-1.239
1528.814	4.467	-1.241
1528.894	4.224	-1.243
1528.975	3.981	-1.244
1529.055	3.737	-1.246
1529.136	3.493	-1.247
1529.217	3.249	-1.247
1529.298	3.004	-1.248
1529.379	2.760	-1.248
1529.461	2.515	-1.248
1529.544	2.270	-1.247
1529.626	2.025	-1.247
1529.710	1.780	-1.246
1529.793	1.535	-1.245
1529.878	1.290	-1.244
1529.963	1.045	-1.243
1530.048	0.800	-1.241
1530.134	0.555	-1.240
1530.221	0.310	-1.238
1530.309	0.065	-1.236
1530.397	-0.179	-1.234
1530.486	-0.424	-1.231
1530.576	-0.668	-1.229
1530.667	-0.913	-1.226
1530.759	-1.157	-1.223
1530.852	-1.400	-1.220
1530.945	-1.644	-1.217
1531.040	-1.887	-1.214
1531.136	-2.129	-1.210
1531.233	-2.372	-1.206
1531.331	-2.614	-1.202
1531.431	-2.855	-1.198
1531.532	-3.096	-1.193
1531.635	-3.336	-1.188
1531.739	-3.576	-1.183
1531.845	-3.816	-1.178
1531.952	-4.054	-1.172
1532.062	-4.292	-1.166
1532.173	-4.529	-1.159
1532.287	-4.765	-1.152
1532.403	-5.000	-1.145
1532.521	-5.235	-1.137
1532.642	-5.468	-1.128
1532.766	-5.700	-1.119
1532.892	-5.931	-1.110
1533.021	-6.160	-1.100
1533.154	-6.388	-1.090
1533.289	-6.615	-1.079
1533.427	-6.840	-1.068
1533.569	-7.064	-1.056
1533.713	-7.286	-1.044
1533.861	-7.506	-1.032
1534.012	-7.724	-1.020
1534.166	-7.941	-1.007
1534.324	-8.155	-0.995
1534.484	-8.368	-0.982
1534.647	-8.580	-0.969
1534.813	-8.789	-0.957
1534.981	-8.997	-0.944
1535.153	-9.203	-0.932
1535.326	-9.408	-0.920
1535.502	-9.611	-0.909
1535.680	-9.813	-0.898
1535.859	-10.013	-0.887
1536.041	-10.213	-0.878
1536.223	-10.411	-0.868
1536.408	-10.609	-0.860
1536.593	-10.806	-0.852
1536.779	-11.003	-0.846
1536.966	-11.200	-0.839
1537.153	-11.396	-0.834
1537.341	-11.592	-0.829
1537.529	-11.788	-0.825
1537.717	-11.985	-0.822
1537.905	-12.181	-0.820
1538.093	-12.379	-0.818
1538.281	-12.577	-0.817
1538.468	-12.775	-0.817
1538.655	-12.975	-0.818
1538.841	-13.176	-0.820
1539.026	-13.378	-0.822
1539.210	-13.581	-0.825
1539.394	-13.786	-0.828
1539.576	-13.992	-0.832
1539.756	-14.200	-0.837
1539.935	-14.410	-0.843
1540.113	-14.622	-0.849
1540.289	-14.836	-0.856
1540.463	-15.052	-0.863
1540.636	-15.270	-0.871
1540.807	-15.490	-0.879
1540.975	-15.713	-0.887
1541.143	-15.938	-0.896
1541.308	-16.165	-0.905
1541.472	-16.394	-0.914
1541.633	-16.626	-0.924
1541.793	-16.860	-0.933
1541.952	-17.097	-0.943
1542.108	-17.336	-0.953
1542.263	-17.578	-0.962
1542.416	-17.822	-0.972
1542.568	-18.068	-0.982
1542.719	-18.317	-0.991
1542.868	-18.569	-1.000
1543.015	-18.823	-1.010
1543.162	-19.081	-1.019
1543.307	-19.340	-1.027
1543.451	-19.603	-1.036
1543.594	-19.868	-1.044
1543.737	-20.136	-1.052
1543.879	-20.407	-1.060
1544.020	-20.681	-1.068
1544.160	-20.958	-1.075
1544.300	-21.238	-1.082
1544.440	-21.521	-1.089
1544.579	-21.807	-1.095
1544.718	-22.096	-1.101
1544.857	-22.388	-1.107
1544.996	-22.684	-1.113
1545.135	-22.982	-1.118
1545.274	-23.284	-1.122
1545.414	-23.589	-1.127
1545.554	-23.897	-1.131
1545.694	-24.208	-1.135
1545.835	-24.523	-1.139
1545.976	-24.840	-1.142
1546.118	-25.162	-1.145
1546.261	-25.486	-1.148
1546.405	-25.814	-1.150
1546.550	-26.145	-1.153
1546.695	-26.479	-1.154
1546.842	-26.817	-1.156
1546.990	-27.159	-1.158
1547.139	-27.503	-1.159
1547.289	-27.851	-1.160
1547.441	-28.203	-1.161
1547.594	-28.558	-1.161
1547.749	-28.916	-1.162
1547.905	-29.277	-1.162
1548.064	-29.643	-1.162
1548.143	-29.826	-1.162
1548.223	-30.011	-1.162
1548.304	-30.197	-1.162
1548.385	-30.383	-1.162
1548.466	-30.571	-1.161
1548.548	-30.759	-1.161
1548.630	-30.948	-1.161
1548.713	-31.138	-1.161
1548.796	-31.329	-1.161
1548.880	-31.520	-1.161
1548.964	-31.713	-1.160
1549.048	-31.907	-1.160
1549.133	-32.101	-1.160
1549.219	-32.296	-1.160
1549.304	-32.492	-1.159
1549.391	-32.690	-1.159
1549.478	-32.888	-1.159
1549.565	-33.087	-1.159
1549.653	-33.286	-1.158
1549.741	-33.487	-1.158
1549.829	-33.689	-1.158
1549.919	-33.891	-1.157
1550.008	-34.095	-1.157
1550.098	-34.299	-1.157
1550.189	-34.505	-1.157
1550.280	-34.711	-1.156
1550.371	-34.918	-1.156
1550.463	-35.126	-1.156
1550.556	-35.335	-1.156
1550.649	-35.545	-1.155
1550.742	-35.756	-1.155
1550.836	-35.968	-1.155
1550.930	-36.181	-1.155
1551.025	-36.395	-1.154
1551.120	-36.610	-1.154
1551.216	-36.825	-1.154
1551.312	-37.042	-1.154
1551.409	-37.260	-1.154
1551.506	-37.478	-1.153
1551.604	-37.698	-1.153
1551.702	-37.918	-1.153
1551.800	-38.140	-1.153
1551.899	-38.362	-1.153
1551.999	-38.586	-1.152
1552.099	-38.810	-1.152
1552.199	-39.036	-1.152
1552.300	-39.262	-1.152
1552.401	-39.489	-1.152
1552.503	-39.718	-1.152
1552.606	-39.947	-1.152
1552.708	-40.177	-1.151
1552.812	-40.409	-1.151
1552.915	-40.641	-1.151
1553.020	-40.874	-1.151
1553.124	-41.108	-1.151
1553.229	-41.344	-1.151
1553.335	-41.580	-1.151
1553.441	-41.817	-1.151
1553.547	-42.055	-1.151
1553.654	-42.295	-1.151
1553.762	-42.535	-1.151
1553.870	-42.776	-1.150
1553.978	-43.019	-1.150
1554.087	-43.262	-1.150
1554.196	-43.506	-1.150
1554.306	-43.752	-1.150
1554.416	-43.998	-1.150
1554.527	-44.245	-1.150
1554.638	-44.494	-1.150
1554.749	-44.743	-1.150
1554.861	-44.994	-1.150
1554.974	-45.245	-1.150
1555.087	-45.497	-1.150
1555.200	-45.751	-1.150
1555.314	-46.006	-1.150
1555.428	-46.261	-1.150
1555.543	-46.518	-1.151
1555.658	-46.775	-1.151
1555.773	-47.034	-1.151
1555.889	-47.294	-1.151
1556.006	-47.555	-1.151
1556.122	-47.816	-1.151
1556.240	-48.079	-1.151
1556.357	-48.343	-1.151
1556.476	-48.608	-1.151
1556.594	-48.874	-1.151
1556.713	-49.141	-1.151
1556.832	-49.409	-1.152
1556.952	-49.678	-1.152
1557.073	-49.949	-1.152
1557.193	-50.220	-1.152
1557.314	-50.492	-1.152
1557.436	-50.765	-1.152
1557.558	-51.040	-1.153
1557.680	-51.315	-1.153
1557.803	-51.592	-1.153
1557.926	-51.869	-1.153
1558.049	-52.148	-1.153
1558.173	-52.428	-1.153
1558.298	-52.708	-1.154
1558.422	-52.990	-1.154
1558.547	-53.273	-1.154
1558.673	-53.557	-1.154
1558.799	-53.842	-1.155
1558.925	-54.128	-1.155
1559.052	-54.415	-1.155
1559.179	-54.704	-1.155
1559.306	-54.993	-1.156
1559.434	-55.283	-1.156
1559.562	-55.575	-1.156
1559.691	-55.867	-1.157
1559.819	-56.161	-1.157
1559.949	-56.455	-1.157
1560.078	-56.751	-1.157
1560.208	-57.048	-1.158
1560.338	-57.346	-1.158
1560.469	-57.645	-1.158
1560.600	-57.945	-1.159
1560.731	-58.246	-1.159
1560.863	-58.548	-1.160
1560.995	-58.851	-1.160
1561.127	-59.155	-1.160
1561.260	-59.461	-1.161
1561.393	-59.767	-1.161
1561.526	-60.075	-1.161
1561.660	-60.383	-1.162
1561.794	-60.693	-1.162
1561.928	-61.004	-1.163
1562.063	-61.316	-1.163
1562.198	-61.629	-1.164
1562.333	-61.943	-1.164
1562.469	-62.258	-1.164
1562.605	-62.574	-1.165
1562.741	-62.892	-1.165
1562.877	-63.210	-1.166
1563.014	-63.530	-1.166
1563.151	-63.850	-1.167
1563.288	-64.172	-1.167
1563.425	-64.494	-1.168
1563.563	-64.817	-1.168
1563.701	-65.141	-1.169
1563.839	-65.466	-1.169
1563.976	-65.791	-1.170
1564.114	-66.117	-1.170
1564.252	-66.444	-1.171
1564.391	-66.771	-1.171
1564.529	-67.099	-1.172
1564.666	-67.426	-1.172
1564.804	-67.755	-1.173
1564.942	-68.083	-1.174
1565.080	-68.412	-1.174
1565.217	-68.741	-1.175
1565.355	-69.070	-1.175
1565.492	-69.399	-1.176
1565.629	-69.728	-1.176
1565.766	-70.057	-1.177
1565.902	-70.386	-1.178
1566.038	-70.714	-1.178
1566.174	-71.043	-1.179
1566.310	-71.372	-1.179
1566.445	-71.701	-1.180
1566.580	-72.029	-1.181
1566.715	-72.358	-1.181
1566.850	-72.687	-1.182
1566.985	-73.015	-1.182
1567.119	-73.343	-1.183
1567.253	-73.672	-1.184
1567.386	-74.000	-1.184
1567.520	-74.328	-1.185
1567.653	-74.657	-1.186
1567.786	-74.985	-1.186
1567.918	-75.313	-1.187
1568.051	-75.641	-1.187
1568.183	-75.969	-1.188
1568.315	-76.297	-1.189
1568.446	-76.625	-1.189
1568.577	-76.953	-1.190
1568.708	-77.281	-1.191
1568.839	-77.609	-1.191
1568.970	-77.937	-1.192
1569.100	-78.264	-1.193
1569.230	-78.592	-1.193
1569.360	-78.919	-1.194
1569.489	-79.247	-1.194
1569.618	-79.574	-1.195
1569.747	-79.900	-1.196
1569.875	-80.227	-1.196
1570.003	-80.553	-1.197
1570.130	-80.878	-1.198
1570.257	-81.204	-1.198
1570.384	-81.528	-1.199
1570.510	-81.852	-1.200
1570.635	-82.175	-1.200
1570.760	-82.498	-1.201
1570.885	-82.820	-1.202
1571.009	-83.141	-1.202
1571.133	-83.462	-1.203
1571.256	-83.781	-1.204
1571.378	-84.100	-1.204
1571.500	-84.418	-1.205
1571.621	-84.735	-1.206
1571.742	-85.052	-1.206
1571.862	-85.367	-1.207
1571.981	-85.682	-1.208
1572.100	-85.995	-1.208
1572.219	-86.308	-1.209
1572.336	-86.620	-1.210
1572.454	-86.930	-1.210
1572.570	-87.240	-1.211
1572.686	-87.549	-1.212
1572.801	-87.857	-1.212
1572.916	-88.164	-1.213
1573.030	-88.470	-1.214
1573.144	-88.775	-1.214
1573.257	-89.079	-1.215
1573.369	-89.382	-1.216
1573.481	-89.684	-1.216
1573.592	-89.985	-1.217
1573.703	-90.285	-1.217
1573.813	-90.585	-1.218
1573.922	-90.883	-1.219
1574.031	-91.180	-1.219
1574.140	-91.476	-1.220
1574.247	-91.772	-1.221
1574.355	-92.066	-1.221
1574.461	-92.359	-1.222
1574.567	-92.652	-1.223
1574.673	-92.943	-1.223
1574.778	-93.234	-1.224
1574.882	-93.524	-1.224
1574.986	-93.812	-1.225
1575.089	-94.100	-1.226
1575.192	-94.387	-1.226
1575.294	-94.673	-1.227
1575.396	-94.958	-1.227
1575.497	-95.242	-1.228
1575.598	-95.525	-1.229
1575.698	-95.806	-1.229
1575.797	-96.087	-1.230
1575.896	-96.366	-1.230
1575.994	-96.643	-1.231
1576.091	-96.919	-1.232
1576.187	-97.193	-1.232
1576.283	-97.465	-1.233
1576.377	-97.736	-1.233
1576.471	-98.004	-1.234
1576.564	-98.270	-1.235
1576.656	-98.534	-1.235
1576.747	-98.795	-1.236
1576.836	-99.054	-1.236
1576.925	-99.310	-1.237
1577.013	-99.564	-1.237
1577.100	-99.816	-1.238
1577.186	-100.065	-1.238
1577.271	-100.312	-1.239
1577.354	-100.556	-1.240
1577.437	-100.798	-1.240
1577.519	-101.037	-1.241
1577.600	-101.274	-1.241
1577.680	-101.509	-1.242
1577.759	-101.741	-1.242
1577.837	-101.970	-1.243
1577.913	-102.198	-1.243
1577.989	-102.422	-1.244
1578.064	-102.645	-1.244
1578.139	-102.864	-1.245
1578.212	-103.082	-1.245
1578.284	-103.297	-1.246
1578.355	-103.509	-1.246
1578.425	-103.719	-1.246
1578.495	-103.927	-1.247
1578.563	-104.132	-1.247
1578.631	-104.335	-1.248
1578.698	-104.535	-1.248
1578.763	-104.733	-1.249
1578.828	-104.929	-1.249
1578.892	-105.122	-1.249
1578.955	-105.312	-1.250
1579.078	-105.686	-1.250
1579.198	-106.049	-1.251
1579.314	-106.403	-1.252
1579.427	-106.747	-1.253
1579.536	-107.082	-1.253
1579.642	-107.406	-1.254
1579.744	-107.720	-1.255
1579.843	-108.025	-1.255
1579.938	-108.320	-1.256
1580.030	-108.605	-1.256
1580.119	-108.880	-1.257
1580.204	-109.145	-1.257
1580.286	-109.400	-1.258
1580.365	-109.645	-1.258
1580.441	-109.881	-1.259
1580.513	-110.106	-1.259
1580.582	-110.323	-1.259
1580.648	-110.530	-1.260
1580.712	-110.730	-1.260
1580.773	-110.921	-1.260
1580.859	-111.191	-1.261
1580.938	-111.440	-1.261
1581.010	-111.667	-1.261
1581.075	-111.871	-1.262
1581.151	-112.109	-1.262
1581.214	-112.306	-1.262
1581.275	-112.497	-1.261
1581.339	-112.695	-1.261
1581.405	-112.896	-1.260
1581.467	-113.089	-1.260
1581.535	-113.297	-1.259
1581.605	-113.513	-1.259
1581.672	-113.718	-1.259
1581.745	-113.946	-1.259
1581.809	-114.144	-1.259
1581.877	-114.356	-1.259
1581.949	-114.583	-1.259
1582.027	-114.826	-1.260
1582.088	-115.018	-1.260
1582.152	-115.219	-1.261
1582.219	-115.430	-1.261
1582.288	-115.649	-1.262
1582.360	-115.877	-1.262
1582.435	-116.114	-1.263
1582.512	-116.360	-1.264
1582.591	-116.615	-1.264
1582.674	-116.878	-1.265
1582.758	-117.151	-1.266
1582.845	-117.431	-1.267
1582.904	-117.623	-1.267
1582.965	-117.818	-1.268
1583.026	-118.017	-1.268
1583.088	-118.219	-1.269
1583.151	-118.425	-1.270
1583.216	-118.635	-1.270
1583.281	-118.848	-1.271
1583.347	-119.065	-1.272
1583.413	-119.285	-1.272
1583.481	-119.508	-1.273
1583.550	-119.735	-1.274
1583.619	-119.965	-1.274
1583.690	-120.199	-1.275
1583.761	-120.435	-1.276
1583.833	-120.675	-1.276
1583.906	-120.919	-1.277
1583.979	-121.165	-1.278
1584.053	-121.415	-1.278
1584.129	-121.668	-1.279
1584.204	-121.924	-1.280
1584.281	-122.183	-1.280
1584.358	-122.445	-1.281
1584.436	-122.711	-1.282
1584.515	-122.979	-1.283
1584.594	-123.251	-1.283
1584.675	-123.525	-1.284
1584.755	-123.803	-1.285
1584.837	-124.083	-1.286
1584.919	-124.367	-1.286
1585.002	-124.653	-1.287
1585.085	-124.943	-1.288
1585.169	-125.235	-1.288
1585.253	-125.530	-1.289
1585.339	-125.829	-1.290
1585.424	-126.130	-1.291
1585.511	-126.433	-1.291
1585.598	-126.740	-1.292
1585.685	-127.050	-1.293
1585.773	-127.362	-1.294
1585.862	-127.677	-1.294
1585.951	-127.995	-1.295
1586.040	-128.316	-1.296
1586.131	-128.640	-1.297
1586.221	-128.966	-1.297
1586.313	-129.295	-1.298
1586.404	-129.627	-1.299
1586.496	-129.961	-1.300
1586.589	-130.298	-1.300
1586.682	-130.638	-1.301
1586.776	-130.981	-1.302
1586.870	-131.326	-1.303
1586.964	-131.674	-1.303
1587.059	-132.024	-1.304
1587.155	-132.378	-1.305
1587.251	-132.734	-1.306
1587.347	-133.092	-1.307
1587.444	-133.453	-1.307
1587.541	-133.817	-1.308
1587.638	-134.183	-1.309
1587.736	-134.552	-1.310
1587.834	-134.924	-1.310
1587.933	-135.298	-1.311
1588.032	-135.674	-1.312
1588.131	-136.053	-1.313
1588.231	-136.435	-1.313
1588.331	-136.820	-1.314
1588.432	-137.206	-1.315
1588.482	-137.401	-1.315
1588.533	-137.596	-1.316
1588.583	-137.791	-1.316
1588.634	-137.988	-1.317
1588.685	-138.185	-1.317
1588.735	-138.382	-1.317
1588.786	-138.580	-1.318
1588.837	-138.779	-1.318
1588.888	-138.978	-1.318
1588.939	-139.178	-1.319
1588.990	-139.379	-1.319
1589.042	-139.580	-1.320
1589.093	-139.782	-1.320
1589.144	-139.984	-1.320
1589.196	-140.188	-1.321
1589.247	-140.391	-1.321
1589.299	-140.596	-1.322
1589.351	-140.800	-1.322
1589.402	-141.006	-1.322
1589.454	-141.212	-1.323
1589.506	-141.419	-1.323
1589.558	-141.626	-1.324
1589.610	-141.834	-1.324
1589.662	-142.042	-1.324
1589.714	-142.251	-1.325
1589.766	-142.461	-1.325
1589.819	-142.671	-1.326
1589.871	-142.882	-1.326
1589.923	-143.093	-1.326
1589.976	-143.305	-1.327
1590.028	-143.518	-1.327
1590.081	-143.731	-1.328
1590.133	-143.945	-1.328
1590.186	-144.159	-1.328
1590.239	-144.374	-1.329
1590.291	-144.590	-1.329
1590.344	-144.806	-1.330
1590.397	-145.022	-1.330
1590.450	-145.240	-1.330
1590.503	-145.458	-1.331
1590.556	-145.676	-1.331
1590.609	-145.895	-1.332
1590.662	-146.115	-1.332
1590.715	-146.335	-1.332
1590.769	-146.556	-1.333
1590.822	-146.777	-1.333
1590.875	-146.999	-1.334
1590.929	-147.222	-1.334
1590.982	-147.445	-1.334
1591.036	-147.669	-1.335
1591.089	-147.893	-1.335
1591.143	-148.118	-1.336
1591.196	-148.344	-1.336
1591.250	-148.570	-1.336
1591.304	-148.797	-1.337
1591.357	-149.024	-1.337
1591.411	-149.252	-1.338
1591.465	-149.481	-1.338
1591.519	-149.710	-1.338
1591.573	-149.940	-1.339
1591.627	-150.170	-1.339
1591.681	-150.401	-1.340
1591.735	-150.632	-1.340
1591.789	-150.864	-1.341
1591.843	-151.097	-1.341
1591.897	-151.330	-1.341
1591.951	-151.564	-1.342
1592.005	-151.798	-1.342
1592.060	-152.033	-1.343
1592.114	-152.269	-1.343
1592.168	-152.505	-1.343
1592.222	-152.742	-1.344
1592.277	-152.979	-1.344
1592.331	-153.217	-1.345
1592.386	-153.455	-1.345
1592.440	-153.694	-1.346
1592.495	-153.934	-1.346
1592.549	-154.174	-1.346
1592.604	-154.415	-1.347
1592.658	-154.656	-1.347
1592.713	-154.898	-1.348
1592.767	-155.141	-1.348
1592.822	-155.384	-1.349
1592.877	-155.628	-1.349
1592.931	-155.872	-1.349
1592.986	-156.117	-1.350
1593.041	-156.362	-1.350
1593.095	-156.608	-1.351
1593.150	-156.854	-1.351
1593.205	-157.102	-1.351
1593.260	-157.349	-1.352
1593.315	-157.597	-1.352
1593.369	-157.846	-1.353
1593.424	-158.096	-1.353
1593.479	-158.346	-1.354
1593.534	-158.596	-1.354
1593.589	-158.847	-1.354
1593.644	-159.099	-1.355
1593.699	-159.351	-1.355
1593.754	-159.604	-1.356
1593.808	-159.857	-1.356
1593.863	-160.111	-1.357
1593.918	-160.365	-1.357
1593.973	-160.620	-1.357
1594.028	-160.876	-1.358
1594.083	-161.132	-1.358
1594.138	-161.389	-1.359
1594.193	-161.646	-1.359
1594.248	-161.904	-1.360
1594.303	-162.162	-1.360
1594.358	-162.421	-1.360
1594.413	-162.680	-1.361
1594.468	-162.940	-1.361
1594.523	-163.201	-1.362
1594.578	-163.462	-1.362
1594.633	-163.724	-1.363
1594.688	-163.986	-1.363
1594.743	-164.249	-1.364
1594.798	-164.512	-1.364
1594.853	-164.776	-1.364
1594.908	-165.040	-1.365
1594.963	-165.305	-1.365
1595.018	-165.571	-1.366
1595.073	-165.837	-1.366
1595.128	-166.103	-1.367
1595.183	-166.370	-1.367
1595.238	-166.638	-1.367
1595.293	-166.906	-1.368
1595.347	-167.175	-1.368
1595.402	-167.444	-1.369
1595.457	-167.714	-1.369
1595.512	-167.985	-1.370
1595.567	-168.255	-1.370
1595.622	-168.527	-1.371
1595.677	-168.799	-1.371
1595.731	-169.071	-1.371
1595.786	-169.344	-1.372
1595.841	-169.618	-1.372
1595.896	-169.892	-1.373
1595.951	-170.167	-1.373
1596.005	-170.442	-1.374
1596.060	-170.718	-1.374
1596.115	-170.994	-1.375
1596.169	-171.271	-1.375
1596.224	-171.548	-1.375
1596.279	-171.826	-1.376
1596.333	-172.104	-1.376
1596.388	-172.383	-1.377
1596.442	-172.662	-1.377
1596.497	-172.942	-1.378
1596.551	-173.223	-1.378
1596.606	-173.504	-1.378
1596.660	-173.785	-1.379
1596.715	-174.067	-1.379
1596.769	-174.350	-1.380
1596.824	-174.633	-1.380
1596.878	-174.916	-1.381
1596.932	-175.200	-1.381
1596.986	-175.485	-1.382
1597.041	-175.770	-1.382
1597.095	-176.056	-1.382
1597.149	-176.342	-1.383
1597.203	-176.628	-1.383
1597.257	-176.916	-1.384
1597.312	-177.203	-1.384
1597.366	-177.491	-1.385
1597.420	-177.780	-1.385
1597.474	-178.069	-1.386
1597.528	-178.359	-1.386
1597.581	-178.649	-1.386
1597.635	-178.940	-1.387
1597.689	-179.231	-1.387
1597.743	-179.523	-1.388
1597.797	-179.815	-1.388
1597.850	-180.108	-1.389
1597.904	-180.401	-1.389
1597.958	-180.695	-1.390
1598.011	-180.989	-1.390
1598.065	-181.284	-1.390
1598.118	-181.579	-1.391
1598.172	-181.875	-1.391
1598.225	-182.171	-1.392
1598.279	-182.468	-1.392
1598.332	-182.765	-1.393
1598.385	-183.063	-1.393
1598.439	-183.361	-1.394
1598.492	-183.660	-1.394
1598.545	-183.959	-1.394
1598.598	-184.259	-1.395
1598.651	-184.559	-1.395
1598.704	-184.860	-1.396
1598.757	-185.161	-1.396
1598.810	-185.463	-1.397
1598.863	-185.765	-1.397
1598.916	-186.068	-1.397
1598.969	-186.371	-1.398
1599.021	-186.674	-1.398
1599.074	-186.978	-1.399
1599.127	-187.283	-1.399
1599.179	-187.588	-1.400
1599.232	-187.894	-1.400
1599.284	-188.200	-1.401
1599.336	-188.506	-1.401
1599.389	-188.813	-1.401
1599.441	-189.120	-1.402
1599.493	-189.428	-1.402
1599.546	-189.737	-1.403
1599.598	-190.046	-1.403
1599.650	-190.355	-1.404
1599.702	-190.665	-1.404
1599.754	-190.975	-1.404
1599.806	-191.286	-1.405
1599.857	-191.597	-1.405
1599.909	-191.909	-1.406
1599.961	-192.221	-1.406
1600.013	-192.534	-1.407
1600.064	-192.847	-1.407
1600.116	-193.160	-1.408
1600.167	-193.474	-1.408
1600.219	-193.789	-1.408
1600.270	-194.104	-1.409
1600.321	-194.419	-1.409
1600.372	-194.735	-1.410
1600.424	-195.052	-1.410
1600.475	-195.368	-1.411
1600.526	-195.686	-1.411
1600.577	-196.003	-1.411
1600.628	-196.322	-1.412
1600.678	-196.640	-1.412
1600.729	-196.959	-1.413
1600.780	-197.279	-1.413
1600.831	-197.599	-1.414
1600.881	-197.919	-1.414
1600.932	-198.240	-1.414
1600.982	-198.562	-1.415
1601.033	-198.883	-1.415
1601.083	-199.206	-1.416
1601.133	-199.528	-1.416
1601.183	-199.851	-1.416
1601.233	-200.175	-1.417
1601.283	-200.499	-1.417
1601.333	-200.824	-1.418
1601.383	-201.148	-1.418
1601.433	-201.474	-1.419
1601.483	-201.800	-1.419
1601.533	-202.126	-1.419
1601.582	-202.452	-1.420
1601.632	-202.780	-1.420
1601.681	-203.107	-1.421
1601.731	-203.435	-1.421
1601.780	-203.764	-1.421
1601.829	-204.092	-1.422
1601.878	-204.422	-1.422
1601.927	-204.751	-1.423
1601.976	-205.082	-1.423
1602.025	-205.412	-1.424
1602.074	-205.743	-1.424
1602.123	-206.074	-1.424
1602.172	-206.406	-1.425
1602.220	-206.739	-1.425
1602.269	-207.071	-1.426
1602.318	-207.404	-1.426
1602.366	-207.738	-1.426
1602.414	-208.072	-1.427
1602.463	-208.406	-1.427
1602.511	-208.741	-1.428
1602.559	-209.076	-1.428
1602.607	-209.412	-1.428
1602.655	-209.748	-1.429
1602.703	-210.085	-1.429
1602.751	-210.421	-1.430
1602.798	-210.759	-1.430
1602.846	-211.097	-1.430
1602.894	-211.435	-1.431
1602.941	-211.773	-1.431
1602.989	-212.112	-1.432
1603.036	-212.451	-1.432
1603.083	-212.791	-1.432
1603.131	-213.131	-1.433
1603.178	-213.472	-1.433
1603.225	-213.813	-1.434
1603.272	-214.154	-1.434
1603.319	-214.496	-1.434
1603.365	-214.838	-1.435
1603.412	-215.181	-1.435
1603.459	-215.524	-1.436
1603.505	-215.867	-1.436
1603.552	-216.211	-1.436
1603.598	-216.555	-1.437
1603.644	-216.900	-1.437
1603.691	-217.245	-1.437
1603.737	-217.590	-1.438
1603.783	-217.936	-1.438
1603.829	-218.282	-1.439
1603.875	-218.629	-1.439
1603.921	-218.976	-1.439
1603.966	-219.323	-1.440
1604.012	-219.671	-1.440
1604.058	-220.019	-1.441
1604.103	-220.367	-1.441
1604.149	-220.716	-1.441
1604.194	-221.065	-1.442
1604.239	-221.415	-1.442
1604.284	-221.765	-1.442
1604.329	-222.115	-1.443
1604.374	-222.466	-1.443
1604.419	-222.817	-1.444
1604.464	-223.169	-1.444
1604.509	-223.521	-1.444
1604.554	-223.873	-1.445
1604.598	-224.225	-1.445
1604.643	-224.578	-1.445
1604.687	-224.932	-1.446
1604.732	-225.286	-1.446
1604.776	-225.640	-1.446
1604.820	-225.994	-1.447
1604.864	-226.349	-1.447
1604.908	-226.704	-1.448
1604.952	-227.060	-1.448
1604.996	-227.416	-1.448
1605.040	-227.772	-1.449
1605.083	-228.129	-1.449
1605.127	-228.486	-1.449
1605.170	-228.843	-1.450
1605.214	-229.201	-1.450
1605.257	-229.559	-1.450
1605.301	-229.918	-1.451
1605.344	-230.276	-1.451
1605.387	-230.636	-1.451
1605.430	-230.995	-1.452
1605.473	-231.355	-1.452
1605.516	-231.715	-1.452
1605.558	-232.076	-1.453
1605.601	-232.437	-1.453
1605.644	-232.798	-1.453
1605.686	-233.160	-1.454
1605.729	-233.522	-1.454
1605.771	-233.884	-1.455
1605.813	-234.247	-1.455
1605.855	-234.610	-1.455
1605.898	-234.973	-1.456
1605.940	-235.337	-1.456
1605.982	-235.701	-1.456
1606.023	-236.065	-1.457
1606.065	-236.430	-1.457
1606.107	-236.795	-1.457
1606.148	-237.160	-1.458
1606.190	-237.526	-1.458
1606.231	-237.892	-1.458
1606.273	-238.259	-1.458
1606.314	-238.625	-1.459
1606.355	-238.992	-1.459
1606.396	-239.360	-1.459
1606.437	-239.727	-1.460
1606.478	-240.096	-1.460
1606.519	-240.464	-1.460
1606.560	-240.833	-1.461
1606.601	-241.202	-1.461
1606.641	-241.571	-1.461
1606.682	-241.941	-1.462
1606.722	-242.311	-1.462
1606.763	-242.681	-1.462
1606.803	-243.051	-1.463
1606.843	-243.422	-1.463
1606.883	-243.794	-1.463
1606.923	-244.165	-1.464
1606.963	-244.537	-1.464
1607.003	-244.909	-1.464
1607.043	-245.282	-1.464
1607.083	-245.655	-1.465
1607.122	-246.028	-1.465
1607.162	-246.401	-1.465
1607.201	-246.775	-1.466
1607.241	-247.149	-1.466
1607.280	-247.523	-1.466
1607.319	-247.898	-1.467
1607.359	-248.273	-1.467
1607.398	-248.648	-1.467
1607.437	-249.024	-1.467
1607.476	-249.400	-1.468
1607.514	-249.776	-1.468
1607.553	-250.152	-1.468
1607.592	-250.529	-1.469
1607.631	-250.906	-1.469
1607.669	-251.283	-1.469
1607.708	-251.661	-1.469
1607.746	-252.039	-1.470
1607.784	-252.417	-1.470
1607.823	-252.796	-1.470
1607.861	-253.175	-1.471
1607.899	-253.554	-1.471
1607.937	-253.933	-1.471
1607.975	-254.313	-1.471
1608.013	-254.693	-1.472
1608.050	-255.073	-1.472
1608.088	-255.454	-1.472
1608.126	-255.834	-1.472
1608.163	-256.216	-1.473
1608.201	-256.597	-1.473
1608.238	-256.979	-1.473
1608.275	-257.361	-1.474
1608.313	-257.743	-1.474
1608.350	-258.125	-1.474
1608.387	-258.508	-1.474
1608.424	-258.891	-1.475
1608.461	-259.274	-1.475
1608.498	-259.658	-1.475
1608.535	-260.042	-1.475
1608.571	-260.426	-1.476
1608.608	-260.810	-1.476
1608.645	-261.195	-1.476
1608.681	-261.580	-1.476
1608.718	-261.965	-1.477
1608.754	-262.351	-1.477
1608.790	-262.737	-1.477
1608.826	-263.123	-1.477
1608.863	-263.509	-1.478
1608.899	-263.895	-1.478
1608.935	-264.282	-1.478
1608.971	-264.669	-1.478
1609.007	-265.057	-1.479
1609.042	-265.444	-1.479
1609.078	-265.832	-1.479
1609.114	-266.220	-1.479
1609.149	-266.609	-1.480
1609.185	-266.997	-1.480
1609.221	-267.386	-1.480
1609.256	-267.775	-1.480
1609.291	-268.164	-1.480
1609.327	-268.554	-1.481
1609.362	-268.944	-1.481
1609.397	-269.334	-1.481
1609.432	-269.724	-1.481
1609.467	-270.115	-1.482
1609.502	-270.506	-1.482
1609.537	-270.897	-1.482
1609.572	-271.288	-1.482
1609.607	-271.680	-1.482
1609.641	-272.072	-1.483
1609.676	-272.464	-1.483
1609.710	-272.856	-1.483
1609.745	-273.249	-1.483
1609.779	-273.641	-1.483
1609.814	-274.034	-1.484
1609.848	-274.428	-1.484
1609.882	-274.821	-1.484
1609.917	-275.215	-1.484
1609.951	-275.609	-1.485
1609.985	-276.003	-1.485
1610.019	-276.397	-1.485
1610.053	-276.792	-1.485
1610.087	-277.187	-1.485
1610.121	-277.582	-1.485
1610.154	-277.977	-1.486
1610.188	-278.373	-1.486
1610.222	-278.768	-1.486
1610.255	-279.164	-1.486
1610.289	-279.560	-1.486
1610.322	-279.957	-1.487
1610.356	-280.353	-1.487
1610.389	-280.750	-1.487
1610.423	-281.147	-1.487
1610.456	-281.545	-1.487
1610.489	-281.942	-1.488
1610.522	-282.340	-1.488
1610.555	-282.738	-1.488
1610.589	-283.136	-1.488
1610.622	-283.534	-1.488
1610.655	-283.933	-1.488
1610.687	-284.332	-1.489
1610.720	-284.731	-1.489
1610.753	-285.130	-1.489
1610.786	-285.529	-1.489
1610.819	-285.929	-1.489
1610.851	-286.329	-1.489
1610.884	-286.729	-1.490
1610.917	-287.129	-1.490
1610.949	-287.529	-1.490
1610.982	-287.930	-1.490
1611.014	-288.331	-1.490
1611.046	-288.732	-1.490
1611.079	-289.133	-1.491
1611.111	-289.535	-1.491
1611.143	-289.936	-1.491
1611.175	-290.338	-1.491
1611.208	-290.740	-1.491
1611.240	-291.143	-1.491
1611.272	-291.545	-1.491
1611.304	-291.948	-1.492
1611.336	-292.351	-1.492
1611.368	-292.754	-1.492
1611.400	-293.157	-1.492
1611.432	-293.561	-1.492
1611.463	-293.964	-1.492
1611.495	-294.368	-1.492
1611.527	-294.772	-1.493
1611.559	-295.176	-1.493
1611.590	-295.581	-1.493
1611.622	-295.986	-1.493
1611.654	-296.390	-1.493
1611.685	-296.795	-1.493
1611.717	-297.201	-1.493
1611.748	-297.606	-1.493
1611.780	-298.012	-1.494
1611.811	-298.418	-1.494
1611.842	-298.824	-1.494
1611.874	-299.230	-1.494
1611.905	-299.636	-1.494
1611.936	-300.043	-1.494
1611.968	-300.449	-1.494
1611.999	-300.856	-1.494
1612.030	-301.263	-1.494
1612.061	-301.671	-1.495
1612.092	-302.078	-1.495
1612.123	-302.486	-1.495
1612.154	-302.893	-1.495
1612.186	-303.301	-1.495
1612.217	-303.710	-1.495
1612.248	-304.118	-1.495
1612.278	-304.527	-1.495
1612.309	-304.935	-1.495
1612.340	-305.344	-1.495
1612.371	-305.753	-1.496
1612.402	-306.162	-1.496
1612.433	-306.572	-1.496
1612.464	-306.981	-1.496
1612.495	-307.391	-1.496
1612.525	-307.801	-1.496
1612.556	-308.211	-1.496
1612.587	-308.622	-1.496
1612.617	-309.032	-1.496
1612.648	-309.443	-1.496
1612.679	-309.853	-1.496
1612.709	-310.264	-1.496
1612.740	-310.675	-1.497
1612.771	-311.087	-1.497
1612.801	-311.498	-1.497
1612.832	-311.910	-1.497
1612.862	-312.322	-1.497
1612.893	-312.733	-1.497
1612.923	-313.146	-1.497
1612.954	-313.558	-1.497
1612.984	-313.970	-1.497
1613.015	-314.383	-1.497
1613.045	-314.796	-1.497
1613.076	-315.208	-1.497
1613.106	-315.621	-1.497
1613.136	-316.034	-1.497
1613.167	-316.448	-1.498
1613.197	-316.861	-1.498
1613.227	-317.274	-1.498
1613.258	-317.688	-1.498
1613.288	-318.101	-1.498
1613.318	-318.515	-1.498
1613.348	-318.928	-1.498
1613.379	-319.342	-1.498
1613.409	-319.755	-1.498
1613.439	-320.169	-1.498
1613.469	-320.582	-1.498
1613.499	-320.996	-1.498
1613.529	-321.409	-1.498
1613.560	-321.823	-1.498
1613.590	-322.236	-1.498
1613.620	-322.650	-1.498
1613.650	-323.063	-1.498
1613.680	-323.476	-1.498
1613.710	-323.890	-1.498
1613.740	-324.303	-1.499
1613.769	-324.716	-1.499
1613.799	-325.129	-1.499
1613.829	-325.542	-1.499
1613.859	-325.955	-1.499
1613.889	-326.367	-1.499
1613.919	-326.780	-1.499
1613.948	-327.192	-1.499
1613.978	-327.605	-1.499
1614.008	-328.017	-1.499
1614.037	-328.429	-1.499
1614.067	-328.842	-1.499
1614.097	-329.254	-1.499
1614.126	-329.665	-1.499
1614.156	-330.077	-1.499
1614.185	-330.489	-1.499
1614.215	-330.900	-1.499
1614.244	-331.311	-1.499
1614.274	-331.722	-1.499
1614.303	-332.133	-1.499
1614.332	-332.544	-1.500
1614.362	-332.955	-1.500
1614.391	-333.365	-1.500
1614.420	-333.776	-1.500
1614.450	-334.186	-1.500
1614.479	-334.596	-1.500
1614.508	-335.006	-1.500
1614.537	-335.416	-1.500
1614.566	-335.825	-1.500
1614.595	-336.235	-1.500
1614.624	-336.644	-1.500
1614.653	-337.054	-1.500
1614.682	-337.463	-1.500
1614.711	-337.872	-1.500
1614.740	-338.280	-1.500
1614.769	-338.689	-1.500
1614.798	-339.098	-1.501
1614.826	-339.506	-1.501
1614.855	-339.914	-1.501
1614.884	-340.322	-1.501
1614.912	-340.730	-1.501
1614.941	-341.138	-1.501
1614.969	-341.545	-1.501
1614.998	-341.953	-1.501
1615.026	-342.359	-1.501
1615.055	-342.766	-1.501
1615.083	-343.172	-1.501
1615.111	-343.577	-1.501
1615.139	-343.982	-1.502
1615.167	-344.386	-1.502
1615.195	-344.790	-1.502
1615.223	-345.193	-1.502
1615.251	-345.595	-1.502
1615.279	-345.996	-1.502
1615.306	-346.396	-1.502
1615.334	-346.795	-1.502
1615.361	-347.193	-1.502
1615.388	-347.590	-1.502
1615.415	-347.986	-1.503
1615.442	-348.381	-1.503
1615.469	-348.775	-1.503
1615.496	-349.167	-1.503
1615.523	-349.558	-1.503
1615.549	-349.948	-1.503
1615.576	-350.337	-1.503
1615.602	-350.724	-1.503
1615.628	-351.110	-1.503
1615.654	-351.494	-1.504
1615.680	-351.877	-1.504
1615.705	-352.259	-1.504
1615.731	-352.639	-1.504
1615.756	-353.018	-1.504
1615.781	-353.395	-1.504
1615.806	-353.770	-1.504
1615.831	-354.145	-1.504
1615.856	-354.517	-1.505
1615.881	-354.888	-1.505
1615.905	-355.258	-1.505
1615.930	-355.626	-1.505
1615.954	-355.992	-1.505
1615.978	-356.357	-1.505
1616.002	-356.721	-1.505
1616.026	-357.082	-1.505
1616.049	-357.442	-1.505
1616.073	-357.801	-1.506
1616.096	-358.158	-1.506
1616.119	-358.513	-1.506
1616.142	-358.866	-1.506
1616.165	-359.218	-1.506
1616.188	-359.569	-1.506
1616.210	-359.917	-1.506
1616.232	-360.264	-1.506
1616.255	-360.610	-1.507
1616.277	-360.953	-1.507
1616.299	-361.295	-1.507
1616.321	-361.636	-1.507
1616.342	-361.974	-1.507
1616.364	-362.311	-1.507
1616.385	-362.647	-1.507
1616.406	-362.980	-1.507
1616.427	-363.312	-1.507
1616.448	-363.643	-1.508
1616.469	-363.971	-1.508
1616.490	-364.298	-1.508
1616.510	-364.624	-1.508
1616.531	-364.947	-1.508
1616.551	-365.269	-1.508
1616.571	-365.589	-1.508
1616.591	-365.908	-1.508
1616.611	-366.225	-1.508
1616.630	-366.540	-1.508
1616.650	-366.854	-1.509
1616.669	-367.166	-1.509
1616.688	-367.476	-1.509
1616.708	-367.784	-1.509
1616.727	-368.091	-1.509
1616.745	-368.397	-1.509
1616.764	-368.700	-1.509
1616.783	-369.002	-1.509
1616.801	-369.302	-1.509
1616.820	-369.601	-1.509
1616.838	-369.898	-1.509
1616.856	-370.193	-1.510
1616.874	-370.486	-1.510
1616.892	-370.778	-1.510
1616.909	-371.069	-1.510
1616.927	-371.357	-1.510
1616.945	-371.644	-1.510
1616.962	-371.929	-1.510
1616.979	-372.213	-1.510
1616.996	-372.495	-1.510
1617.013	-372.775	-1.510
1617.030	-373.054	-1.510
1617.047	-373.331	-1.510
1617.063	-373.606	-1.510
1617.080	-373.880	-1.510
1617.096	-374.152	-1.511
1617.113	-374.422	-1.511
1617.129	-374.691	-1.511
1617.145	-374.958	-1.511
1617.161	-375.223	-1.511
1617.176	-375.487	-1.511
1617.192	-375.749	-1.511
1617.208	-376.010	-1.511
1617.223	-376.269	-1.511
1617.238	-376.526	-1.511
1617.253	-376.782	-1.511
1617.268	-377.036	-1.511
1617.283	-377.288	-1.512
1617.298	-377.539	-1.512
1617.313	-377.789	-1.512
1617.328	-378.036	-1.512
1617.342	-378.283	-1.512
1617.356	-378.527	-1.512
1617.371	-378.770	-1.512
1617.385	-379.012	-1.512
1617.399	-379.252	-1.512
1617.413	-379.491	-1.512
1617.427	-379.728	-1.512
1617.441	-379.963	-1.512
1617.454	-380.197	-1.512
1617.468	-380.430	-1.512
1617.481	-380.661	-1.512
1617.495	-380.890	-1.513
1617.508	-381.119	-1.513
1617.521	-381.345	-1.513
1617.534	-381.571	-1.513
1617.547	-381.795	-1.513
1617.560	-382.017	-1.513
1617.573	-382.238	-1.513
1617.585	-382.458	-1.513
1617.598	-382.677	-1.513
1617.611	-382.894	-1.513
1617.623	-383.109	-1.513
1617.635	-383.324	-1.513
1617.648	-383.537	-1.513
1617.660	-383.749	-1.513
1617.672	-383.959	-1.513
1617.684	-384.169	-1.513
1617.696	-384.377	-1.513
1617.708	-384.583	-1.513
1617.719	-384.789	-1.514
1617.731	-384.993	-1.514
1617.742	-385.196	-1.514
1617.754	-385.398	-1.514
1617.765	-385.599	-1.514
1617.788	-385.997	-1.514
1617.810	-386.390	-1.514
1617.832	-386.779	-1.514
1617.853	-387.163	-1.515
1617.874	-387.544	-1.515
1617.895	-387.920	-1.515
1617.915	-388.292	-1.516
1617.934	-388.660	-1.516
1617.953	-389.024	-1.517
1617.972	-389.384	-1.518
1617.990	-389.741	-1.519
1618.007	-390.095	-1.520
1618.024	-390.445	-1.521
1618.040	-390.792	-1.522
1618.055	-391.135	-1.523
1618.070	-391.476	-1.525
1618.084	-391.814	-1.526
1618.096	-392.149	-1.528
1618.108	-392.481	-1.530
1618.119	-392.811	-1.532
1618.129	-393.139	-1.534
1618.137	-393.464	-1.537
1618.144	-393.787	-1.540
1618.150	-394.108	-1.543
1618.155	-394.427	-1.546
1618.158	-394.744	-1.550
1618.160	-395.059	-1.554
1618.160	-395.373	-1.558
1618.158	-395.685	-1.562
1618.155	-395.995	-1.567
1618.150	-396.304	-1.572
1618.142	-396.611	-1.577
1618.133	-396.916	-1.582
1618.122	-397.221	-1.588
1618.108	-397.523	-1.595
1618.092	-397.825	-1.601
1618.073	-398.125	-1.608
1618.052	-398.424	-1.616
1618.028	-398.721	-1.624
1618.001	-399.018	-1.632
1617.971	-399.313	-1.641
1617.938	-399.607	-1.650
1617.902	-399.899	-1.660
1617.862	-400.190	-1.670
1617.819	-400.480	-1.680
1617.772	-400.769	-1.692
1617.721	-401.056	-1.703
1617.666	-401.342	-1.715
1617.608	-401.627	-1.728
1617.545	-401.910	-1.741
1617.478	-402.191	-1.754
1617.407	-402.471	-1.768
1617.331	-402.749	-1.782
1617.251	-403.026	-1.797
1617.167	-403.300	-1.812
1617.078	-403.572	-1.827
1616.985	-403.842	-1.843
1616.887	-404.110	-1.859
1616.784	-404.375	-1.876
1616.677	-404.638	-1.893
1616.565	-404.898	-1.910
1616.448	-405.156	-1.928
1616.326	-405.410	-1.946
1616.200	-405.662	-1.964
1616.068	-405.910	-1.983
1615.932	-406.155	-2.002
1615.791	-406.397	-2.022
1615.645	-406.636	-2.041
1615.494	-406.871	-2.061
1615.338	-407.103	-2.082
1615.177	-407.331	-2.102
1615.012	-407.556	-2.123
1614.842	-407.776	-2.144
1614.667	-407.993	-2.165
1614.487	-408.206	-2.186
1614.303	-408.415	-2.207
1614.114	-408.620	-2.229
1613.920	-408.820	-2.251
1613.722	-409.016	-2.272
1613.520	-409.208	-2.294
1613.314	-409.395	-2.316
1613.103	-409.578	-2.338
1612.888	-409.756	-2.360
1612.669	-409.929	-2.382
1612.447	-410.097	-2.404
1612.220	-410.261	-2.427
1611.990	-410.420	-2.449
1611.756	-410.573	-2.471
1611.519	-410.722	-2.492
1611.279	-410.866	-2.514
1611.035	-411.005	-2.536
1610.788	-411.139	-2.558
1610.539	-411.268	-2.579
1610.286	-411.391	-2.600
1610.031	-411.510	-2.621
1609.773	-411.624	-2.642
1609.512	-411.733	-2.663
1609.249	-411.837	-2.683
1608.984	-411.936	-2.703
1608.717	-412.030	-2.723
1608.447	-412.120	-2.743
1608.175	-412.205	-2.762
1607.901	-412.285	-2.781
1607.626	-412.360	-2.800
1607.348	-412.431	-2.818
1607.069	-412.498	-2.836
1606.788	-412.561	-2.854
1606.506	-412.619	-2.871
1606.221	-412.673	-2.888
1605.936	-412.723	-2.904
1605.648	-412.769	-2.920
1605.360	-412.811	-2.936
1605.069	-412.849	-2.951
1604.777	-412.884	-2.966
1604.484	-412.915	-2.980
1604.189	-412.943	-2.994
1603.893	-412.967	-3.008
1603.595	-412.989	-3.021
1603.296	-413.007	-3.034
1602.995	-413.022	-3.046
1602.692	-413.034	-3.057
1602.388	-413.044	-3.069
1602.083	-413.050	-3.080
1601.775	-413.055	-3.090
1601.466	-413.057	-3.100
1601.155	-413.056	-3.109
1600.842	-413.053	-3.118
1600.528	-413.049	-3.127
1600.211	-413.042	-3.135
1599.892	-413.033	3.141
1599.571	-413.022	3.134
1599.248	-413.010	3.127
1598.923	-412.996	3.120
1598.595	-412.981	3.114
1598.265	-412.964	3.109
1597.933	-412.946	3.104
1597.597	-412.926	3.099
1597.260	-412.906	3.095
1596.919	-412.884	3.091
1596.576	-412.861	3.087
1596.230	-412.837	3.084
1595.881	-412.813	3.081
1595.529	-412.787	3.078
1595.174	-412.761	3.076
1594.815	-412.735	3.074
1594.454	-412.707	3.072
1594.090	-412.680	3.070
1593.722	-412.652	3.069
1593.351	-412.623	3.068
1592.977	-412.594	3.067
1592.599	-412.565	3.067
1592.218	-412.536	3.066
1591.833	-412.507	3.066
1591.445	-412.477	3.066
1591.054	-412.448	3.067
1590.658	-412.419	3.067
1590.259	-412.389	3.067
1590.059	-412.375	3.068
1589.857	-412.360	3.068
1589.654	-412.346	3.069
1589.450	-412.331	3.069
1589.246	-412.317	3.069
1589.040	-412.303	3.070
1588.834	-412.288	3.070
1588.626	-412.274	3.071
1588.418	-412.260	3.071
1588.208	-412.246	3.072
1587.998	-412.232	3.073
1587.787	-412.218	3.073
1587.575	-412.204	3.074
1587.361	-412.190	3.074
1587.147	-412.176	3.075
1586.932	-412.162	3.075
1586.716	-412.149	3.076
1586.499	-412.135	3.077
1586.280	-412.122	3.077
1586.061	-412.108	3.078
1585.841	-412.095	3.078
1585.620	-412.082	3.079
1585.398	-412.068	3.080
1585.175	-412.055	3.080
1584.950	-412.042	3.081
1584.725	-412.029	3.081
1584.499	-412.016	3.082
1584.272	-412.003	3.083
1584.044	-411.990	3.083
1583.814	-411.978	3.084
1583.584	-411.965	3.084
1583.353	-411.952	3.085
1583.120	-411.940	3.085
1582.887	-411.927	3.086
1582.652	-411.915	3.087
1582.417	-411.902	3.087
1582.181	-411.890	3.088
1581.943	-411.878	3.088
1581.704	-411.865	3.089
1581.465	-411.853	3.089
1581.224	-411.841	3.090
1580.982	-411.829	3.090
1580.739	-411.817	3.091
1580.496	-411.805	3.091
1580.251	-411.793	3.091
1580.005	-411.781	3.092
1579.758	-411.769	3.092
1579.509	-411.758	3.093
1579.260	-411.746	3.093
1579.010	-411.734	3.094
1578.759	-411.723	3.094
1578.506	-411.711	3.094
1578.253	-411.699	3.095
1577.998	-411.688	3.095
1577.743	-411.676	3.096
1577.486	-411.665	3.096
1577.228	-411.654	3.096
1576.969	-411.642	3.097
1576.709	-411.631	3.097
1576.448	-411.620	3.098
1576.186	-411.609	3.098
1575.923	-411.597	3.098
1575.658	-411.586	3.099
1575.393	-411.575	3.099
1575.126	-411.564	3.099
1574.859	-411.553	3.100
1574.590	-411.542	3.100
1574.320	-411.531	3.100
1574.049	-411.520	3.100
1573.777	-411.509	3.101
1573.504	-411.498	3.101
1573.229	-411.487	3.101
1572.954	-411.477	3.102
1572.678	-411.466	3.102
1572.400	-411.455	3.102
1572.121	-411.444	3.102
1571.841	-411.434	3.103
1571.560	-411.423	3.103
1571.278	-411.412	3.103
1570.995	-411.401	3.103
1570.711	-411.391	3.104
1570.425	-411.380	3.104
1570.139	-411.370	3.104
1569.851	-411.359	3.104
1569.562	-411.349	3.105
1569.272	-411.338	3.105
1568.981	-411.328	3.105
1568.689	-411.317	3.105
1568.396	-411.307	3.106
1568.101	-411.296	3.106
1567.805	-411.286	3.106
1567.509	-411.275	3.106
1567.211	-411.265	3.106
1566.912	-411.254	3.106
1566.612	-411.244	3.107
1566.310	-411.234	3.107
1566.008	-411.223	3.107
1565.704	-411.213	3.107
1565.400	-411.202	3.107
1565.094	-411.192	3.108
1564.787	-411.182	3.108
1564.478	-411.171	3.108
1564.169	-411.161	3.108
1563.859	-411.151	3.108
1563.547	-411.140	3.108
1563.234	-411.130	3.108
1562.921	-411.120	3.109
1562.606	-411.110	3.109
1562.290	-411.099	3.109
1561.974	-411.089	3.109
1561.656	-411.079	3.109
1561.338	-411.068	3.109
1561.019	-411.058	3.109
1560.700	-411.048	3.109
1560.380	-411.038	3.110
1560.060	-411.028	3.110
1559.740	-411.017	3.110
1559.420	-411.007	3.110
1559.099	-410.997	3.110
1558.778	-410.987	3.110
1558.458	-410.977	3.110
1558.138	-410.967	3.110
1557.818	-410.957	3.110
1557.498	-410.947	3.111
1557.178	-410.938	3.111
1556.858	-410.928	3.111
1556.539	-410.918	3.111
1556.219	-410.908	3.111
1555.900	-410.898	3.111
1555.581	-410.889	3.111
1555.262	-410.879	3.111
1554.943	-410.869	3.111
1554.624	-410.860	3.111
1554.306	-410.850	3.111
1553.987	-410.841	3.112
1553.669	-410.831	3.112
1553.351	-410.822	3.112
1553.033	-410.812	3.112
1552.715	-410.803	3.112
1552.398	-410.793	3.112
1552.080	-410.784	3.112
1551.763	-410.775	3.112
1551.445	-410.765	3.112
1551.128	-410.756	3.112
1550.812	-410.747	3.112
1550.496	-410.737	3.112
1550.180	-410.728	3.112
1549.865	-410.719	3.112
1549.551	-410.710	3.113
1549.238	-410.701	3.113
1548.926	-410.692	3.113
1548.615	-410.683	3.113
1548.305	-410.674	3.113
1547.997	-410.665	3.113
1547.690	-410.656	3.113
1547.385	-410.648	3.113
1547.081	-410.639	3.113
1546.778	-410.630	3.113
1546.478	-410.622	3.113
1546.179	-410.613	3.113
1545.882	-410.605	3.113
1545.587	-410.596	3.113
1545.294	-410.588	3.113
1545.004	-410.580	3.113
1544.715	-410.572	3.113
1544.428	-410.563	3.113
1544.144	-410.555	3.113
1543.862	-410.547	3.113
1543.582	-410.540	3.113
1543.305	-410.532	3.113
1543.030	-410.524	3.114
1542.758	-410.516	3.114
1542.488	-410.509	3.114
1542.220	-410.501	3.114
1541.956	-410.494	3.114
1541.694	-410.487	3.114
1541.434	-410.480	3.114
1541.177	-410.472	3.114
1540.923	-410.465	3.114
1540.671	-410.458	3.114
1540.423	-410.452	3.114
1540.176	-410.445	3.114
1539.932	-410.438	3.114
1539.691	-410.431	3.114
1539.453	-410.425	3.114
1539.217	-410.418	3.114
1538.984	-410.412	3.114
1538.753	-410.406	3.114
1538.525	-410.399	3.114
1538.299	-410.393	3.114
1538.077	-410.387	3.114
1537.856	-410.381	3.114
1537.639	-410.375	3.114
1537.424	-410.369	3.114
1537.211	-410.363	3.114
1537.002	-410.358	3.114
1536.795	-410.352	3.114
1536.590	-410.346	3.114
1536.388	-410.341	3.114
1535.992	-410.330	3.114
1535.607	-410.320	3.114
1535.232	-410.310	3.114
1534.867	-410.300	3.114
1534.513	-410.290	3.115
1534.169	-410.281	3.115
1533.836	-410.272	3.115
1533.513	-410.263	3.115
1533.201	-410.255	3.115
1532.899	-410.247	3.115
1532.607	-410.239	3.115
1532.326	-410.231	3.115
1532.055	-410.224	3.115
1531.795	-410.217	3.115
1531.545	-410.211	3.115
1531.306	-410.204	3.115
1531.077	-410.198	3.115
1530.859	-410.192	3.115
1530.650	-410.187	3.115
1530.356	-410.179	3.115
1530.083	-410.172	3.115
1529.831	-410.165	3.115
1529.597	-410.159	3.115
1529.380	-410.154	3.115
1529.176	-410.148	3.115
1528.921	-410.142	3.115
1528.683	-410.136	3.116
1528.458	-410.130	3.116
1528.246	-410.125	3.116
1528.044	-410.120	3.116
1527.805	-410.114	3.116
1527.579	-410.108	3.116
1527.364	-410.103	3.116
1527.161	-410.098	3.116
1526.932	-410.093	3.117
1526.732	-410.088	3.117
1526.531	-410.083	3.117
1526.318	-410.078	3.117
1526.115	-410.073	3.117
1525.915	-410.069	3.117
1525.673	-410.063	3.117
1525.438	-410.057	3.117
1525.229	-410.052	3.117
1525.001	-410.047	3.117
1524.754	-410.040	3.117
1524.488	-410.034	3.117
1524.276	-410.028	3.117
1524.053	-410.023	3.117
1523.819	-410.017	3.117
1523.575	-410.010	3.117
1523.319	-410.004	3.116
1523.053	-409.997	3.116
1522.776	-409.990	3.116
1522.488	-409.982	3.116
1522.190	-409.974	3.116
1521.985	-409.969	3.116
1521.775	-409.963	3.116
1521.561	-409.957	3.115
1521.341	-409.951	3.115
1521.117	-409.945	3.115
1520.888	-409.939	3.115
1520.654	-409.932	3.115
1520.416	-409.926	3.115
1520.173	-409.919	3.115
1519.924	-409.912	3.115
1519.671	-409.905	3.114
1519.414	-409.898	3.114
1519.151	-409.891	3.114
1518.884	-409.883	3.114
1518.612	-409.876	3.114
1518.335	-409.868	3.114
1518.053	-409.860	3.114
1517.767	-409.852	3.114
1517.475	-409.843	3.113
1517.179	-409.835	3.113
1516.878	-409.826	3.113
1516.573	-409.817	3.113
1516.262	-409.808	3.113
1515.947	-409.799	3.113
1515.627	-409.790	3.113
1515.302	-409.780	3.113
1514.972	-409.770	3.113
1514.638	-409.761	3.112
1514.299	-409.751	3.112
1513.955	-409.740	3.112
1513.606	-409.730	3.112
1513.252	-409.719	3.112
1512.894	-409.709	3.112
1512.530	-409.698	3.112
1512.162	-409.687	3.112
1511.790	-409.676	3.112
1511.412	-409.664	3.112
1511.030	-409.653	3.112
1510.642	-409.641	3.111
1510.251	-409.629	3.111
1509.854	-409.617	3.111
1509.654	-409.611	3.111
1509.452	-409.605	3.111
1509.250	-409.598	3.111
1509.046	-409.592	3.111
1508.841	-409.586	3.111
1508.635	-409.579	3.111
1508.427	-409.573	3.111
1508.219	-409.567	3.111
1508.009	-409.560	3.111
1507.798	-409.554	3.111
1507.586	-409.547	3.111
1507.372	-409.541	3.111
1507.158	-409.534	3.111
1506.942	-409.527	3.111
1506.725	-409.520	3.111
1506.507	-409.514	3.111
1506.288	-409.507	3.111
1506.067	-409.500	3.111
1505.845	-409.493	3.111
1505.622	-409.486	3.111
1505.398	-409.479	3.110
1505.173	-409.472	3.110
1504.946	-409.465	3.110
1504.719	-409.458	3.110
1504.490	-409.451	3.110
1504.259	-409.443	3.110
1504.028	-409.436	3.110
1503.796	-409.429	3.110
1503.562	-409.421	3.110
1503.327	-409.414	3.110
1503.091	-409.407	3.110
1502.853	-409.399	3.110
1502.615	-409.392	3.110
1502.375	-409.384	3.110
1502.134	-409.376	3.110
1501.892	-409.369	3.110
1501.649	-409.361	3.110
1501.404	-409.353	3.110
1501.158	-409.345	3.110
1500.912	-409.337	3.110
1500.663	-409.330	3.110
1500.414	-409.322	3.110
1500.164	-409.314	3.110
1499.912	-409.306	3.110
1499.659	-409.297	3.110
1499.405	-409.289	3.110
1499.150	-409.281	3.110
1498.893	-409.273	3.110
1498.635	-409.265	3.110
1498.376	-409.256	3.110
1498.116	-409.248	3.110
1497.855	-409.239	3.109
1497.593	-409.231	3.109
1497.329	-409.223	3.109
1497.064	-409.214	3.109
1496.798	-409.205	3.109
1496.531	-409.197	3.109
1496.262	-409.188	3.109
1495.992	-409.179	3.109
1495.721	-409.171	3.109
1495.449	-409.162	3.109
1495.176	-409.153	3.109
1494.902	-409.144	3.109
1494.626	-409.135	3.109
1494.349	-409.126	3.109
1494.071	-409.117	3.109
1493.792	-409.108	3.109
1493.511	-409.099	3.109
1493.230	-409.089	3.109
1492.947	-409.080	3.109
1492.663	-409.071	3.109
1492.377	-409.061	3.109
1492.091	-409.052	3.109
1491.803	-409.043	3.109
1491.514	-409.033	3.109
1491.224	-409.024	3.109
1490.933	-409.014	3.109
1490.641	-409.004	3.109
1490.347	-408.995	3.109
1490.052	-408.985	3.109
1489.756	-408.975	3.109
1489.459	-408.965	3.109
1489.160	-408.956	3.109
1488.861	-408.946	3.109
1488.560	-408.936	3.109
1488.258	-408.926	3.109
1487.955	-408.916	3.108
1487.650	-408.906	3.108
1487.345	-408.895	3.108
1487.038	-408.885	3.108
1486.730	-408.875	3.108
1486.421	-408.865	3.108
1486.110	-408.854	3.108
1485.799	-408.844	3.108
1485.486	-408.834	3.108
1485.172	-408.823	3.108
1484.856	-408.813	3.108
1484.540	-408.802	3.108
1484.222	-408.791	3.108
1483.904	-408.781	3.108
1483.584	-408.770	3.108
1483.262	-408.759	3.108
1482.940	-408.748	3.108
1482.616	-408.738	3.108
1482.292	-408.727	3.108
1481.966	-408.716	3.108
1481.638	-408.705	3.108
1481.310	-408.694	3.108
1480.981	-408.683	3.108
1480.650	-408.671	3.108
1480.318	-408.660	3.108
1479.985	-408.649	3.108
1479.650	-408.638	3.108
1479.315	-408.626	3.108
1478.978	-408.615	3.108
1478.640	-408.604	3.108
1478.301	-408.592	3.108
1477.960	-408.581	3.108
1477.619	-408.569	3.108
1477.276	-408.557	3.108
1476.932	-408.546	3.108
1476.587	-408.534	3.108
1476.241	-408.522	3.108
1475.893	-408.510	3.108
1475.544	-408.499	3.108
1475.194	-408.487	3.108
1474.843	-408.475	3.108
1474.491	-408.463	3.108
1474.137	-408.451	3.108
1473.783	-408.439	3.108
1473.427	-408.427	3.108
1473.069	-408.414	3.108
1472.711	-408.402	3.107
1472.352	-408.390	3.107
1471.991	-408.378	3.107
1471.629	-408.365	3.107
1471.266	-408.353	3.107
1470.901	-408.340	3.107
1470.536	-408.328	3.107
1470.169	-408.315	3.107
1469.801	-408.303	3.107
1469.432	-408.290	3.107
1469.062	-408.277	3.107
1468.690	-408.265	3.107
1468.318	-408.252	3.107
1467.944	-408.239	3.107
1467.569	-408.226	3.107
1467.192	-408.213	3.107
1466.815	-408.200	3.107
1466.436	-408.187	3.107
1466.056	-408.174	3.107
1465.675	-408.161	3.107
1465.293	-408.148	3.107
1464.909	-408.135	3.107
1464.525	-408.122	3.107
1464.139	-408.108	3.107
1463.752	-408.095	3.107
1463.363	-408.082	3.107
1462.974	-408.068	3.107
1462.583	-408.055	3.107
1462.191	-408.041	3.107
1461.798	-408.028	3.107
1461.404	-408.014	3.107
1461.009	-408.000	3.107
1460.612	-407.987	3.107
1460.214	-407.973	3.107
1459.815	-407.959	3.107
1459.415	-407.945	3.107
1459.013	-407.932	3.107
1458.611	-407.918	3.107
1458.207	-407.904	3.107
1457.802	-407.890	3.107
1457.396	-407.876	3.107
1456.988	-407.862	3.107
1456.580	-407.848	3.107
1456.170	-407.833	3.107
1455.759	-407.819	3.107
1455.346	-407.805	3.107
1454.933	-407.791	3.107
1454.518	-407.776	3.107
1454.103	-407.762	3.107
1453.686	-407.748	3.107
1453.267	-407.733	3.107
1452.848	-407.719	3.107
1452.427	-407.704	3.107
1452.005	-407.690	3.107
1451.582	-407.675	3.107
1451.158	-407.660	3.107
1450.733	-407.646	3.107
1450.306	-407.631	3.107
1449.878	-407.616	3.107
1449.449	-407.601	3.107
1449.019	-407.586	3.107
1448.588	-407.571	3.107
1448.155	-407.557	3.107
1447.721	-407.542	3.107
1447.286	-407.527	3.107
1446.850	-407.511	3.107
1446.413	-407.496	3.107
1445.974	-407.481	3.107
1445.535	-407.466	3.107
1445.094	-407.451	3.107
1444.651	-407.436	3.107
1444.208	-407.420	3.107
1443.763	-407.405	3.107
1443.318	-407.390	3.107
1442.871	-407.374	3.107
1442.423	-407.359	3.107
1441.973	-407.343	3.107
1441.523	-407.328	3.107
1441.071	-407.312	3.107
1440.618	-407.297	3.107
1440.164	-407.281	3.107
1439.708	-407.265	3.107
1439.252	-407.250	3.107
1438.794	-407.234	3.107
1438.335	-407.218	3.107
1437.875	-407.202	3.107
1437.414	-407.187	3.107
1436.951	-407.171	3.107
1436.487	-407.155	3.107
1436.023	-407.139	3.107
1435.556	-407.123	3.107
1435.089	-407.107	3.107
1434.621	-407.091	3.107
1434.151	-407.075	3.107
1433.680	-407.059	3.107
1433.208	-407.042	3.107
1432.735	-407.026	3.107
1432.260	-407.010	3.107
1431.785	-406.994	3.107
1431.308	-406.977	3.107
1430.830	-406.961	3.107
1430.351	-406.945	3.107
1429.871	-406.928	3.108
1429.390	-406.912	3.108
1428.907	-406.895	3.108
1428.424	-406.879	3.108
1427.939	-406.863	3.108
1427.454	-406.846	3.108
1426.967	-406.829	3.108
1426.480	-406.813	3.108
1425.991	-406.796	3.108
1425.502	-406.780	3.108
1425.011	-406.763	3.108
1424.519	-406.746	3.108
1424.027	-406.729	3.108
1423.534	-406.713	3.108
1423.039	-406.696	3.108
1422.544	-406.679	3.108
1422.048	-406.662	3.108
1421.551	-406.646	3.108
1421.053	-406.629	3.108
1420.554	-406.612	3.108
1420.054	-406.595	3.108
1419.553	-406.578	3.108
1419.052	-406.561	3.108
1418.550	-406.544	3.108
1418.047	-406.527	3.108
1417.543	-406.510	3.108
1417.039	-406.493	3.108
1416.533	-406.476	3.108
1416.027	-406.459	3.108
1415.520	-406.442	3.108
1415.013	-406.425	3.108
1414.504	-406.408	3.108
1413.995	-406.391	3.108
1413.486	-406.374	3.108
1412.975	-406.356	3.108
1412.464	-406.339	3.108
1411.952	-406.322	3.108
1411.440	-406.305	3.108
1410.927	-406.288	3.108
1410.413	-406.270	3.108
1409.898	-406.253	3.108
1409.383	-406.236	3.108
1408.868	-406.219	3.108
1408.351	-406.201	3.108
1407.835	-406.184	3.108
1407.317	-406.167	3.108
1406.799	-406.150	3.108
1406.281	-406.132	3.108
1405.761	-406.115	3.108
1405.242	-406.098	3.108
1404.721	-406.080	3.108
1404.201	-406.063	3.108
1403.679	-406.045	3.108
1403.157	-406.028	3.108
1402.635	-406.011	3.108
1402.112	-405.993	3.108
1401.589	-405.976	3.108
1401.065	-405.958	3.108
1400.541	-405.941	3.108
1400.016	-405.924	3.108
1399.490	-405.906	3.108
1398.965	-405.889	3.108
1398.438	-405.871	3.108
1397.912	-405.854	3.108
1397.385	-405.836	3.108
1396.857	-405.819	3.108
1396.329	-405.801	3.108
1395.801	-405.784	3.109
1395.272	-405.766	3.109
1394.743	-405.749	3.109
1394.213	-405.731	3.109
1393.683	-405.714	3.109
1393.153	-405.696	3.109
1392.622	-405.678	3.109
1392.091	-405.661	3.109
1391.559	-405.643	3.109
1391.027	-405.626	3.109
1390.495	-405.608	3.109
1389.963	-405.591	3.109
1389.430	-405.573	3.109
1388.896	-405.555	3.109
1388.363	-405.538	3.109
1387.829	-405.520	3.109
1387.294	-405.503	3.109
1386.760	-405.485	3.109
1386.225	-405.467	3.109
1385.689	-405.450	3.109
1385.154	-405.432	3.109
1384.618	-405.414	3.109
1384.082	-405.397	3.109
1383.545	-405.379	3.109
1383.008	-405.361	3.109
1382.471	-405.344	3.109
1381.934	-405.326	3.109
1381.396	-405.308	3.109
