0.0 -3.65742151782993 0
1.0 -3.65742151782993 0
2.0 -3.65742151782993 0
3.0 -3.65742151782993 0
4.0 -3.65742151782993 0
5.0 -3.65742151782993 0
6.0 -3.65742151782993 0
7.0 -3.65742151782993 0
8.0 -3.65742151782993 0
9.0 -3.65742151782993 0
10.0 -3.65742151782993 0
11.0 -3.65742151782993 0
12.0 -3.65742151782993 0
13.0 -3.65742151782993 0
14.0 -3.65742151782993 0
15.0 -3.65742151782993 0
16.0 -3.65742151782993 0
17.0 -3.65742151782993 0
18.0 -3.65742151782993 0
19.0 -3.65742151782993 0
20.0 -3.65742151782993 0
21.0 -3.65742151782993 0
22.0 -3.65742151782993 0
23.0 -3.65742151782993 0
24.0 -3.65742151782993 0
25.0 -3.65742151782993 0
26.0 -3.65742151782993 0
27.0 -3.65742151782993 0
28.0 -3.65742151782993 0
29.0 -3.65742151782993 0
30.0 -3.65742151782993 0
31.0 -3.65742151782993 0
32.0 -3.65742151782993 0
33.0 -3.65742151782993 0
34.0 -3.65742151782993 0
35.0 -3.65742151782993 0
36.0 -3.65742151782993 0
37.0 -3.65742151782993 0
38.0 -3.65742151782993 0
39.0 -3.65742151782993 0
40.0 -3.65742151782993 0
41.0 -3.65742151782993 0
42.0 -3.65742151782993 0
43.0 -3.65742151782993 0
44.0 -3.65742151782993 0
45.0 -3.65742151782993 0
46.0 -3.65742151782993 0
47.0 -3.65742151782993 0
48.0 -3.65742151782993 0
49.0 -3.65742151782993 0
50.0 -3.65742151782993 0
51.0 -3.65742151782993 0
52.0 -3.65742151782993 0
53.0 -3.65742151782993 0
54.0 -3.65742151782993 0
55.0 -3.65742151782993 0
56.0 -3.65742151782993 0
57.0 -3.65742151782993 0
58.0 -3.65742151782993 0
59.0 -3.65742151782993 0
60.0 -3.65742151782993 0
61.0 -3.65742151782993 0
62.0 -3.65742151782993 0
63.0 -3.65742151782993 0
64.0 -3.65742151782993 0
65.0 -3.65742151782993 0
66.0 -3.65742151782993 0
67.0 -3.65742151782993 0
68.0 -3.65742151782993 0
69.0 -3.65742151782993 0
70.0 -3.65742151782993 0
71.0 -3.65742151782993 0
72.0 -3.65742151782993 0
73.0 -3.65742151782993 0
74.0 -3.65742151782993 0
75.0 -3.65742151782993 0
76.0 -3.65742151782993 0
77.0 -3.65742151782993 0
78.0 -3.65742151782993 0
79.0 -3.65742151782993 0
80.0 -3.65742151782993 0
81.0 -3.65742151782993 0
82.0 -3.65742151782993 0
83.0 -3.65742151782993 0
84.0 -3.65742151782993 0
85.0 -3.65742151782993 0
86.0 -3.65742151782993 0
87.0 -3.65742151782993 0
88.0 -3.65742151782993 0
89.0 -3.65742151782993 0
90.0 -3.65742151782993 0
91.0 -3.65742151782993 0
92.0 -3.65742151782993 0
93.0 -3.65742151782993 0
94.0 -3.65742151782993 0
95.0 -3.65742151782993 0
96.0 -3.65742151782993 0
97.0 -3.65742151782993 0
98.0 -3.65742151782993 0
99.0 -3.65742151782993 0
100.0 -3.65742151782993 0
101.0 -3.65742151782993 0
102.0 -3.65742151782993 0
103.0 -3.65742151782993 0
104.0 -3.65742151782993 0
105.0 -3.65742151782993 0
106.0 -3.65742151782993 0
107.0 -3.65742151782993 0
108.0 -3.65742151782993 0
109.0 -3.65742151782993 0
110.0 -3.65742151782993 0
111.0 -3.65742151782993 0
112.0 -3.65742151782993 0
113.0 -3.65742151782993 0
114.0 -3.65742151782993 0
115.0 -3.65742151782993 0
116.0 -3.65742151782993 0
117.0 -3.65742151782993 0
118.0 -3.65742151782993 0
119.0 -3.65742151782993 0
120.0 -3.65742151782993 0
121.0 -3.65742151782993 0
122.0 -3.65742151782993 0
123.0 -3.65742151782993 0
124.0 -3.65742151782993 0
125.0 -3.65742151782993 0
126.0 -3.65742151782993 0
127.0 -3.65742151782993 0
128.0 -3.65742151782993 0
129.0 -3.65742151782993 0
130.0 -3.65742151782993 0
131.0 -3.65742151782993 0
132.0 -3.65742151782993 0
133.0 -3.65742151782993 0
134.0 -3.65742151782993 0
135.0 -3.65742151782993 0
136.0 -3.65742151782993 0
137.0 -3.65742151782993 0
138.0 -3.65742151782993 0
139.0 -3.65742151782993 0
140.0 -3.65742151782993 0
141.0 -3.65742151782993 0
142.0 -3.65742151782993 0
143.0 -3.65742151782993 0
144.0 -3.65742151782993 0
145.0 -3.65742151782993 0
146.0 -3.65742151782993 0
147.0 -3.65742151782993 0
148.0 -3.65742151782993 0
149.0 -3.65742151782993 0
150.0 -3.65742151782993 0
151.0 -3.65742151782993 0
152.0 -3.65742151782993 0
153.0 -3.65742151782993 0
154.0 -3.65742151782993 0
155.0 -3.65742151782993 0
156.0 -3.65742151782993 0
157.0 -3.65742151782993 0
158.0 -3.65742151782993 0
159.0 -3.65742151782993 0
160.0 -3.65742151782993 0
161.0 -3.65742151782993 0
162.0 -3.65742151782993 0
163.0 -3.65742151782993 0
164.0 -3.65742151782993 0
165.0 -3.65742151782993 0
166.0 -3.65742151782993 0
167.0 -3.65742151782993 0
168.0 -3.65742151782993 0
169.0 -3.65742151782993 0
170.0 -3.65742151782993 0
171.0 -3.65742151782993 0
172.0 -3.65742151782993 0
173.0 -3.65742151782993 0
174.0 -3.65742151782993 0
175.0 -3.65742151782993 0
176.0 -3.65742151782993 0
177.0 -3.65742151782993 0
178.0 -3.65742151782993 0
179.0 -3.65742151782993 0
180.0 -3.65742151782993 0
181.0 -3.65742151782993 0
182.0 -3.65742151782993 0
183.0 -3.65742151782993 0
184.0 -3.65742151782993 0
185.0 -3.65742151782993 0
186.0 -3.65742151782993 0
187.0 -3.65742151782993 0
188.0 -3.65742151782993 0
189.0 -3.65742151782993 0
190.0 -3.65742151782993 0
191.0 -3.65742151782993 0
192.0 -3.65742151782993 0
193.0 -3.65742151782993 0
194.0 -3.65742151782993 0
195.0 -3.65742151782993 0
196.0 -3.65742151782993 0
197.0 -3.65742151782993 0
198.0 -3.65742151782993 0
199.0 -3.65742151782993 0
200.0 -3.65742151782993 0
201.0 -3.65742151782993 0
202.0 -3.65742151782993 0
203.0 -3.65742151782993 0
204.0 -3.65742151782993 0
205.0 -3.65742151782993 0
206.0 -3.65742151782993 0
207.0 -3.65742151782993 0
208.0 -3.65742151782993 0
209.0 -3.65742151782993 0
210.0 -3.65742151782993 0
211.0 -3.65742151782993 0
212.0 -3.65742151782993 0
213.0 -3.65742151782993 0
214.0 -3.65742151782993 0
215.0 -3.65742151782993 0
216.0 -3.65742151782993 0
217.0 -3.65742151782993 0
218.0 -3.65742151782993 0
219.0 -3.65742151782993 0
220.0 -3.65742151782993 0
221.0 -3.65742151782993 0
222.0 -3.65742151782993 0
223.0 -3.65742151782993 0
224.0 -3.65742151782993 0
225.0 -3.65742151782993 0
226.0 -3.65742151782993 0
227.0 -3.65742151782993 0
228.0 -3.65742151782993 0
229.0 -3.65742151782993 0
230.0 -3.65742151782993 0
231.0 -3.65742151782993 0
232.0 -3.65742151782993 0
233.0 -3.65742151782993 0
234.0 -3.65742151782993 0
235.0 -3.65742151782993 0
236.0 -3.65742151782993 0
237.0 -3.65742151782993 0
238.0 -3.65742151782993 0
239.0 -3.65742151782993 0
240.0 -3.65742151782993 0
241.0 -3.65742151782993 0
242.0 -3.65742151782993 0
243.0 -3.65742151782993 0
244.0 -3.65742151782993 0
245.0 -3.65742151782993 0
246.0 -3.65742151782993 0
247.0 -3.65742151782993 0
248.0 -3.65742151782993 0
249.0 -3.65742151782993 0
250.0 -3.65742151782993 0
251.0 -3.65742151782993 0
252.0 -3.65742151782993 0
253.0 -3.65742151782993 0
254.0 -3.65742151782993 0
255.0 -3.65742151782993 0
256.0 -3.65742151782993 0
257.0 -3.65742151782993 0
258.0 -3.65742151782993 0
259.0 -3.65742151782993 0
260.0 -3.65742151782993 0
261.0 -3.65742151782993 0
262.0 -3.65742151782993 0
263.0 -3.65742151782993 0
264.0 -3.65742151782993 0
265.0 -3.65742151782993 0
266.0 -3.65742151782993 0
267.0 -3.65742151782993 0
268.0 -3.65742151782993 0
269.0 -3.65742151782993 0
270.0 -3.65742151782993 0
271.0 -3.65742151782993 0
272.0 -3.65742151782993 0
273.0 -3.65742151782993 0
274.0 -3.65742151782993 0
275.0 -3.65742151782993 0
276.0 -3.65742151782993 0
277.0 -3.65742151782993 0
278.0 -3.65742151782993 0
279.0 -3.65742151782993 0
280.0 -3.65742151782993 0
281.0 -3.65742151782993 0
282.0 -3.65742151782993 0
283.0 -3.65742151782993 0
284.0 -3.65742151782993 0
285.0 -3.65742151782993 0
286.0 -3.65742151782993 0
287.0 -3.65742151782993 0
288.0 -3.65742151782993 0
289.0 -3.65742151782993 0
290.0 -3.65742151782993 0
291.0 -3.65742151782993 0
292.0 -3.65742151782993 0
293.0 -3.65742151782993 0
294.0 -3.65742151782993 0
295.0 -3.65742151782993 0
296.0 -3.65742151782993 0
297.0 -3.65742151782993 0
298.0 -3.65742151782993 0
299.0 -3.65742151782993 0
300.0 -3.65742151782993 0
301.0 -3.65742151782993 0
302.0 -3.65742151782993 0
303.0 -3.65742151782993 0
304.0 -3.65742151782993 0
305.0 -3.65742151782993 0
306.0 -3.65742151782993 0
307.0 -3.65742151782993 0
308.0 -3.65742151782993 0
309.0 -3.65742151782993 0
310.0 -3.65742151782993 0
311.0 -3.65742151782993 0
312.0 -3.65742151782993 0
313.0 -3.65742151782993 0
314.0 -3.65742151782993 0
315.0 -3.65742151782993 0
316.0 -3.65742151782993 0
317.0 -3.65742151782993 0
318.0 -3.65742151782993 0
319.0 -3.65742151782993 0
320.0 -3.65742151782993 0
321.0 -3.65742151782993 0
322.0 -3.65742151782993 0
323.0 -3.65742151782993 0
324.0 -3.65742151782993 0
325.0 -3.65742151782993 0
326.0 -3.65742151782993 0
327.0 -3.65742151782993 0
328.0 -3.65742151782993 0
329.0 -3.65742151782993 0
330.0 -3.65742151782993 0
331.0 -3.65742151782993 0
332.0 -3.65742151782993 0
333.0 -3.65742151782993 0
334.0 -3.65742151782993 0
335.0 -3.65742151782993 0
336.0 -3.65742151782993 0
337.0 -3.65742151782993 0
338.0 -3.65742151782993 0
339.0 -3.65742151782993 0
340.0 -3.65742151782993 0
341.0 -3.65742151782993 0
342.0 -3.65742151782993 0
343.0 -3.65742151782993 0
344.0 -3.65742151782993 0
345.0 -3.65742151782993 0
346.0 -3.65742151782993 0
347.0 -3.65742151782993 0
348.0 -3.65742151782993 0
349.0 -3.65742151782993 0
350.0 -3.65742151782993 0
351.0 -3.65742151782993 0
352.0 -3.65742151782993 0
353.0 -3.65742151782993 0
354.0 -3.65742151782993 0
355.0 -3.65742151782993 0
356.0 -3.65742151782993 0
357.0 -3.65742151782993 0
358.0 -3.65742151782993 0
359.0 -3.65742151782993 0
360.0 -3.65742151782993 0
361.0 -3.65742151782993 0
362.0 -3.65742151782993 0
363.0 -3.65742151782993 0
364.0 -3.65742151782993 0
365.0 -3.65742151782993 0
366.0 -3.65742151782993 0
367.0 -3.65742151782993 0
368.0 -3.65742151782993 0
369.0 -3.65742151782993 0
370.0 -3.65742151782993 0
371.0 -3.65742151782993 0
372.0 -3.65742151782993 0
373.0 -3.65742151782993 0
374.0 -3.65742151782993 0
375.0 -3.65742151782993 0
376.0 -3.65742151782993 0
377.0 -3.65742151782993 0
378.0 -3.65742151782993 0
379.0 -3.65742151782993 0
380.0 -3.65742151782993 0
381.0 -3.65742151782993 0
382.0 -3.65742151782993 0
383.0 -3.65742151782993 0
384.0 -3.65742151782993 0
385.0 -3.65742151782993 0
386.0 -3.65742151782993 0
387.0 -3.65742151782993 0
388.0 -3.65742151782993 0
389.0 -3.65742151782993 0
390.0 -3.65742151782993 0
391.0 -3.65742151782993 0
392.0 -3.65742151782993 0
393.0 -3.65742151782993 0
394.0 -3.65742151782993 0
395.0 -3.65742151782993 0
396.0 -3.65742151782993 0
397.0 -3.65742151782993 0
398.0 -3.65742151782993 0
399.0 -3.65742151782993 0
400.0 -3.65742151782993 0
401.0 -3.65742151782993 0
402.0 -3.65742151782993 0
403.0 -3.65742151782993 0
404.0 -3.65742151782993 0
405.0 -3.65742151782993 0
406.0 -3.65742151782993 0
407.0 -3.65742151782993 0
408.0 -3.65742151782993 0
409.0 -3.65742151782993 0
410.0 -3.65742151782993 0
411.0 -3.65742151782993 0
412.0 -3.65742151782993 0
413.0 -3.65742151782993 0
414.0 -3.65742151782993 0
415.0 -3.65742151782993 0
416.0 -3.65742151782993 0
417.0 -3.65742151782993 0
418.0 -3.65742151782993 0
419.0 -3.65742151782993 0
420.0 -3.65742151782993 0
421.0 -3.65742151782993 0
422.0 -3.65742151782993 0
423.0 -3.65742151782993 0
424.0 -3.65742151782993 0
425.0 -3.65742151782993 0
426.0 -3.65742151782993 0
427.0 -3.65742151782993 0
428.0 -3.65742151782993 0
429.0 -3.65742151782993 0
430.0 -3.65742151782993 0
431.0 -3.65742151782993 0
432.0 -3.65742151782993 0
433.0 -3.65742151782993 0
434.0 -3.65742151782993 0
435.0 -3.65742151782993 0
436.0 -3.65742151782993 0
437.0 -3.65742151782993 0
438.0 -3.65742151782993 0
439.0 -3.65742151782993 0
440.0 -3.65742151782993 0
441.0 -3.65742151782993 0
442.0 -3.65742151782993 0
443.0 -3.65742151782993 0
444.0 -3.65742151782993 0
445.0 -3.65742151782993 0
446.0 -3.65742151782993 0
447.0 -3.65742151782993 0
448.0 -3.65742151782993 0
449.0 -3.65742151782993 0
450.0 -3.65742151782993 0
451.0 -3.65742151782993 0
452.0 -3.65742151782993 0
453.0 -3.65742151782993 0
454.0 -3.65742151782993 0
455.0 -3.65742151782993 0
456.0 -3.65742151782993 0
457.0 -3.65742151782993 0
458.0 -3.65742151782993 0
459.0 -3.65742151782993 0
460.0 -3.65742151782993 0
461.0 -3.65742151782993 0
462.0 -3.65742151782993 0
463.0 -3.65742151782993 0
464.0 -3.65742151782993 0
465.0 -3.65742151782993 0
466.0 -3.65742151782993 0
467.0 -3.65742151782993 0
468.0 -3.65742151782993 0
469.0 -3.65742151782993 0
470.0 -3.65742151782993 0
471.0 -3.65742151782993 0
472.0 -3.65742151782993 0
473.0 -3.65742151782993 0
474.0 -3.65742151782993 0
475.0 -3.65742151782993 0
476.0 -3.65742151782993 0
477.0 -3.65742151782993 0
478.0 -3.65742151782993 0
479.0 -3.65742151782993 0
480.0 -3.65742151782993 0
481.0 -3.65742151782993 0
482.0 -3.65742151782993 0
483.0 -3.65742151782993 0
484.0 -3.65742151782993 0
485.0 -3.65742151782993 0
486.0 -3.65742151782993 0
487.0 -3.65742151782993 0
488.0 -3.65742151782993 0
489.0 -3.65742151782993 0
490.0 -3.65742151782993 0
491.0 -3.65742151782993 0
492.0 -3.65742151782993 0
493.0 -3.65742151782993 0
494.0 -3.65742151782993 0
495.0 -3.65742151782993 0
496.0 -3.65742151782993 0
497.0 -3.65742151782993 0
498.0 -3.65742151782993 0
499.0 -3.65742151782993 0
500.0 -3.65742151782993 0
501.0 -3.65742151782993 0
502.0 -3.65742151782993 0
503.0 -3.65742151782993 0
504.0 -3.65742151782993 0
505.0 -3.65742151782993 0
506.0 -3.65742151782993 0
507.0 -3.65742151782993 0
508.0 -3.65742151782993 0
509.0 -3.65742151782993 0
510.0 -3.65742151782993 0
511.0 -3.65742151782993 0
512.0 -3.65742151782993 0
513.0 -3.65742151782993 0
514.0 -3.65742151782993 0
515.0 -3.65742151782993 0
516.0 -3.65742151782993 0
517.0 -3.65742151782993 0
518.0 -3.65742151782993 0
519.0 -3.65742151782993 0
520.0 -3.65742151782993 0
521.0 -3.65742151782993 0
522.0 -3.65742151782993 0
523.0 -3.65742151782993 0
524.0 -3.65742151782993 0
525.0 -3.65742151782993 0
526.0 -3.65742151782993 0
527.0 -3.65742151782993 0
528.0 -3.65742151782993 0
529.0 -3.65742151782993 0
530.0 -3.65742151782993 0
531.0 -3.65742151782993 0
532.0 -3.65742151782993 0
533.0 -3.65742151782993 0
534.0 -3.65742151782993 0
535.0 -3.65742151782993 0
536.0 -3.65742151782993 0
537.0 -3.65742151782993 0
538.0 -3.65742151782993 0
539.0 -3.65742151782993 0
540.0 -3.65742151782993 0
541.0 -3.65742151782993 0
542.0 -3.65742151782993 0
543.0 -3.65742151782993 0
544.0 -3.65742151782993 0
545.0 -3.65742151782993 0
546.0 -3.65742151782993 0
547.0 -3.65742151782993 0
548.0 -3.65742151782993 0
549.0 -3.65742151782993 0
550.0 -3.65742151782993 0
551.0 -3.65742151782993 0
552.0 -3.65742151782993 0
553.0 -3.65742151782993 0
554.0 -3.65742151782993 0
555.0 -3.65742151782993 0
556.0 -3.65742151782993 0
557.0 -3.65742151782993 0
558.0 -3.65742151782993 0
559.0 -3.65742151782993 0
560.0 -3.65742151782993 0
561.0 -3.65742151782993 0
562.0 -3.65742151782993 0
563.0 -3.65742151782993 0
564.0 -3.65742151782993 0
565.0 -3.65742151782993 0
566.0 -3.65742151782993 0
567.0 -3.65742151782993 0
568.0 -3.65742151782993 0
569.0 -3.65742151782993 0
570.0 -3.65742151782993 0
571.0 -3.65742151782993 0
572.0 -3.65742151782993 0
573.0 -3.65742151782993 0
574.0 -3.65742151782993 0
575.0 -3.65742151782993 0
576.0 -3.65742151782993 0
577.0 -3.65742151782993 0
578.0 -3.65742151782993 0
579.0 -3.65742151782993 0
580.0 -3.65742151782993 0
581.0 -3.65742151782993 0
582.0 -3.65742151782993 0
583.0 -3.65742151782993 0
584.0 -3.65742151782993 0
585.0 -3.65742151782993 0
586.0 -3.65742151782993 0
587.0 -3.65742151782993 0
588.0 -3.65742151782993 0
589.0 -3.65742151782993 0
590.0 -3.65742151782993 0
591.0 -3.65742151782993 0
592.0 -3.65742151782993 0
593.0 -3.65742151782993 0
594.0 -3.65742151782993 0
595.0 -3.65742151782993 0
596.0 -3.65742151782993 0
597.0 -3.65742151782993 0
598.0 -3.65742151782993 0
599.0 -3.65742151782993 0
600.0 -3.65742151782993 0
601.0 -3.65742151782993 0
602.0 -3.65742151782993 0
603.0 -3.65742151782993 0
604.0 -3.65742151782993 0
605.0 -3.65742151782993 0
606.0 -3.65742151782993 0
607.0 -3.65742151782993 0
608.0 -3.65742151782993 0
609.0 -3.65742151782993 0
610.0 -3.65742151782993 0
611.0 -3.65742151782993 0
612.0 -3.65742151782993 0
613.0 -3.65742151782993 0
614.0 -3.65742151782993 0
615.0 -3.65742151782993 0
616.0 -3.65742151782993 0
617.0 -3.65742151782993 0
618.0 -3.65742151782993 0
619.0 -3.65742151782993 0
620.0 -3.65742151782993 0
621.0 -3.65742151782993 0
622.0 -3.65742151782993 0
623.0 -3.65742151782993 0
624.0 -3.65742151782993 0
625.0 -3.65742151782993 0
626.0 -3.65742151782993 0
627.0 -3.65742151782993 0
628.0 -3.65742151782993 0
629.0 -3.65742151782993 0
630.0 -3.65742151782993 0
631.0 -3.65742151782993 0
632.0 -3.65742151782993 0
633.0 -3.65742151782993 0
634.0 -3.65742151782993 0
635.0 -3.65742151782993 0
636.0 -3.65742151782993 0
637.0 -3.65742151782993 0
638.0 -3.65742151782993 0
639.0 -3.65742151782993 0
640.0 -3.65742151782993 0
641.0 -3.65742151782993 0
642.0 -3.65742151782993 0
643.0 -3.65742151782993 0
644.0 -3.65742151782993 0
645.0 -3.65742151782993 0
646.0 -3.65742151782993 0
647.0 -3.65742151782993 0
648.0 -3.65742151782993 0
649.0 -3.65742151782993 0
650.0 -3.65742151782993 0
651.0 -3.65742151782993 0
652.0 -3.65742151782993 0
653.0 -3.65742151782993 0
654.0 -3.65742151782993 0
655.0 -3.65742151782993 0
656.0 -3.65742151782993 0
657.0 -3.65742151782993 0
658.0 -3.65742151782993 0
659.0 -3.65742151782993 0
660.0 -3.65742151782993 0
661.0 -3.65742151782993 0
662.0 -3.65742151782993 0
663.0 -3.65742151782993 0
664.0 -3.65742151782993 0
665.0 -3.65742151782993 0
666.0 -3.65742151782993 0
667.0 -3.65742151782993 0
668.0 -3.65742151782993 0
669.0 -3.65742151782993 0
670.0 -3.65742151782993 0
671.0 -3.65742151782993 0
672.0 -3.65742151782993 0
673.0 -3.65742151782993 0
674.0 -3.65742151782993 0
675.0 -3.65742151782993 0
676.0 -3.65742151782993 0
677.0 -3.65742151782993 0
678.0 -3.65742151782993 0
679.0 -3.65742151782993 0
680.0 -3.65742151782993 0
681.0 -3.65742151782993 0
682.0 -3.65742151782993 0
683.0 -3.65742151782993 0
684.0 -3.65742151782993 0
685.0 -3.65742151782993 0
686.0 -3.65742151782993 0
687.0 -3.65742151782993 0
688.0 -3.65742151782993 0
689.0 -3.65742151782993 0
690.0 -3.65742151782993 0
691.0 -3.65742151782993 0
692.0 -3.65742151782993 0
693.0 -3.65742151782993 0
694.0 -3.65742151782993 0
695.0 -3.65742151782993 0
696.0 -3.65742151782993 0
697.0 -3.65742151782993 0
698.0 -3.65742151782993 0
699.0 -3.65742151782993 0
700.0 -3.65742151782993 0
701.0 -3.65742151782993 0
702.0 -3.65742151782993 0
703.0 -3.65742151782993 0
704.0 -3.65742151782993 0
705.0 -3.65742151782993 0
706.0 -3.65742151782993 0
707.0 -3.65742151782993 0
708.0 -3.65742151782993 0
709.0 -3.65742151782993 0
710.0 -3.65742151782993 0
711.0 -3.65742151782993 0
712.0 -3.65742151782993 0
713.0 -3.65742151782993 0
714.0 -3.65742151782993 0
715.0 -3.65742151782993 0
716.0 -3.65742151782993 0
717.0 -3.65742151782993 0
718.0 -3.65742151782993 0
719.0 -3.65742151782993 0
720.0 -3.65742151782993 0
721.0 -3.65742151782993 0
722.0 -3.65742151782993 0
723.0 -3.65742151782993 0
724.0 -3.65742151782993 0
725.0 -3.65742151782993 0
726.0 -3.65742151782993 0
727.0 -3.65742151782993 0
728.0 -3.65742151782993 0
729.0 -3.65742151782993 0
730.0 -3.65742151782993 0
731.0 -3.65742151782993 0
732.0 -3.65742151782993 0
733.0 -3.65742151782993 0
734.0 -3.65742151782993 0
735.0 -3.65742151782993 0
736.0 -3.65742151782993 0
737.0 -3.65742151782993 0
738.0 -3.65742151782993 0
739.0 -3.65742151782993 0
740.0 -3.65742151782993 0
741.0 -3.65742151782993 0
742.0 -3.65742151782993 0
743.0 -3.65742151782993 0
744.0 -3.65742151782993 0
745.0 -3.65742151782993 0
746.0 -3.65742151782993 0
747.0 -3.65742151782993 0
748.0 -3.65742151782993 0
749.0 -3.65742151782993 0
750.0 -3.65742151782993 0
751.0 -3.65742151782993 0
752.0 -3.65742151782993 0
753.0 -3.65742151782993 0
754.0 -3.65742151782993 0
755.0 -3.65742151782993 0
756.0 -3.65742151782993 0
757.0 -3.65742151782993 0
758.0 -3.65742151782993 0
759.0 -3.65742151782993 0
760.0 -3.65742151782993 0
761.0 -3.65742151782993 0
762.0 -3.65742151782993 0
763.0 -3.65742151782993 0
764.0 -3.65742151782993 0
765.0 -3.65742151782993 0
766.0 -3.65742151782993 0
767.0 -3.65742151782993 0
768.0 -3.65742151782993 0
769.0 -3.65742151782993 0
770.0 -3.65742151782993 0
771.0 -3.65742151782993 0
772.0 -3.65742151782993 0
773.0 -3.65742151782993 0
774.0 -3.65742151782993 0
775.0 -3.65742151782993 0
776.0 -3.65742151782993 0
777.0 -3.65742151782993 0
778.0 -3.65742151782993 0
779.0 -3.65742151782993 0
780.0 -3.65742151782993 0
781.0 -3.65742151782993 0
782.0 -3.65742151782993 0
783.0 -3.65742151782993 0
784.0 -3.65742151782993 0
785.0 -3.65742151782993 0
786.0 -3.65742151782993 0
787.0 -3.65742151782993 0
788.0 -3.65742151782993 0
789.0 -3.65742151782993 0
790.0 -3.65742151782993 0
791.0 -3.65742151782993 0
792.0 -3.65742151782993 0
793.0 -3.65742151782993 0
794.0 -3.65742151782993 0
795.0 -3.65742151782993 0
796.0 -3.65742151782993 0
797.0 -3.65742151782993 0
798.0 -3.65742151782993 0
