-363.836 -37.061 0.006
-363.559 -37.059 0.006
-363.293 -37.057 0.006
-363.004 -37.056 0.006
-362.727 -37.054 0.006
-362.450 -37.052 0.006
-362.174 -37.050 0.006
-361.910 -37.048 0.006
-361.622 -37.047 0.006
-361.348 -37.045 0.006
-361.087 -37.043 0.006
-360.801 -37.042 0.006
-360.529 -37.040 0.006
-360.271 -37.038 0.006
-359.988 -37.037 0.006
-359.719 -37.035 0.006
-359.464 -37.033 0.006
-359.184 -37.032 0.006
-358.931 -37.030 0.006
-358.652 -37.029 0.006
-358.403 -37.027 0.006
-358.127 -37.026 0.006
-357.879 -37.024 0.005
-357.607 -37.023 0.005
-357.362 -37.021 0.005
-357.092 -37.020 0.005
-356.850 -37.018 0.005
-356.597 -37.017 0.005
-356.331 -37.016 0.005
-356.094 -37.014 0.005
-355.845 -37.013 0.005
-355.584 -37.012 0.005
-355.352 -37.010 0.005
-355.107 -37.009 0.005
-354.863 -37.008 0.005
-354.608 -37.007 0.005
-354.382 -37.005 0.005
-354.144 -37.004 0.005
-353.908 -37.003 0.005
-353.673 -37.002 0.005
-353.439 -37.001 0.005
-353.207 -37.000 0.005
-352.960 -36.999 0.005
-352.747 -36.997 0.005
-352.519 -36.996 0.005
-352.292 -36.995 0.005
-352.067 -36.994 0.005
-351.844 -36.993 0.005
-351.622 -36.992 0.004
-351.401 -36.991 0.004
-351.181 -36.990 0.004
-350.963 -36.989 0.004
-350.746 -36.988 0.004
-350.530 -36.987 0.004
-350.315 -36.986 0.004
-350.118 -36.985 0.004
-349.889 -36.985 0.004
-349.678 -36.984 0.004
-349.467 -36.983 0.004
-349.258 -36.982 0.004
-349.050 -36.981 0.004
-348.844 -36.980 0.004
-348.638 -36.979 0.004
-348.450 -36.978 0.004
-348.229 -36.978 0.004
-348.026 -36.977 0.004
-347.823 -36.976 0.004
-347.622 -36.975 0.004
-347.430 -36.974 0.004
-347.022 -36.973 0.004
-346.636 -36.971 0.004
-346.235 -36.970 0.004
-345.855 -36.968 0.004
-345.460 -36.967 0.004
-345.085 -36.965 0.004
-344.704 -36.964 0.004
-344.315 -36.963 0.004
-343.949 -36.961 0.004
-343.574 -36.960 0.004
-343.192 -36.959 0.003
-342.832 -36.957 0.003
-342.462 -36.956 0.003
-342.087 -36.955 0.003
-341.731 -36.953 0.003
-341.368 -36.952 0.003
-341.006 -36.951 0.003
-340.646 -36.950 0.003
-340.277 -36.949 0.003
-339.929 -36.947 0.003
-339.573 -36.946 0.003
-339.217 -36.945 0.003
-338.863 -36.944 0.003
-338.510 -36.943 0.003
-338.158 -36.942 0.003
-337.807 -36.941 0.003
-337.447 -36.940 0.003
-337.108 -36.938 0.003
-336.760 -36.937 0.003
-336.412 -36.936 0.003
-336.065 -36.935 0.003
-335.719 -36.934 0.003
-335.374 -36.933 0.003
-335.029 -36.932 0.003
-334.685 -36.931 0.003
-334.342 -36.930 0.003
-333.999 -36.929 0.003
-333.656 -36.928 0.003
-333.315 -36.927 0.003
-332.974 -36.926 0.003
-332.634 -36.925 0.003
-332.294 -36.924 0.003
-331.955 -36.923 0.003
-331.617 -36.922 0.003
-331.279 -36.921 0.003
-330.943 -36.920 0.003
-330.606 -36.919 0.003
-330.271 -36.918 0.003
-329.936 -36.917 0.003
-329.601 -36.916 0.003
-329.267 -36.915 0.003
-328.932 -36.914 0.003
-328.599 -36.913 0.003
-328.266 -36.912 0.003
-327.934 -36.911 0.003
-327.602 -36.910 0.003
-327.270 -36.909 0.003
-326.938 -36.908 0.003
-326.606 -36.907 0.003
-326.275 -36.906 0.003
-325.943 -36.905 0.003
-325.612 -36.904 0.003
-325.281 -36.903 0.003
-324.949 -36.902 0.003
-324.618 -36.901 0.003
-324.287 -36.900 0.003
-323.956 -36.899 0.003
-323.625 -36.898 0.003
-323.293 -36.897 0.003
-322.962 -36.896 0.003
-322.631 -36.895 0.003
-322.300 -36.894 0.003
-321.969 -36.893 0.003
-321.637 -36.892 0.003
-321.306 -36.891 0.003
-320.986 -36.890 0.003
-320.643 -36.890 0.003
-320.312 -36.889 0.003
-319.980 -36.888 0.003
-319.649 -36.887 0.003
-319.317 -36.886 0.003
-318.986 -36.885 0.003
-318.654 -36.884 0.003
-318.322 -36.883 0.003
-317.991 -36.882 0.003
-317.659 -36.881 0.003
-317.327 -36.880 0.003
-316.996 -36.879 0.003
-316.664 -36.878 0.003
-316.332 -36.877 0.003
-316.000 -36.876 0.003
-315.668 -36.875 0.003
-315.347 -36.874 0.003
-315.005 -36.874 0.003
-314.673 -36.873 0.003
-314.341 -36.872 0.003
-314.009 -36.871 0.003
-313.677 -36.870 0.003
-313.344 -36.869 0.003
-313.012 -36.868 0.003
-312.680 -36.867 0.003
-312.348 -36.866 0.003
-312.027 -36.865 0.003
-311.684 -36.865 0.003
-311.352 -36.864 0.003
-311.019 -36.863 0.003
-310.687 -36.862 0.003
-310.355 -36.861 0.003
-310.023 -36.860 0.003
-309.690 -36.859 0.003
-309.369 -36.858 0.003
-309.026 -36.858 0.003
-308.693 -36.857 0.003
-308.361 -36.856 0.003
-308.029 -36.855 0.002
-307.696 -36.854 0.002
-307.375 -36.853 0.002
-307.031 -36.853 0.002
-306.699 -36.852 0.002
-306.367 -36.851 0.002
-306.034 -36.850 0.002
-305.713 -36.849 0.002
-305.369 -36.849 0.002
-305.037 -36.848 0.002
-304.704 -36.847 0.002
-304.372 -36.846 0.002
-304.050 -36.845 0.002
-303.707 -36.845 0.002
-303.374 -36.844 0.002
-303.042 -36.843 0.002
-302.720 -36.842 0.002
-302.377 -36.842 0.002
-302.044 -36.841 0.002
-301.711 -36.840 0.002
-301.390 -36.839 0.002
-301.046 -36.839 0.002
-300.714 -36.838 0.002
-300.381 -36.837 0.002
-300.059 -36.836 0.002
-299.716 -36.836 0.002
-299.383 -36.835 0.002
-299.062 -36.834 0.002
-298.718 -36.834 0.002
-298.385 -36.833 0.002
-298.064 -36.832 0.002
-297.720 -36.832 0.002
-297.387 -36.831 0.002
-297.066 -36.830 0.002
-296.722 -36.830 0.002
-296.390 -36.829 0.002
-296.068 -36.828 0.002
-295.724 -36.828 0.002
-295.392 -36.827 0.002
-295.070 -36.826 0.002
-294.726 -36.826 0.002
-294.405 -36.825 0.002
-294.061 -36.825 0.002
-293.728 -36.824 0.002
-293.407 -36.823 0.002
-293.063 -36.823 0.002
-292.730 -36.822 0.002
-292.409 -36.821 0.002
-292.065 -36.821 0.002
-291.743 -36.820 0.002
-291.400 -36.820 0.002
-291.078 -36.819 0.002
-290.734 -36.819 0.002
-290.402 -36.818 0.002
-290.080 -36.817 0.002
-289.736 -36.817 0.002
-289.415 -36.816 0.002
-289.071 -36.816 0.002
-288.749 -36.815 0.002
-288.406 -36.815 0.002
-288.084 -36.814 0.002
-287.740 -36.814 0.002
-287.419 -36.813 0.002
-287.075 -36.813 0.002
-286.753 -36.812 0.002
-286.409 -36.812 0.002
-286.088 -36.811 0.001
-285.744 -36.811 0.001
-285.422 -36.810 0.001
-285.079 -36.810 0.001
-284.757 -36.809 0.001
-284.413 -36.809 0.001
-284.092 -36.808 0.001
-283.748 -36.808 0.001
-283.426 -36.807 0.001
-283.083 -36.807 0.001
-282.761 -36.806 0.001
-282.417 -36.806 0.001
-282.096 -36.805 0.001
-281.752 -36.805 0.001
-281.430 -36.804 0.001
-281.098 -36.804 0.001
-280.754 -36.804 0.001
-280.432 -36.803 0.001
-280.089 -36.803 0.001
-279.767 -36.802 0.001
-279.423 -36.802 0.001
-279.102 -36.801 0.001
-278.769 -36.801 0.001
-278.425 -36.801 0.001
-278.104 -36.800 0.001
-277.760 -36.800 0.001
-277.438 -36.799 0.001
-277.106 -36.799 0.001
-276.762 -36.799 0.001
-276.440 -36.798 0.001
-276.097 -36.798 0.001
-275.775 -36.797 0.001
-275.442 -36.797 0.001
-275.099 -36.797 0.001
-274.777 -36.796 0.001
-274.445 -36.796 0.001
-274.101 -36.796 0.001
-273.779 -36.795 0.001
-273.447 -36.795 0.001
-273.103 -36.795 0.001
-272.781 -36.794 0.001
-272.438 -36.794 0.001
-272.116 -36.793 0.001
-271.783 -36.793 0.001
-271.440 -36.793 0.001
-271.118 -36.792 0.001
-270.785 -36.792 0.001
-270.442 -36.792 0.001
-270.120 -36.791 0.001
-269.788 -36.791 0.001
-269.455 -36.791 0.001
-269.111 -36.791 0.001
-268.790 -36.790 0.001
-268.457 -36.790 0.001
-268.113 -36.790 0.001
-267.792 -36.789 0.001
-267.459 -36.789 0.001
-267.116 -36.789 0.001
-266.794 -36.788 0.001
-266.461 -36.788 0.001
-266.129 -36.788 0.001
-265.785 -36.788 0.001
-265.464 -36.787 0.001
-265.131 -36.787 0.001
-264.798 -36.787 0.001
-264.455 -36.787 0.001
-264.133 -36.786 0.001
-263.801 -36.786 0.001
-263.468 -36.786 0.001
-263.124 -36.786 0.001
-262.803 -36.785 0.001
-262.470 -36.785 0.001
-262.138 -36.785 0.001
-261.794 -36.785 0.001
-261.472 -36.784 0.001
-261.140 -36.784 0.001
-260.807 -36.784 0.001
-260.464 -36.784 0.001
-260.142 -36.783 0.001
-259.809 -36.783 0.001
-259.477 -36.783 0.001
-259.144 -36.783 0.001
-258.801 -36.783 0.001
-258.479 -36.782 0.001
-258.147 -36.782 0.001
-257.814 -36.782 0.001
-257.481 -36.782 0.001
-257.138 -36.782 0.001
-256.816 -36.781 0.001
-256.484 -36.781 0.001
-256.151 -36.781 0.001
-255.819 -36.781 0.001
-255.486 -36.781 0.000
-255.142 -36.781 0.000
-254.821 -36.780 0.000
-254.488 -36.780 0.000
-254.156 -36.780 0.000
-253.823 -36.780 0.000
-253.491 -36.780 0.000
-253.158 -36.780 0.000
-252.815 -36.780 0.000
-252.493 -36.779 0.000
-252.160 -36.779 0.000
-251.828 -36.779 0.000
-251.495 -36.779 0.000
-251.163 -36.779 0.000
-250.830 -36.779 0.000
-250.498 -36.779 0.000
-250.154 -36.779 0.000
-249.833 -36.778 0.000
-249.500 -36.778 0.000
-249.168 -36.778 0.000
-248.835 -36.778 0.000
-248.502 -36.778 0.000
-248.170 -36.778 0.000
-247.837 -36.778 0.000
-247.505 -36.778 0.000
-247.172 -36.778 0.000
-246.840 -36.778 0.000
-246.496 -36.778 0.000
-246.175 -36.777 0.000
-245.842 -36.777 0.000
-245.510 -36.777 0.000
-245.177 -36.777 0.000
-244.845 -36.777 0.000
-244.512 -36.777 0.000
-244.180 -36.777 0.000
-243.847 -36.777 0.000
-243.515 -36.777 0.000
-243.182 -36.777 0.000
-242.850 -36.777 0.000
-242.517 -36.777 0.000
-242.185 -36.777 0.000
-241.852 -36.777 0.000
-241.520 -36.777 0.000
-241.187 -36.777 0.000
-240.855 -36.777 0.000
-240.522 -36.777 0.000
-240.190 -36.777 0.000
-239.857 -36.777 0.000
-239.525 -36.777 0.000
-239.192 -36.777 -0.000
-238.860 -36.777 -0.000
-238.527 -36.777 -0.000
-238.195 -36.777 -0.000
-237.862 -36.777 -0.000
-237.530 -36.777 -0.000
-237.197 -36.777 -0.000
-236.865 -36.777 -0.000
-236.532 -36.777 -0.000
-236.200 -36.777 -0.000
-235.867 -36.777 -0.000
-235.535 -36.777 -0.000
-235.202 -36.777 -0.000
-234.870 -36.777 -0.000
-234.538 -36.777 -0.000
-234.205 -36.777 -0.000
-233.873 -36.777 -0.000
-233.540 -36.777 -0.000
-233.208 -36.777 -0.000
-232.875 -36.777 -0.000
-232.543 -36.777 -0.000
-232.210 -36.777 -0.000
-231.889 -36.777 -0.000
-231.545 -36.778 -0.000
-231.213 -36.778 -0.000
-230.881 -36.778 -0.000
-230.548 -36.778 -0.000
-230.216 -36.778 -0.000
-229.883 -36.778 -0.000
-229.551 -36.778 -0.000
-229.218 -36.778 -0.000
-228.886 -36.778 -0.000
-228.554 -36.778 -0.000
-228.232 -36.778 -0.000
-227.889 -36.779 -0.000
-227.556 -36.779 -0.000
-227.224 -36.779 -0.000
-226.891 -36.779 -0.000
-226.559 -36.779 -0.000
-226.227 -36.779 -0.000
-225.894 -36.779 -0.000
-225.562 -36.779 -0.000
-225.240 -36.779 -0.000
-224.897 -36.780 -0.000
-224.564 -36.780 -0.000
-224.232 -36.780 -0.000
-223.900 -36.780 -0.000
-223.567 -36.780 -0.000
-223.235 -36.780 -0.000
-222.913 -36.780 -0.000
-222.570 -36.781 -0.000
-222.238 -36.781 -0.000
-221.905 -36.781 -0.000
-221.573 -36.781 -0.001
-221.240 -36.781 -0.001
-220.919 -36.781 -0.001
-220.576 -36.782 -0.001
-220.243 -36.782 -0.001
-219.911 -36.782 -0.001
-219.578 -36.782 -0.001
-219.257 -36.782 -0.001
-218.914 -36.783 -0.001
-218.581 -36.783 -0.001
-218.249 -36.783 -0.001
-217.916 -36.783 -0.001
-217.595 -36.783 -0.001
-217.251 -36.784 -0.001
-216.919 -36.784 -0.001
-216.586 -36.784 -0.001
-216.254 -36.784 -0.001
-215.932 -36.784 -0.001
-215.589 -36.785 -0.001
-215.256 -36.785 -0.001
-214.924 -36.785 -0.001
-214.591 -36.785 -0.001
-214.270 -36.785 -0.001
-213.926 -36.786 -0.001
-213.594 -36.786 -0.001
-213.261 -36.786 -0.001
-212.939 -36.786 -0.001
-212.596 -36.787 -0.001
-212.263 -36.787 -0.001
-211.931 -36.787 -0.001
-211.609 -36.787 -0.001
-211.265 -36.788 -0.001
-210.933 -36.788 -0.001
-210.600 -36.788 -0.001
-210.278 -36.788 -0.001
-209.935 -36.789 -0.001
-209.602 -36.789 -0.001
-209.269 -36.789 -0.001
-208.948 -36.789 -0.001
-208.604 -36.790 -0.001
-208.271 -36.790 -0.001
-207.950 -36.790 -0.001
-207.606 -36.791 -0.001
-207.273 -36.791 -0.001
-206.940 -36.791 -0.001
-206.619 -36.791 -0.001
-206.275 -36.792 -0.001
-205.942 -36.792 -0.001
-205.621 -36.792 -0.001
-205.277 -36.793 -0.001
-204.944 -36.793 -0.001
-204.622 -36.793 -0.001
-204.278 -36.794 -0.001
-203.946 -36.794 -0.001
-203.624 -36.794 -0.001
-203.280 -36.795 -0.001
-202.947 -36.795 -0.001
-202.626 -36.795 -0.001
-202.282 -36.796 -0.001
-201.949 -36.796 -0.001
-201.627 -36.796 -0.001
-201.283 -36.797 -0.001
-200.951 -36.797 -0.001
-200.629 -36.797 -0.001
-200.285 -36.798 -0.001
-199.952 -36.798 -0.001
-199.630 -36.798 -0.001
-199.287 -36.799 -0.001
-198.954 -36.799 -0.001
-198.632 -36.799 -0.001
-198.288 -36.800 -0.001
-197.955 -36.800 -0.001
-197.633 -36.800 -0.001
-197.290 -36.801 -0.001
-196.968 -36.801 -0.001
-196.624 -36.802 -0.001
-196.291 -36.802 -0.001
-195.969 -36.802 -0.001
-195.625 -36.803 -0.001
-195.293 -36.803 -0.001
-194.971 -36.803 -0.001
-194.627 -36.804 -0.001
-194.305 -36.804 -0.001
-193.961 -36.805 -0.001
-193.628 -36.805 -0.001
-193.306 -36.805 -0.001
-192.963 -36.806 -0.001
-192.641 -36.806 -0.001
-192.297 -36.807 -0.001
-191.964 -36.807 -0.001
-191.642 -36.807 -0.001
-191.298 -36.808 -0.001
-190.976 -36.808 -0.001
-190.633 -36.809 -0.001
-190.311 -36.809 -0.001
-189.967 -36.810 -0.001
-189.634 -36.810 -0.001
-189.312 -36.810 -0.001
-188.968 -36.811 -0.001
-188.646 -36.811 -0.001
-188.302 -36.812 -0.001
-187.981 -36.812 -0.001
-187.637 -36.813 -0.001
-187.315 -36.813 -0.001
-186.971 -36.814 -0.001
-186.638 -36.814 -0.001
-186.316 -36.814 -0.001
-185.972 -36.815 -0.001
-185.650 -36.815 -0.001
-185.307 -36.816 -0.001
-184.985 -36.816 -0.001
-184.641 -36.817 -0.001
-184.319 -36.817 -0.001
-183.975 -36.818 -0.001
-183.653 -36.818 -0.001
-183.309 -36.819 -0.001
-182.987 -36.819 -0.001
-182.644 -36.820 -0.001
-182.322 -36.820 -0.001
-181.978 -36.821 -0.001
-181.656 -36.821 -0.001
-181.312 -36.822 -0.001
-180.990 -36.822 -0.001
-180.646 -36.823 -0.002
-180.324 -36.823 -0.002
-179.981 -36.824 -0.002
-179.659 -36.824 -0.002
-179.315 -36.825 -0.002
-178.993 -36.825 -0.002
-178.649 -36.826 -0.002
-178.327 -36.826 -0.002
-177.983 -36.827 -0.002
-177.661 -36.827 -0.002
-177.318 -36.828 -0.002
-176.996 -36.828 -0.002
-176.652 -36.829 -0.002
-176.330 -36.829 -0.002
-175.986 -36.830 -0.002
-175.664 -36.830 -0.002
-175.320 -36.831 -0.002
-174.998 -36.831 -0.002
-174.665 -36.832 -0.002
-174.322 -36.833 -0.002
-174.000 -36.833 -0.002
-173.656 -36.834 -0.002
-173.334 -36.834 -0.002
-172.990 -36.835 -0.002
-172.668 -36.835 -0.002
-172.324 -36.836 -0.002
-172.002 -36.836 -0.002
-171.669 -36.837 -0.002
-171.326 -36.838 -0.002
-171.004 -36.838 -0.002
-170.660 -36.839 -0.002
-170.338 -36.839 -0.002
-169.994 -36.840 -0.002
-169.672 -36.840 -0.002
-169.339 -36.841 -0.002
-168.995 -36.842 -0.002
-168.674 -36.842 -0.002
-168.330 -36.843 -0.002
-168.008 -36.843 -0.002
-167.675 -36.844 -0.002
-167.331 -36.845 -0.002
-167.009 -36.845 -0.002
-166.665 -36.846 -0.002
-166.343 -36.846 -0.002
-166.010 -36.847 -0.002
-165.667 -36.848 -0.002
-165.345 -36.848 -0.002
-165.001 -36.849 -0.002
-164.679 -36.849 -0.002
-164.346 -36.850 -0.002
-164.002 -36.851 -0.002
-163.680 -36.851 -0.002
-163.336 -36.852 -0.002
-163.014 -36.852 -0.002
-162.682 -36.853 -0.002
-162.338 -36.854 -0.002
-162.016 -36.854 -0.002
-161.683 -36.855 -0.002
-161.339 -36.856 -0.002
-161.017 -36.856 -0.002
-160.684 -36.857 -0.002
-160.340 -36.858 -0.002
-160.019 -36.858 -0.002
-159.686 -36.859 -0.002
-159.342 -36.860 -0.002
-159.020 -36.860 -0.002
-158.676 -36.861 -0.002
-158.354 -36.861 -0.002
-158.021 -36.862 -0.002
-157.677 -36.863 -0.002
-157.355 -36.863 -0.002
-157.023 -36.864 -0.002
-156.679 -36.865 -0.002
-156.357 -36.865 -0.002
-156.024 -36.866 -0.002
-155.680 -36.867 -0.002
-155.358 -36.867 -0.002
-155.025 -36.868 -0.002
-154.692 -36.869 -0.002
-154.348 -36.870 -0.002
-154.027 -36.870 -0.002
-153.694 -36.871 -0.002
-153.350 -36.872 -0.002
-153.028 -36.872 -0.002
-152.695 -36.873 -0.002
-152.351 -36.874 -0.002
-152.029 -36.874 -0.002
-151.696 -36.875 -0.002
-151.363 -36.876 -0.002
-151.020 -36.877 -0.002
-150.698 -36.877 -0.002
-150.365 -36.878 -0.002
-150.021 -36.879 -0.002
-149.699 -36.879 -0.002
-149.366 -36.880 -0.002
-149.033 -36.881 -0.002
-148.689 -36.882 -0.002
-148.368 -36.882 -0.002
-148.035 -36.883 -0.002
-147.691 -36.884 -0.002
-147.369 -36.884 -0.002
-147.036 -36.885 -0.002
-146.703 -36.886 -0.002
-146.359 -36.887 -0.002
-146.037 -36.887 -0.002
-145.704 -36.888 -0.002
-145.372 -36.889 -0.002
-145.028 -36.890 -0.002
-144.706 -36.890 -0.002
-144.373 -36.891 -0.002
-144.040 -36.892 -0.002
-143.696 -36.893 -0.002
-143.374 -36.893 -0.002
-143.041 -36.894 -0.002
-142.708 -36.895 -0.002
-142.365 -36.896 -0.002
-142.043 -36.896 -0.002
-141.710 -36.897 -0.002
-141.377 -36.898 -0.002
-141.033 -36.899 -0.002
-140.711 -36.899 -0.002
-140.378 -36.900 -0.002
-140.045 -36.901 -0.002
-139.713 -36.902 -0.002
-139.369 -36.903 -0.002
-139.047 -36.903 -0.002
-138.714 -36.904 -0.002
-138.381 -36.905 -0.002
-138.048 -36.906 -0.002
-137.704 -36.907 -0.002
-137.382 -36.907 -0.002
-137.049 -36.908 -0.002
-136.717 -36.909 -0.002
-136.384 -36.910 -0.002
-136.040 -36.911 -0.002
-135.718 -36.911 -0.002
-135.385 -36.912 -0.002
-135.052 -36.913 -0.002
-134.719 -36.914 -0.002
-134.375 -36.915 -0.002
-134.053 -36.915 -0.002
-133.721 -36.916 -0.002
-133.388 -36.917 -0.002
-133.055 -36.918 -0.002
-132.722 -36.919 -0.002
-132.378 -36.920 -0.002
-132.056 -36.920 -0.002
-131.723 -36.921 -0.003
-131.390 -36.922 -0.003
-131.057 -36.923 -0.003
-130.724 -36.924 -0.003
-130.380 -36.925 -0.003
-130.057 -36.925 -0.003
-129.724 -36.926 -0.003
-129.391 -36.927 -0.003
-129.057 -36.928 -0.003
-128.724 -36.929 -0.003
-128.380 -36.930 -0.003
-128.057 -36.930 -0.003
-127.723 -36.931 -0.003
-127.390 -36.932 -0.003
-127.056 -36.933 -0.003
-126.723 -36.934 -0.003
-126.389 -36.935 -0.003
-126.055 -36.936 -0.003
-125.711 -36.937 -0.003
-125.388 -36.937 -0.003
-125.054 -36.938 -0.003
-124.720 -36.939 -0.003
-124.386 -36.940 -0.003
-124.052 -36.941 -0.003
-123.718 -36.942 -0.003
-123.384 -36.943 -0.003
-123.040 -36.944 -0.003
-122.716 -36.944 -0.003
-122.382 -36.945 -0.003
-122.048 -36.946 -0.003
-121.714 -36.947 -0.003
-121.380 -36.948 -0.003
-121.046 -36.949 -0.003
-120.712 -36.950 -0.003
-120.377 -36.951 -0.003
-120.043 -36.952 -0.003
-119.699 -36.953 -0.003
-119.375 -36.953 -0.003
-119.040 -36.954 -0.003
-118.706 -36.955 -0.003
-118.372 -36.956 -0.003
-118.037 -36.957 -0.003
-117.703 -36.958 -0.003
-117.369 -36.959 -0.003
-117.034 -36.960 -0.003
-116.700 -36.961 -0.003
-116.365 -36.962 -0.003
-116.031 -36.963 -0.003
-115.696 -36.964 -0.003
-115.362 -36.965 -0.003
-115.017 -36.966 -0.003
-114.693 -36.966 -0.003
-114.358 -36.967 -0.003
-114.024 -36.968 -0.003
-113.689 -36.969 -0.003
-113.354 -36.970 -0.003
-113.020 -36.971 -0.003
-112.685 -36.972 -0.003
-112.351 -36.973 -0.003
-112.016 -36.974 -0.003
-111.681 -36.975 -0.003
-111.346 -36.976 -0.003
-111.012 -36.977 -0.003
-110.677 -36.978 -0.003
-110.342 -36.979 -0.003
-110.008 -36.980 -0.003
-109.673 -36.981 -0.003
-109.338 -36.982 -0.003
-109.003 -36.983 -0.003
-108.669 -36.984 -0.003
-108.334 -36.985 -0.003
-108.001 -36.986 -0.003
-107.669 -36.987 -0.003
-107.326 -36.988 -0.003
-107.005 -36.988 -0.003
-106.672 -36.989 -0.002
-106.331 -36.990 -0.002
-106.015 -36.990 -0.002
-105.689 -36.991 -0.001
-105.354 -36.992 -0.001
-105.032 -36.992 -0.000
-104.717 -36.992 -0.000
-104.410 -36.992 -0.000
-104.095 -36.992 -0.000
-103.800 -36.991 -0.001
-103.475 -36.991 -0.001
-103.157 -36.990 -0.002
-102.836 -36.989 -0.003
-102.513 -36.988 -0.003
-102.178 -36.987 -0.004
-101.862 -36.985 -0.006
-101.537 -36.984 -0.007
-101.191 -36.984 -0.008
-100.856 -36.984 -0.009
-100.512 -36.986 -0.009
-100.164 -36.989 -0.009
-99.820 -36.992 -0.009
-99.477 -36.995 -0.008
-99.134 -36.998 -0.008
-98.791 -37.001 -0.008
-98.448 -37.004 -0.008
-98.105 -37.007 -0.008
-97.752 -37.010 -0.007
-97.421 -37.012 -0.007
-97.071 -37.015 -0.007
-96.742 -37.017 -0.007
-96.395 -37.020 -0.007
-96.059 -37.022 -0.006
-95.725 -37.024 -0.006
-95.393 -37.026 -0.006
-95.061 -37.028 -0.006
-94.731 -37.030 -0.006
-94.401 -37.032 -0.006
-94.071 -37.034 -0.006
-93.732 -37.036 -0.005
-93.413 -37.037 -0.005
-93.085 -37.039 -0.005
-92.757 -37.041 -0.005
-92.420 -37.043 -0.005
-92.103 -37.044 -0.005
-91.767 -37.046 -0.005
-91.451 -37.047 -0.004
-91.115 -37.049 -0.004
-90.801 -37.050 -0.004
-90.466 -37.052 -0.004
-90.142 -37.053 -0.004
-89.818 -37.054 -0.004
-89.506 -37.055 -0.004
-89.172 -37.057 -0.004
-88.849 -37.058 -0.004
-88.527 -37.059 -0.004
-88.205 -37.060 -0.003
-87.894 -37.061 -0.003
-87.561 -37.063 -0.003
-87.239 -37.064 -0.003
-86.917 -37.065 -0.003
-86.596 -37.066 -0.003
-86.274 -37.067 -0.003
-85.952 -37.068 -0.003
-85.630 -37.069 -0.003
-85.308 -37.070 -0.003
-84.985 -37.071 -0.003
-84.652 -37.072 -0.003
-84.340 -37.072 -0.003
-84.018 -37.073 -0.003
-83.695 -37.074 -0.003
-83.372 -37.075 -0.003
-83.048 -37.076 -0.003
-82.725 -37.077 -0.003
-82.401 -37.078 -0.003
-82.066 -37.079 -0.003
-81.753 -37.079 -0.003
-81.428 -37.080 -0.003
-81.104 -37.081 -0.003
-80.779 -37.082 -0.003
-80.443 -37.083 -0.003
-80.129 -37.083 -0.003
-79.803 -37.084 -0.003
-79.478 -37.085 -0.003
-79.152 -37.086 -0.003
-78.826 -37.087 -0.003
-78.488 -37.088 -0.003
-78.173 -37.088 -0.003
-77.846 -37.089 -0.003
-77.519 -37.090 -0.003
-77.192 -37.091 -0.003
-76.865 -37.092 -0.003
-76.526 -37.093 -0.003
-76.210 -37.093 -0.003
-75.882 -37.094 -0.003
-75.554 -37.095 -0.003
-75.226 -37.096 -0.003
-74.897 -37.097 -0.003
-74.569 -37.098 -0.003
-74.229 -37.099 -0.003
-73.911 -37.099 -0.003
-73.584 -37.100 -0.003
-73.259 -37.101 -0.003
-72.936 -37.102 -0.003
-72.611 -37.103 -0.003
-72.286 -37.104 -0.003
-71.964 -37.105 -0.003
-71.643 -37.106 -0.003
-71.324 -37.107 -0.003
-71.006 -37.108 -0.003
-70.690 -37.109 -0.003
-70.384 -37.110 -0.003
-70.088 -37.111 -0.003
-69.799 -37.112 -0.003
-69.506 -37.113 -0.003
-69.207 -37.114 -0.003
-68.902 -37.115 -0.003
-68.594 -37.116 -0.003
-68.283 -37.117 -0.003
-67.981 -37.118 -0.003
-67.655 -37.120 -0.003
-67.336 -37.121 -0.003
-67.005 -37.122 -0.003
-66.664 -37.123 -0.003
-66.314 -37.124 -0.003
-65.969 -37.125 -0.003
-65.631 -37.126 -0.003
-65.297 -37.127 -0.003
-64.963 -37.128 -0.003
-64.629 -37.129 -0.003
-64.294 -37.130 -0.003
-63.959 -37.131 -0.003
-63.624 -37.132 -0.003
-63.291 -37.133 -0.003
-62.958 -37.134 -0.003
-62.626 -37.135 -0.003
-62.295 -37.136 -0.003
-61.966 -37.137 -0.003
-61.638 -37.138 -0.004
-61.323 -37.139 -0.004
-60.987 -37.141 -0.004
-60.663 -37.142 -0.004
-60.340 -37.143 -0.004
-60.018 -37.144 -0.004
-59.697 -37.145 -0.004
-59.387 -37.146 -0.004
-59.056 -37.148 -0.004
-58.736 -37.149 -0.004
-58.417 -37.150 -0.004
-58.110 -37.151 -0.004
-57.782 -37.153 -0.004
-57.465 -37.154 -0.004
-57.149 -37.155 -0.004
-56.844 -37.156 -0.004
-56.518 -37.158 -0.004
-56.204 -37.159 -0.004
-55.901 -37.160 -0.004
-55.576 -37.162 -0.004
-55.263 -37.163 -0.004
-54.950 -37.164 -0.004
-54.647 -37.165 -0.004
-54.323 -37.167 -0.004
-54.010 -37.168 -0.004
-53.708 -37.169 -0.004
-53.383 -37.171 -0.004
-53.081 -37.172 -0.004
-52.756 -37.174 -0.004
-52.442 -37.175 -0.004
-52.138 -37.176 -0.004
-51.813 -37.178 -0.004
-51.498 -37.179 -0.004
-51.193 -37.180 -0.004
-50.867 -37.182 -0.004
-50.562 -37.183 -0.004
-50.235 -37.185 -0.004
-49.918 -37.186 -0.004
-49.612 -37.187 -0.004
-49.284 -37.189 -0.004
-48.977 -37.190 -0.004
-48.648 -37.192 -0.004
-48.329 -37.193 -0.004
-48.021 -37.194 -0.004
-47.691 -37.196 -0.004
-47.382 -37.197 -0.004
-47.051 -37.199 -0.004
-46.742 -37.200 -0.005
-46.410 -37.202 -0.005
-46.100 -37.203 -0.005
-45.767 -37.205 -0.005
-45.446 -37.206 -0.005
-45.134 -37.207 -0.005
-44.801 -37.209 -0.005
-44.489 -37.210 -0.005
-44.155 -37.212 -0.005
-43.842 -37.213 -0.005
-43.508 -37.215 -0.005
-43.194 -37.216 -0.005
-42.859 -37.218 -0.005
-42.545 -37.219 -0.005
-42.209 -37.221 -0.005
-41.895 -37.222 -0.005
-41.559 -37.224 -0.005
-41.243 -37.225 -0.005
-40.907 -37.227 -0.005
-40.591 -37.228 -0.005
-40.254 -37.230 -0.005
-39.938 -37.231 -0.005
-39.601 -37.233 -0.005
-39.274 -37.234 -0.005
-38.956 -37.235 -0.005
-38.619 -37.237 -0.005
-38.301 -37.238 -0.005
-37.963 -37.240 -0.005
-37.645 -37.241 -0.005
-37.307 -37.243 -0.005
-36.988 -37.244 -0.005
-36.650 -37.246 -0.005
-36.331 -37.247 -0.005
-36.002 -37.249 -0.005
-35.663 -37.251 -0.005
-35.344 -37.252 -0.005
-35.005 -37.254 -0.005
-34.685 -37.255 -0.005
-34.345 -37.257 -0.005
-34.026 -37.258 -0.005
-33.686 -37.260 -0.005
-33.366 -37.261 -0.005
-33.026 -37.263 -0.005
-32.706 -37.264 -0.005
-32.365 -37.266 -0.005
-32.045 -37.267 -0.005
-31.704 -37.269 -0.005
-31.384 -37.270 -0.005
-31.043 -37.272 -0.005
-30.722 -37.273 -0.005
-30.381 -37.275 -0.005
-30.060 -37.276 -0.005
-29.729 -37.278 -0.005
-29.388 -37.280 -0.005
-29.067 -37.281 -0.005
-28.726 -37.283 -0.005
-28.404 -37.284 -0.005
-28.063 -37.286 -0.005
-27.741 -37.287 -0.005
-27.400 -37.289 -0.005
-27.078 -37.290 -0.005
-26.746 -37.292 -0.005
-26.405 -37.294 -0.005
-26.083 -37.295 -0.005
-25.741 -37.297 -0.005
-25.419 -37.298 -0.005
-25.087 -37.300 -0.005
-24.745 -37.302 -0.005
-24.423 -37.303 -0.005
-24.081 -37.305 -0.005
-23.759 -37.306 -0.005
-23.427 -37.308 -0.005
-23.085 -37.310 -0.005
-22.762 -37.311 -0.005
-22.420 -37.313 -0.005
-22.098 -37.314 -0.005
-21.765 -37.316 -0.005
-21.423 -37.318 -0.005
-21.101 -37.319 -0.005
-20.768 -37.321 -0.005
-20.426 -37.323 -0.005
-20.103 -37.324 -0.005
-19.760 -37.326 -0.005
-19.438 -37.327 -0.005
-19.105 -37.329 -0.005
-18.763 -37.331 -0.005
-18.440 -37.332 -0.005
-18.107 -37.334 -0.005
-17.765 -37.336 -0.005
-17.442 -37.337 -0.005
-17.109 -37.339 -0.005
-16.776 -37.341 -0.005
-16.434 -37.343 -0.005
-16.111 -37.344 -0.005
-15.778 -37.346 -0.005
-15.435 -37.348 -0.005
-15.112 -37.349 -0.005
-14.779 -37.351 -0.005
-14.437 -37.353 -0.005
-14.114 -37.354 -0.005
-13.781 -37.356 -0.005
-13.448 -37.358 -0.005
-13.105 -37.360 -0.005
-12.782 -37.361 -0.005
-12.449 -37.363 -0.005
-12.116 -37.365 -0.005
-11.772 -37.367 -0.005
-11.449 -37.368 -0.005
-11.116 -37.370 -0.005
-10.783 -37.372 -0.005
-10.439 -37.374 -0.005
-10.116 -37.375 -0.005
-9.783 -37.377 -0.005
-9.450 -37.379 -0.005
-9.106 -37.381 -0.005
-8.783 -37.382 -0.005
-8.450 -37.384 -0.005
-8.116 -37.386 -0.005
-7.783 -37.388 -0.005
-7.449 -37.390 -0.005
-7.105 -37.392 -0.005
-6.782 -37.393 -0.005
-6.449 -37.395 -0.005
-6.115 -37.397 -0.005
-5.782 -37.399 -0.006
-5.437 -37.401 -0.006
-5.114 -37.402 -0.006
-4.781 -37.404 -0.006
-4.447 -37.406 -0.006
-4.113 -37.408 -0.006
-3.780 -37.410 -0.006
-3.446 -37.412 -0.006
-3.101 -37.414 -0.006
-2.778 -37.415 -0.006
-2.444 -37.417 -0.006
-2.111 -37.419 -0.006
-1.777 -37.421 -0.006
-1.443 -37.423 -0.006
-1.109 -37.425 -0.006
-0.775 -37.427 -0.006
-0.441 -37.429 -0.006
-0.108 -37.431 -0.006
0.237 -37.433 -0.006
0.560 -37.434 -0.006
0.894 -37.436 -0.006
1.228 -37.438 -0.006
1.562 -37.440 -0.006
1.896 -37.442 -0.006
2.230 -37.444 -0.006
2.564 -37.446 -0.006
2.898 -37.448 -0.006
3.232 -37.450 -0.006
3.566 -37.452 -0.006
3.900 -37.454 -0.006
4.234 -37.456 -0.006
4.568 -37.458 -0.006
4.902 -37.460 -0.006
5.236 -37.462 -0.006
5.570 -37.464 -0.006
5.905 -37.466 -0.006
6.239 -37.468 -0.006
6.573 -37.470 -0.006
6.907 -37.472 -0.006
7.241 -37.474 -0.006
7.575 -37.476 -0.006
7.909 -37.478 -0.006
8.243 -37.480 -0.006
8.577 -37.482 -0.006
8.912 -37.484 -0.006
9.246 -37.486 -0.006
9.580 -37.488 -0.006
9.914 -37.490 -0.006
10.248 -37.492 -0.006
10.582 -37.494 -0.006
10.917 -37.496 -0.006
11.251 -37.498 -0.006
11.575 -37.500 -0.006
11.919 -37.503 -0.006
12.253 -37.505 -0.006
12.587 -37.507 -0.006
12.922 -37.509 -0.006
13.256 -37.511 -0.006
13.590 -37.513 -0.006
13.924 -37.515 -0.006
14.258 -37.517 -0.006
14.593 -37.519 -0.006
14.917 -37.521 -0.006
15.261 -37.524 -0.006
15.595 -37.526 -0.006
15.929 -37.528 -0.006
16.263 -37.530 -0.006
16.597 -37.532 -0.006
16.931 -37.534 -0.006
17.256 -37.536 -0.006
17.600 -37.539 -0.006
17.934 -37.541 -0.007
18.268 -37.543 -0.007
18.602 -37.545 -0.007
18.926 -37.547 -0.007
19.270 -37.550 -0.007
19.604 -37.552 -0.007
19.938 -37.554 -0.007
20.271 -37.556 -0.007
20.595 -37.558 -0.007
20.939 -37.561 -0.007
21.273 -37.563 -0.007
21.607 -37.565 -0.007
21.941 -37.567 -0.007
22.265 -37.569 -0.007
22.609 -37.572 -0.007
22.942 -37.574 -0.007
23.276 -37.576 -0.007
23.600 -37.578 -0.007
23.944 -37.581 -0.007
24.277 -37.583 -0.007
24.601 -37.585 -0.007
24.945 -37.588 -0.007
25.279 -37.590 -0.007
25.612 -37.592 -0.007
25.936 -37.594 -0.007
26.280 -37.597 -0.007
26.613 -37.599 -0.007
26.936 -37.601 -0.007
27.280 -37.604 -0.007
27.614 -37.606 -0.007
27.937 -37.608 -0.007
28.281 -37.611 -0.007
28.615 -37.613 -0.007
28.938 -37.615 -0.007
29.282 -37.618 -0.007
29.616 -37.620 -0.007
29.939 -37.622 -0.007
30.283 -37.625 -0.007
30.616 -37.627 -0.007
30.939 -37.629 -0.007
31.283 -37.632 -0.007
31.606 -37.634 -0.007
31.950 -37.637 -0.007
32.284 -37.639 -0.007
32.607 -37.641 -0.007
32.951 -37.644 -0.007
33.274 -37.646 -0.007
33.618 -37.649 -0.007
33.941 -37.651 -0.007
34.285 -37.654 -0.007
34.618 -37.656 -0.007
34.941 -37.658 -0.007
35.285 -37.661 -0.007
35.608 -37.663 -0.007
35.952 -37.666 -0.007
36.275 -37.668 -0.007
36.619 -37.671 -0.007
36.942 -37.673 -0.007
37.286 -37.676 -0.007
37.608 -37.678 -0.007
37.952 -37.681 -0.008
38.275 -37.683 -0.008
38.619 -37.686 -0.008
38.942 -37.688 -0.008
39.286 -37.691 -0.008
39.609 -37.693 -0.008
39.953 -37.696 -0.008
40.276 -37.698 -0.008
40.620 -37.701 -0.008
40.942 -37.703 -0.008
41.276 -37.706 -0.008
41.620 -37.709 -0.008
41.943 -37.711 -0.008
42.287 -37.714 -0.008
42.609 -37.716 -0.008
42.953 -37.719 -0.008
43.276 -37.721 -0.008
43.609 -37.724 -0.008
43.953 -37.727 -0.008
44.276 -37.729 -0.008
44.609 -37.732 -0.008
44.953 -37.735 -0.008
45.276 -37.737 -0.008
45.620 -37.740 -0.008
45.943 -37.742 -0.008
46.276 -37.745 -0.008
46.620 -37.748 -0.008
46.943 -37.750 -0.008
47.276 -37.753 -0.008
47.620 -37.756 -0.008
47.943 -37.758 -0.008
48.276 -37.761 -0.008
48.610 -37.764 -0.008
48.954 -37.767 -0.008
49.276 -37.769 -0.008
49.610 -37.772 -0.008
49.954 -37.775 -0.008
50.276 -37.777 -0.008
50.610 -37.780 -0.008
50.943 -37.783 -0.008
51.287 -37.786 -0.008
51.610 -37.788 -0.008
51.943 -37.791 -0.008
52.276 -37.794 -0.008
52.610 -37.797 -0.008
52.954 -37.800 -0.008
53.276 -37.802 -0.008
53.610 -37.805 -0.008
53.943 -37.808 -0.008
54.276 -37.811 -0.008
54.620 -37.814 -0.008
54.943 -37.816 -0.009
55.276 -37.819 -0.009
55.610 -37.822 -0.009
55.943 -37.825 -0.009
56.276 -37.828 -0.009
56.620 -37.831 -0.009
56.943 -37.833 -0.009
57.276 -37.836 -0.009
57.610 -37.839 -0.009
57.943 -37.842 -0.009
58.276 -37.845 -0.009
58.610 -37.848 -0.009
58.943 -37.851 -0.009
59.276 -37.854 -0.009
59.610 -37.857 -0.009
59.943 -37.860 -0.009
60.287 -37.863 -0.009
60.610 -37.865 -0.009
60.943 -37.868 -0.009
61.277 -37.871 -0.009
61.610 -37.874 -0.009
61.943 -37.877 -0.009
62.277 -37.880 -0.009
62.610 -37.883 -0.009
62.944 -37.886 -0.009
63.277 -37.889 -0.009
63.611 -37.892 -0.009
63.944 -37.895 -0.009
64.278 -37.898 -0.009
64.611 -37.901 -0.009
64.945 -37.904 -0.009
65.278 -37.907 -0.009
65.601 -37.910 -0.009
65.944 -37.914 -0.009
66.275 -37.917 -0.009
66.607 -37.920 -0.009
66.938 -37.923 -0.009
67.271 -37.926 -0.009
67.605 -37.929 -0.009
67.939 -37.932 -0.009
68.274 -37.935 -0.009
68.609 -37.938 -0.009
68.934 -37.941 -0.009
69.282 -37.945 -0.009
69.622 -37.948 -0.009
69.963 -37.951 -0.009
70.294 -37.954 -0.009
70.641 -37.958 -0.009
70.974 -37.961 -0.009
71.302 -37.964 -0.009
71.627 -37.967 -0.009
71.952 -37.970 -0.009
72.278 -37.973 -0.010
72.605 -37.976 -0.010
72.923 -37.979 -0.010
73.263 -37.983 -0.010
73.593 -37.986 -0.010
73.922 -37.989 -0.010
74.252 -37.992 -0.010
74.580 -37.995 -0.010
74.897 -37.998 -0.010
75.235 -38.002 -0.010
75.562 -38.005 -0.010
75.888 -38.008 -0.010
76.214 -38.011 -0.010
76.528 -38.014 -0.010
76.865 -38.018 -0.010
77.190 -38.021 -0.010
77.516 -38.024 -0.010
77.842 -38.027 -0.010
78.157 -38.030 -0.010
78.493 -38.034 -0.010
78.819 -38.037 -0.010
79.145 -38.040 -0.010
79.460 -38.043 -0.010
79.797 -38.047 -0.010
80.123 -38.050 -0.010
80.438 -38.053 -0.010
80.776 -38.057 -0.010
81.102 -38.060 -0.010
81.417 -38.063 -0.010
81.755 -38.067 -0.010
82.081 -38.070 -0.010
82.397 -38.073 -0.010
82.735 -38.077 -0.010
83.062 -38.080 -0.010
83.378 -38.083 -0.010
83.716 -38.087 -0.010
84.032 -38.090 -0.010
84.371 -38.094 -0.010
84.698 -38.097 -0.010
85.015 -38.100 -0.010
85.354 -38.104 -0.010
85.671 -38.107 -0.011
86.010 -38.111 -0.011
86.327 -38.114 -0.011
86.667 -38.118 -0.011
86.985 -38.121 -0.011
87.324 -38.125 -0.011
87.642 -38.128 -0.011
87.982 -38.132 -0.011
88.301 -38.135 -0.011
88.641 -38.139 -0.011
88.959 -38.142 -0.011
89.299 -38.146 -0.011
89.619 -38.149 -0.011
89.959 -38.153 -0.011
90.279 -38.156 -0.011
90.609 -38.160 -0.011
90.949 -38.164 -0.011
91.269 -38.167 -0.011
91.609 -38.171 -0.011
91.930 -38.174 -0.011
92.270 -38.178 -0.011
92.591 -38.181 -0.011
92.921 -38.185 -0.011
93.262 -38.189 -0.011
93.583 -38.192 -0.011
93.914 -38.196 -0.011
94.255 -38.200 -0.011
94.576 -38.203 -0.011
94.907 -38.207 -0.011
95.249 -38.211 -0.011
95.570 -38.214 -0.011
95.901 -38.218 -0.011
96.243 -38.222 -0.011
96.564 -38.225 -0.011
96.896 -38.229 -0.011
97.228 -38.233 -0.011
97.569 -38.237 -0.011
97.891 -38.240 -0.011
98.223 -38.244 -0.011
98.555 -38.248 -0.011
98.897 -38.252 -0.011
99.219 -38.255 -0.011
99.551 -38.259 -0.011
99.883 -38.263 -0.011
100.225 -38.267 -0.011
100.547 -38.270 -0.011
100.880 -38.274 -0.011
101.212 -38.278 -0.011
101.544 -38.282 -0.011
101.886 -38.286 -0.012
102.209 -38.289 -0.012
102.541 -38.293 -0.012
102.874 -38.297 -0.012
103.206 -38.301 -0.012
103.539 -38.305 -0.012
103.871 -38.309 -0.012
104.214 -38.313 -0.012
104.536 -38.316 -0.012
104.869 -38.320 -0.012
105.202 -38.324 -0.012
105.534 -38.328 -0.012
105.867 -38.332 -0.012
106.200 -38.336 -0.012
106.533 -38.340 -0.012
106.865 -38.344 -0.012
107.197 -38.348 -0.012
107.538 -38.352 -0.012
107.858 -38.355 -0.012
108.189 -38.359 -0.012
108.521 -38.363 -0.012
108.854 -38.367 -0.012
109.188 -38.371 -0.012
109.523 -38.375 -0.012
109.858 -38.379 -0.012
110.185 -38.383 -0.012
110.533 -38.388 -0.012
110.872 -38.392 -0.012
111.214 -38.396 -0.012
111.555 -38.400 -0.012
111.893 -38.404 -0.012
112.229 -38.408 -0.012
112.561 -38.412 -0.012
112.891 -38.416 -0.012
113.221 -38.420 -0.012
113.552 -38.424 -0.012
113.873 -38.428 -0.012
114.217 -38.433 -0.012
114.551 -38.437 -0.012
114.886 -38.441 -0.012
115.221 -38.445 -0.012
115.556 -38.449 -0.012
115.890 -38.453 -0.012
116.225 -38.457 -0.012
116.548 -38.461 -0.012
116.892 -38.466 -0.012
117.225 -38.470 -0.013
117.558 -38.474 -0.013
117.891 -38.478 -0.013
118.224 -38.482 -0.013
118.546 -38.486 -0.013
118.890 -38.491 -0.013
119.223 -38.495 -0.013
119.557 -38.499 -0.013
119.880 -38.503 -0.013
120.224 -38.508 -0.013
120.557 -38.512 -0.013
120.891 -38.516 -0.013
121.224 -38.520 -0.013
121.548 -38.524 -0.013
121.892 -38.529 -0.013
122.225 -38.533 -0.013
122.548 -38.537 -0.013
122.892 -38.542 -0.013
123.225 -38.546 -0.013
123.548 -38.550 -0.013
123.892 -38.555 -0.013
124.226 -38.559 -0.013
124.560 -38.563 -0.013
124.883 -38.567 -0.013
125.227 -38.572 -0.013
125.550 -38.576 -0.013
125.894 -38.581 -0.013
126.227 -38.585 -0.013
126.550 -38.589 -0.013
126.894 -38.594 -0.013
127.228 -38.598 -0.013
127.551 -38.602 -0.013
127.895 -38.607 -0.013
128.218 -38.611 -0.013
128.562 -38.616 -0.013
128.886 -38.620 -0.013
129.230 -38.625 -0.013
129.563 -38.629 -0.013
129.886 -38.633 -0.013
130.230 -38.638 -0.013
130.553 -38.642 -0.013
130.897 -38.647 -0.013
131.221 -38.651 -0.013
131.565 -38.656 -0.013
131.888 -38.660 -0.014
132.232 -38.665 -0.014
132.555 -38.669 -0.014
132.899 -38.674 -0.014
133.222 -38.678 -0.014
133.566 -38.683 -0.014
133.889 -38.687 -0.014
134.223 -38.692 -0.014
134.567 -38.697 -0.014
134.890 -38.701 -0.014
135.234 -38.706 -0.014
135.557 -38.710 -0.014
135.891 -38.715 -0.014
136.235 -38.720 -0.014
136.558 -38.724 -0.014
136.902 -38.729 -0.014
137.225 -38.733 -0.014
137.559 -38.738 -0.014
137.903 -38.743 -0.014
138.226 -38.747 -0.014
138.560 -38.752 -0.014
138.904 -38.757 -0.014
139.227 -38.761 -0.014
139.561 -38.766 -0.014
139.905 -38.771 -0.014
140.228 -38.775 -0.014
140.562 -38.780 -0.014
140.906 -38.785 -0.014
141.229 -38.789 -0.014
141.563 -38.794 -0.014
141.896 -38.799 -0.014
142.240 -38.804 -0.014
142.564 -38.808 -0.014
142.898 -38.813 -0.014
143.232 -38.818 -0.014
143.576 -38.823 -0.014
143.900 -38.827 -0.014
144.234 -38.832 -0.014
144.568 -38.837 -0.014
144.902 -38.842 -0.014
145.246 -38.847 -0.014
145.570 -38.851 -0.014
145.904 -38.856 -0.014
146.238 -38.861 -0.014
146.572 -38.866 -0.014
146.907 -38.871 -0.015
147.251 -38.876 -0.015
147.575 -38.880 -0.015
147.909 -38.885 -0.015
148.244 -38.890 -0.015
148.578 -38.895 -0.015
148.913 -38.900 -0.015
149.247 -38.905 -0.015
149.581 -38.910 -0.015
149.916 -38.915 -0.015
150.250 -38.920 -0.015
150.595 -38.925 -0.015
150.919 -38.929 -0.015
151.254 -38.934 -0.015
151.589 -38.939 -0.015
151.923 -38.944 -0.015
152.258 -38.949 -0.015
152.592 -38.954 -0.015
152.927 -38.959 -0.015
153.261 -38.964 -0.015
153.595 -38.969 -0.015
153.930 -38.974 -0.015
154.264 -38.979 -0.015
154.598 -38.984 -0.015
154.932 -38.989 -0.015
155.265 -38.994 -0.015
155.599 -38.999 -0.015
155.933 -39.004 -0.015
156.266 -39.009 -0.015
156.600 -39.014 -0.015
156.933 -39.019 -0.015
157.267 -39.024 -0.015
157.600 -39.029 -0.015
157.933 -39.034 -0.015
158.267 -39.039 -0.015
158.590 -39.043 -0.015
158.933 -39.050 -0.015
159.267 -39.055 -0.015
159.600 -39.060 -0.015
159.933 -39.065 -0.015
160.266 -39.070 -0.015
160.600 -39.075 -0.015
160.933 -39.080 -0.015
161.266 -39.085 -0.015
161.599 -39.090 -0.015
161.922 -39.094 -0.015
162.266 -39.101 -0.015
162.599 -39.106 -0.015
162.932 -39.111 -0.015
163.266 -39.116 -0.015
163.599 -39.121 -0.015
163.932 -39.126 -0.015
164.255 -39.130 -0.015
164.599 -39.137 -0.015
164.932 -39.142 -0.016
165.265 -39.147 -0.016
165.598 -39.152 -0.016
165.932 -39.157 -0.016
166.255 -39.161 -0.016
166.598 -39.168 -0.016
166.932 -39.173 -0.016
167.265 -39.178 -0.016
167.598 -39.183 -0.016
167.921 -39.187 -0.016
168.265 -39.194 -0.016
168.599 -39.199 -0.016
168.932 -39.204 -0.016
169.265 -39.209 -0.016
169.588 -39.213 -0.016
169.932 -39.220 -0.016
170.265 -39.225 -0.016
170.599 -39.230 -0.016
170.922 -39.234 -0.016
171.266 -39.241 -0.016
171.599 -39.246 -0.016
171.922 -39.250 -0.016
172.266 -39.257 -0.016
172.599 -39.262 -0.016
172.933 -39.267 -0.016
173.256 -39.271 -0.016
173.599 -39.278 -0.016
173.933 -39.283 -0.016
174.266 -39.288 -0.016
174.589 -39.292 -0.016
174.933 -39.299 -0.016
175.266 -39.304 -0.016
175.589 -39.308 -0.016
175.933 -39.315 -0.016
176.266 -39.320 -0.016
176.589 -39.324 -0.016
176.933 -39.331 -0.016
177.267 -39.336 -0.016
177.590 -39.340 -0.016
177.933 -39.347 -0.016
178.267 -39.352 -0.016
178.590 -39.356 -0.016
178.933 -39.363 -0.016
179.267 -39.368 -0.016
179.590 -39.372 -0.016
179.933 -39.379 -0.016
180.267 -39.384 -0.016
180.590 -39.388 -0.016
180.933 -39.395 -0.016
181.267 -39.400 -0.016
181.590 -39.404 -0.016
181.933 -39.411 -0.016
182.267 -39.416 -0.016
182.590 -39.420 -0.016
182.933 -39.427 -0.016
183.256 -39.431 -0.016
183.600 -39.438 -0.016
183.933 -39.443 -0.016
184.256 -39.447 -0.016
184.600 -39.454 -0.016
184.933 -39.459 -0.016
185.256 -39.463 -0.016
185.600 -39.470 -0.016
185.923 -39.474 -0.016
186.267 -39.481 -0.016
186.600 -39.486 -0.016
186.923 -39.490 -0.016
187.267 -39.497 -0.016
187.590 -39.501 -0.016
187.933 -39.508 -0.016
188.266 -39.513 -0.016
188.589 -39.517 -0.016
188.933 -39.524 -0.016
189.256 -39.528 -0.016
189.600 -39.535 -0.016
189.933 -39.540 -0.016
190.256 -39.544 -0.016
190.600 -39.551 -0.016
190.923 -39.555 -0.016
191.266 -39.562 -0.016
191.599 -39.567 -0.016
191.922 -39.571 -0.016
192.266 -39.578 -0.016
192.589 -39.582 -0.016
192.933 -39.589 -0.016
193.256 -39.593 -0.016
193.599 -39.600 -0.016
193.932 -39.605 -0.016
194.255 -39.609 -0.016
194.599 -39.616 -0.016
194.922 -39.620 -0.016
195.265 -39.627 -0.016
195.599 -39.632 -0.016
195.922 -39.636 -0.016
196.265 -39.643 -0.016
196.588 -39.647 -0.016
196.932 -39.654 -0.016
197.255 -39.658 -0.016
197.598 -39.665 -0.016
197.931 -39.670 -0.016
198.254 -39.674 -0.016
198.598 -39.681 -0.016
198.921 -39.685 -0.016
199.264 -39.692 -0.016
199.587 -39.696 -0.016
199.931 -39.703 -0.016
200.264 -39.708 -0.016
200.587 -39.712 -0.016
200.930 -39.719 -0.016
201.253 -39.723 -0.016
201.597 -39.730 -0.016
201.920 -39.734 -0.016
202.263 -39.741 -0.016
202.586 -39.745 -0.016
202.930 -39.752 -0.016
203.263 -39.757 -0.016
203.586 -39.761 -0.016
203.929 -39.768 -0.016
204.252 -39.772 -0.016
204.596 -39.779 -0.016
204.919 -39.783 -0.016
205.262 -39.790 -0.016
205.595 -39.795 -0.016
205.918 -39.799 -0.016
206.262 -39.806 -0.016
206.585 -39.810 -0.016
206.928 -39.817 -0.016
207.251 -39.821 -0.016
207.594 -39.828 -0.016
207.928 -39.833 -0.016
208.251 -39.837 -0.016
208.594 -39.844 -0.016
208.917 -39.848 -0.016
209.260 -39.855 -0.016
209.583 -39.859 -0.016
209.927 -39.866 -0.016
210.260 -39.871 -0.016
210.583 -39.875 -0.016
210.926 -39.882 -0.016
211.249 -39.886 -0.016
211.592 -39.893 -0.016
211.915 -39.897 -0.016
212.258 -39.904 -0.016
212.591 -39.909 -0.016
212.914 -39.913 -0.016
213.257 -39.920 -0.016
213.580 -39.924 -0.016
213.923 -39.931 -0.016
214.256 -39.936 -0.016
214.579 -39.940 -0.016
214.922 -39.947 -0.016
215.245 -39.951 -0.016
215.588 -39.958 -0.016
215.911 -39.962 -0.016
216.253 -39.969 -0.016
216.586 -39.974 -0.016
216.909 -39.978 -0.016
217.252 -39.985 -0.016
217.575 -39.989 -0.016
217.918 -39.996 -0.016
218.251 -40.001 -0.016
218.573 -40.005 -0.016
218.916 -40.012 -0.016
219.239 -40.016 -0.016
219.582 -40.023 -0.016
219.915 -40.028 -0.016
220.237 -40.032 -0.016
220.580 -40.039 -0.016
220.903 -40.043 -0.016
221.246 -40.050 -0.016
221.578 -40.055 -0.016
221.901 -40.059 -0.016
222.244 -40.066 -0.016
222.567 -40.070 -0.016
222.909 -40.077 -0.016
223.242 -40.082 -0.016
223.565 -40.086 -0.016
223.908 -40.093 -0.016
224.230 -40.097 -0.016
224.573 -40.104 -0.016
224.906 -40.109 -0.016
225.228 -40.113 -0.016
225.571 -40.120 -0.016
225.894 -40.124 -0.016
226.237 -40.131 -0.016
226.569 -40.136 -0.016
226.892 -40.140 -0.016
227.235 -40.147 -0.016
227.557 -40.151 -0.016
227.900 -40.158 -0.016
228.233 -40.163 -0.016
228.555 -40.167 -0.016
228.898 -40.174 -0.016
229.221 -40.178 -0.016
229.564 -40.185 -0.016
229.896 -40.190 -0.016
230.219 -40.194 -0.016
230.562 -40.201 -0.016
230.884 -40.205 -0.016
231.227 -40.212 -0.016
231.560 -40.217 -0.016
231.882 -40.221 -0.016
232.225 -40.228 -0.016
232.558 -40.233 -0.016
232.880 -40.237 -0.016
233.223 -40.244 -0.016
233.546 -40.248 -0.016
233.889 -40.255 -0.016
234.221 -40.260 -0.016
234.544 -40.264 -0.016
234.887 -40.271 -0.016
235.209 -40.275 -0.016
235.552 -40.282 -0.016
235.885 -40.287 -0.016
236.207 -40.291 -0.016
236.550 -40.298 -0.016
236.873 -40.302 -0.016
237.215 -40.309 -0.016
237.538 -40.313 -0.016
237.881 -40.320 -0.016
238.213 -40.325 -0.016
238.536 -40.329 -0.016
238.879 -40.336 -0.016
239.202 -40.340 -0.016
239.544 -40.347 -0.016
239.877 -40.352 -0.016
240.200 -40.356 -0.016
240.542 -40.363 -0.016
240.865 -40.367 -0.016
241.208 -40.374 -0.016
241.530 -40.378 -0.016
241.873 -40.385 -0.016
242.206 -40.390 -0.016
242.528 -40.394 -0.016
242.871 -40.401 -0.016
243.194 -40.405 -0.016
243.537 -40.412 -0.016
243.859 -40.416 -0.016
244.202 -40.423 -0.016
244.535 -40.428 -0.016
244.857 -40.432 -0.016
245.200 -40.439 -0.016
245.523 -40.443 -0.016
245.865 -40.450 -0.016
246.188 -40.454 -0.016
246.531 -40.461 -0.016
246.853 -40.465 -0.016
247.196 -40.472 -0.016
247.519 -40.476 -0.016
247.861 -40.483 -0.016
248.184 -40.487 -0.016
248.527 -40.494 -0.016
248.850 -40.498 -0.017
249.192 -40.505 -0.017
249.515 -40.509 -0.017
249.858 -40.516 -0.017
250.180 -40.520 -0.017
250.523 -40.527 -0.017
250.846 -40.531 -0.017
251.188 -40.538 -0.017
251.511 -40.542 -0.017
251.854 -40.549 -0.017
252.176 -40.553 -0.017
252.519 -40.560 -0.017
252.842 -40.564 -0.017
253.184 -40.571 -0.017
253.507 -40.575 -0.017
253.849 -40.582 -0.017
254.172 -40.586 -0.017
254.505 -40.592 -0.017
254.847 -40.599 -0.017
255.170 -40.603 -0.017
255.512 -40.610 -0.017
255.835 -40.614 -0.017
256.177 -40.621 -0.017
256.500 -40.625 -0.017
256.832 -40.631 -0.017
257.175 -40.638 -0.017
257.497 -40.642 -0.017
257.840 -40.649 -0.017
258.162 -40.653 -0.017
258.494 -40.659 -0.017
258.837 -40.666 -0.017
259.159 -40.670 -0.017
259.492 -40.676 -0.017
259.834 -40.683 -0.017
260.156 -40.687 -0.017
260.489 -40.693 -0.017
260.831 -40.700 -0.017
261.153 -40.704 -0.017
261.486 -40.710 -0.017
261.828 -40.717 -0.017
262.150 -40.721 -0.017
262.483 -40.727 -0.017
262.815 -40.733 -0.017
263.157 -40.740 -0.017
263.480 -40.744 -0.017
263.812 -40.750 -0.017
264.144 -40.756 -0.017
264.487 -40.763 -0.017
264.809 -40.767 -0.017
265.141 -40.773 -0.017
265.474 -40.779 -0.017
265.806 -40.785 -0.017
266.148 -40.792 -0.018
266.471 -40.796 -0.018
266.803 -40.802 -0.018
267.135 -40.808 -0.018
267.468 -40.814 -0.018
267.800 -40.820 -0.018
268.142 -40.827 -0.018
268.464 -40.831 -0.018
268.797 -40.837 -0.018
269.129 -40.843 -0.018
269.461 -40.849 -0.018
269.794 -40.855 -0.018
270.126 -40.861 -0.018
270.458 -40.867 -0.018
270.791 -40.873 -0.018
271.123 -40.879 -0.018
271.455 -40.885 -0.018
271.787 -40.891 -0.018
272.120 -40.897 -0.018
272.452 -40.903 -0.018
272.784 -40.909 -0.018
273.117 -40.915 -0.018
273.449 -40.921 -0.018
273.781 -40.927 -0.018
274.114 -40.933 -0.018
274.446 -40.939 -0.018
274.778 -40.945 -0.018
275.111 -40.951 -0.018
275.443 -40.957 -0.018
275.775 -40.963 -0.018
276.097 -40.969 -0.018
276.440 -40.976 -0.019
276.772 -40.982 -0.019
277.105 -40.988 -0.019
277.437 -40.994 -0.019
277.769 -41.000 -0.019
278.091 -41.006 -0.019
278.434 -41.013 -0.019
278.767 -41.019 -0.019
279.099 -41.025 -0.019
279.420 -41.031 -0.019
279.764 -41.038 -0.019
280.096 -41.044 -0.019
280.417 -41.050 -0.019
280.761 -41.057 -0.019
281.093 -41.063 -0.019
281.414 -41.069 -0.019
281.758 -41.076 -0.019
282.090 -41.082 -0.019
282.412 -41.088 -0.019
282.755 -41.095 -0.019
283.076 -41.101 -0.019
283.420 -41.108 -0.019
283.741 -41.114 -0.019
284.085 -41.121 -0.020
284.406 -41.127 -0.020
284.749 -41.134 -0.020
285.071 -41.140 -0.020
285.414 -41.147 -0.020
285.736 -41.153 -0.020
286.079 -41.160 -0.020
286.400 -41.166 -0.020
286.733 -41.173 -0.020
287.076 -41.180 -0.020
287.398 -41.186 -0.020
287.730 -41.193 -0.020
288.073 -41.200 -0.020
288.395 -41.206 -0.020
288.727 -41.213 -0.020
289.071 -41.220 -0.020
289.392 -41.226 -0.020
289.725 -41.233 -0.020
290.057 -41.240 -0.021
290.389 -41.247 -0.021
290.722 -41.254 -0.021
291.065 -41.261 -0.021
291.387 -41.267 -0.021
291.719 -41.274 -0.021
292.052 -41.281 -0.021
292.384 -41.288 -0.021
292.717 -41.295 -0.021
293.049 -41.302 -0.021
293.381 -41.309 -0.021
293.714 -41.316 -0.021
294.046 -41.323 -0.021
294.379 -41.330 -0.021
294.701 -41.337 -0.021
295.044 -41.345 -0.022
295.376 -41.352 -0.022
295.709 -41.359 -0.022
296.041 -41.366 -0.022
296.364 -41.373 -0.022
296.706 -41.381 -0.022
297.039 -41.388 -0.022
297.371 -41.395 -0.022
297.693 -41.402 -0.022
298.036 -41.410 -0.022
298.358 -41.417 -0.022
298.701 -41.425 -0.022
299.033 -41.432 -0.022
299.356 -41.439 -0.023
299.698 -41.447 -0.023
300.021 -41.454 -0.023
300.353 -41.462 -0.023
300.696 -41.470 -0.023
301.018 -41.477 -0.023
301.361 -41.485 -0.023
301.683 -41.492 -0.023
302.016 -41.500 -0.023
302.358 -41.508 -0.023
302.681 -41.515 -0.023
303.013 -41.523 -0.023
303.346 -41.531 -0.023
303.679 -41.539 -0.024
304.021 -41.547 -0.024
304.344 -41.554 -0.024
304.676 -41.562 -0.024
305.009 -41.570 -0.024
305.341 -41.578 -0.024
305.674 -41.586 -0.024
306.006 -41.594 -0.024
306.339 -41.602 -0.024
306.671 -41.610 -0.024
307.004 -41.618 -0.024
307.336 -41.626 -0.024
307.658 -41.634 -0.025
308.001 -41.643 -0.025
308.334 -41.651 -0.025
308.666 -41.659 -0.025
308.999 -41.667 -0.025
309.320 -41.675 -0.025
309.664 -41.684 -0.025
309.996 -41.692 -0.025
310.318 -41.700 -0.025
310.661 -41.709 -0.025
310.994 -41.717 -0.025
311.315 -41.725 -0.025
311.659 -41.734 -0.025
311.980 -41.742 -0.025
312.324 -41.751 -0.026
312.646 -41.759 -0.026
312.989 -41.768 -0.026
313.311 -41.776 -0.026
313.654 -41.785 -0.026
313.976 -41.793 -0.026
314.308 -41.802 -0.026
314.651 -41.811 -0.026
314.973 -41.819 -0.026
315.316 -41.828 -0.026
315.638 -41.836 -0.026
315.970 -41.845 -0.026
316.302 -41.854 -0.026
316.646 -41.863 -0.026
316.967 -41.871 -0.026
317.299 -41.880 -0.026
317.642 -41.889 -0.026
317.963 -41.897 -0.026
318.295 -41.906 -0.026
318.638 -41.915 -0.026
318.959 -41.923 -0.026
319.291 -41.932 -0.026
319.623 -41.941 -0.026
319.966 -41.950 -0.026
320.287 -41.958 -0.026
320.619 -41.967 -0.026
320.961 -41.976 -0.026
321.282 -41.984 -0.026
321.624 -41.993 -0.026
321.945 -42.001 -0.026
322.288 -42.010 -0.026
322.609 -42.018 -0.025
322.951 -42.027 -0.025
323.272 -42.035 -0.025
323.614 -42.044 -0.025
323.946 -42.052 -0.025
324.277 -42.060 -0.025
324.609 -42.068 -0.024
324.930 -42.076 -0.024
325.283 -42.085 -0.024
325.604 -42.092 -0.023
325.936 -42.100 -0.023
326.268 -42.108 -0.023
326.610 -42.116 -0.022
326.942 -42.123 -0.022
327.263 -42.130 -0.022
327.605 -42.138 -0.021
327.937 -42.145 -0.021
328.280 -42.152 -0.020
328.601 -42.158 -0.020
328.944 -42.165 -0.019
329.265 -42.171 -0.018
329.608 -42.178 -0.018
329.950 -42.185 -0.017
330.272 -42.189 -0.016
330.614 -42.196 -0.016
330.947 -42.201 -0.015
331.279 -42.206 -0.014
331.611 -42.211 -0.013
331.954 -42.216 -0.012
332.286 -42.220 -0.011
332.629 -42.224 -0.010
332.951 -42.227 -0.009
333.304 -42.231 -0.008
333.626 -42.233 -0.007
333.969 -42.236 -0.006
334.302 -42.238 -0.005
334.644 -42.240 -0.004
334.977 -42.241 -0.002
335.309 -42.242 -0.001
335.652 -42.243 0.001
335.996 -42.243 0.002
336.328 -42.242 0.004
336.661 -42.241 0.005
337.004 -42.240 0.007
337.347 -42.238 0.008
337.680 -42.235 0.010
338.022 -42.232 0.012
338.355 -42.228 0.014
338.698 -42.224 0.016
339.031 -42.219 0.018
339.385 -42.213 0.020
339.717 -42.206 0.022
340.050 -42.199 0.024
340.404 -42.192 0.026
340.736 -42.183 0.029
341.079 -42.173 0.031
341.422 -42.163 0.033
341.755 -42.152 0.036
342.108 -42.140 0.038
342.441 -42.127 0.041
342.783 -42.114 0.043
343.125 -42.099 0.046
343.469 -42.084 0.049
343.812 -42.067 0.052
344.144 -42.050 0.055
344.496 -42.032 0.058
344.840 -42.013 0.061
345.183 -41.992 0.064
345.525 -41.970 0.067
345.868 -41.948 0.070
346.210 -41.924 0.074
346.554 -41.899 0.077
346.894 -41.873 0.080
347.237 -41.846 0.084
347.590 -41.818 0.087
347.932 -41.788 0.091
348.272 -41.757 0.095
348.616 -41.725 0.098
348.957 -41.692 0.102
349.309 -41.657 0.106
349.650 -41.620 0.110
349.993 -41.583 0.114
350.343 -41.544 0.118
350.685 -41.504 0.122
351.026 -41.462 0.126
351.376 -41.419 0.130
351.717 -41.374 0.134
352.057 -41.329 0.139
352.409 -41.281 0.143
352.748 -41.232 0.147
353.098 -41.181 0.152
353.437 -41.130 0.156
353.787 -41.075 0.161
354.128 -41.021 0.165
354.476 -40.963 0.170
354.814 -40.905 0.175
355.164 -40.844 0.179
355.502 -40.784 0.184
355.849 -40.720 0.189
356.186 -40.656 0.194
356.545 -40.586 0.199
356.871 -40.520 0.203
357.218 -40.450 0.208
357.566 -40.378 0.213
357.911 -40.303 0.218
358.246 -40.229 0.223
358.583 -40.153 0.228
358.937 -40.072 0.233
359.264 -39.995 0.238
359.616 -39.910 0.243
359.949 -39.828 0.249
360.295 -39.741 0.254
360.636 -39.653 0.259
360.971 -39.565 0.264
361.311 -39.473 0.269
361.645 -39.382 0.274
361.984 -39.288 0.280
362.324 -39.191 0.285
362.666 -39.091 0.290
362.998 -38.993 0.295
363.335 -38.891 0.301
363.662 -38.790 0.306
364.012 -38.681 0.311
364.342 -38.575 0.316
364.667 -38.469 0.322
365.005 -38.357 0.327
365.339 -38.245 0.332
365.676 -38.129 0.338
366.000 -38.016 0.343
366.335 -37.897 0.348
366.661 -37.779 0.353
367.001 -37.655 0.359
367.326 -37.533 0.364
367.649 -37.411 0.369
367.978 -37.284 0.375
368.306 -37.156 0.380
368.632 -37.027 0.385
368.958 -36.895 0.391
369.288 -36.760 0.396
369.604 -36.629 0.401
369.932 -36.491 0.406
370.260 -36.350 0.412
370.578 -36.212 0.417
370.899 -36.070 0.422
371.216 -35.928 0.428
371.540 -35.781 0.433
371.860 -35.634 0.438
372.174 -35.487 0.443
372.497 -35.335 0.449
372.809 -35.185 0.454
373.125 -35.032 0.459
373.437 -34.879 0.464
373.756 -34.720 0.470
374.074 -34.559 0.475
374.382 -34.401 0.480
374.686 -34.244 0.485
375.010 -34.074 0.491
375.308 -33.915 0.496
375.622 -33.747 0.501
375.934 -33.577 0.506
376.233 -33.411 0.511
376.549 -33.235 0.517
376.854 -33.062 0.522
377.148 -32.893 0.527
377.464 -32.711 0.532
377.756 -32.539 0.537
378.069 -32.354 0.543
378.354 -32.182 0.548
378.672 -31.990 0.553
378.955 -31.815 0.558
379.270 -31.620 0.564
379.551 -31.442 0.569
379.852 -31.251 0.574
380.151 -31.058 0.579
380.447 -30.865 0.584
380.732 -30.677 0.589
381.028 -30.480 0.595
381.316 -30.286 0.600
381.610 -30.086 0.605
381.891 -29.892 0.610
382.189 -29.685 0.615
382.473 -29.485 0.620
382.756 -29.283 0.625
383.038 -29.081 0.630
383.326 -28.872 0.636
383.613 -28.661 0.641
383.880 -28.462 0.646
384.177 -28.241 0.651
384.447 -28.035 0.655
384.723 -27.824 0.660
385.004 -27.606 0.665
385.284 -27.387 0.670
385.545 -27.180 0.675
385.829 -26.955 0.679
386.093 -26.742 0.684
386.369 -26.518 0.688
386.632 -26.302 0.693
386.912 -26.071 0.697
387.167 -25.857 0.701
387.433 -25.633 0.705
387.705 -25.404 0.709
387.963 -25.182 0.712
388.226 -24.955 0.716
388.483 -24.732 0.719
388.750 -24.499 0.723
388.994 -24.283 0.726
