-51.233
-51.5702
-51.9075
-52.2447
-52.5819
-52.9192
-53.2564
-53.5936
-53.9309
-54.2681
-54.6053
-54.9425
-55.2798
-55.617
-55.9542
-56.2915
-56.6287
-56.9659
-57.3032
-57.6404
-57.9776
-58.3149
-58.6521
-58.9893
-59.3266
-59.6638
-60.001
-60.3382
-60.6755
-61.0127
-61.3499
-61.6872
-62.0244
-62.3616
-62.6989
-63.0361
-63.3733
-63.7106
-64.0478
-64.385
-64.7223
-65.0595
-65.3967
-65.7339
-66.0712
-66.4084
-66.7456
-67.0829
-67.4201
-67.7573
-68.0946
-68.4318
-68.769
-69.1063
-69.4435
-69.7807
-70.118
-70.4552
-70.7924
-71.1297
-71.4669
-71.8041
-72.1413
-72.4786
-72.9526
