45.3529
45.568
45.7831
45.9982
46.2134
46.4285
46.6436
46.8587
47.0738
47.2889
47.5041
47.7192
47.9343
48.1494
48.3645
48.5796
48.7948
49.0099
49.225
49.4401
49.6552
49.8703
50.0855
50.3006
50.5157
50.7308
50.9459
51.161
51.3762
51.5913
51.8064
52.0215
52.2366
52.4517
52.6669
52.882
53.0971
53.3122
53.5273
53.7424
53.9576
54.1727
54.3878
54.6029
54.818
55.0331
55.2482
55.4634
55.6785
55.8936
56.1087
56.3238
56.5389
56.7541
56.9692
57.1843
57.3994
57.6145
57.8296
58.0448
58.2599
58.475
58.6901
58.9052
59.2076
