-2798.838	-4.625	-0.000
-2798.282	-4.625	-0.000
-2797.727	-4.625	-0.000
-2797.172	-4.625	-0.000
-2796.617	-4.625	-0.000
-2796.062	-4.625	-0.000
-2795.507	-4.625	-0.000
-2794.953	-4.625	-0.000
-2794.398	-4.625	-0.000
-2793.844	-4.625	-0.000
-2793.290	-4.625	-0.000
-2792.736	-4.625	-0.000
-2792.182	-4.625	-0.000
-2791.628	-4.625	-0.000
-2791.074	-4.625	-0.000
-2790.520	-4.625	-0.000
-2789.966	-4.625	-0.000
-2789.413	-4.625	-0.000
-2788.859	-4.625	-0.000
-2788.305	-4.625	-0.000
-2787.752	-4.625	-0.000
-2787.199	-4.625	-0.000
-2786.645	-4.625	-0.000
-2786.092	-4.625	-0.000
-2785.539	-4.625	-0.000
-2784.985	-4.625	-0.000
-2784.432	-4.625	-0.000
-2783.879	-4.625	-0.000
-2783.326	-4.625	-0.000
-2782.773	-4.625	-0.000
-2782.220	-4.625	-0.000
-2781.667	-4.625	-0.000
-2781.114	-4.625	-0.000
-2780.561	-4.625	-0.000
-2780.008	-4.625	-0.000
-2779.455	-4.625	-0.000
-2778.902	-4.625	-0.000
-2778.349	-4.625	-0.000
-2777.796	-4.625	-0.000
-2777.243	-4.625	-0.000
-2776.690	-4.625	-0.000
-2776.137	-4.625	-0.000
-2775.584	-4.625	-0.000
-2775.031	-4.625	-0.000
-2774.478	-4.625	-0.000
-2773.925	-4.625	-0.000
-2773.372	-4.625	-0.000
-2772.819	-4.625	-0.000
-2772.266	-4.625	-0.000
-2771.713	-4.625	-0.000
-2771.160	-4.625	-0.000
-2770.607	-4.625	-0.000
-2770.054	-4.625	-0.000
-2769.501	-4.625	-0.000
-2768.948	-4.625	-0.000
-2768.395	-4.625	0.000
-2767.841	-4.625	0.000
-2767.288	-4.625	0.000
-2766.735	-4.625	0.000
-2766.182	-4.625	0.000
-2765.629	-4.625	0.000
-2765.076	-4.625	0.000
-2764.522	-4.625	0.000
-2763.969	-4.625	0.000
-2763.416	-4.625	0.000
-2762.863	-4.625	0.000
-2762.309	-4.625	0.000
-2761.756	-4.625	0.000
-2761.202	-4.625	0.000
-2760.649	-4.625	0.000
-2760.096	-4.625	0.000
-2759.542	-4.625	0.000
-2758.989	-4.625	0.000
-2758.435	-4.625	0.000
-2757.882	-4.625	0.000
-2757.328	-4.625	0.000
-2756.775	-4.625	0.000
-2756.221	-4.625	0.000
-2755.668	-4.625	0.000
-2755.114	-4.625	0.000
-2754.560	-4.625	0.000
-2754.007	-4.625	0.000
-2753.453	-4.625	0.000
-2752.899	-4.625	0.000
-2752.345	-4.625	0.000
-2751.792	-4.625	0.000
-2751.238	-4.625	0.000
-2750.684	-4.625	0.000
-2750.130	-4.625	0.000
-2749.576	-4.625	0.000
-2749.022	-4.625	0.000
-2748.469	-4.625	0.000
-2747.915	-4.625	0.000
-2747.361	-4.625	0.000
-2746.807	-4.625	0.000
-2746.253	-4.625	0.000
-2745.699	-4.625	0.000
-2745.145	-4.625	0.000
-2744.590	-4.625	0.000
-2744.036	-4.625	0.000
-2743.482	-4.625	0.000
-2742.928	-4.625	0.000
-2742.374	-4.625	0.000
-2741.820	-4.625	0.000
-2741.266	-4.625	0.000
-2740.711	-4.625	0.000
-2740.157	-4.625	0.000
-2739.603	-4.625	0.000
-2739.049	-4.625	0.000
-2738.494	-4.625	0.000
-2737.940	-4.625	0.000
-2737.386	-4.625	0.000
-2736.831	-4.625	0.000
-2736.277	-4.625	0.000
-2735.722	-4.625	0.000
-2735.168	-4.625	0.000
-2734.613	-4.625	0.000
-2734.059	-4.625	0.000
-2733.505	-4.625	0.000
-2732.950	-4.625	0.000
-2732.396	-4.625	0.000
-2731.841	-4.625	0.000
-2731.286	-4.625	0.000
-2730.732	-4.625	0.000
-2730.177	-4.625	0.000
-2729.623	-4.625	0.000
-2729.068	-4.625	0.000
-2728.513	-4.625	0.000
-2727.959	-4.625	0.000
-2727.404	-4.625	0.000
-2726.849	-4.625	0.000
-2726.295	-4.625	0.000
-2725.740	-4.625	0.000
-2725.185	-4.625	0.000
-2724.630	-4.625	0.000
-2724.076	-4.625	0.000
-2723.521	-4.625	0.000
-2722.966	-4.625	0.000
-2722.411	-4.625	0.000
-2721.857	-4.625	0.000
-2721.302	-4.625	0.000
-2720.747	-4.625	0.000
-2720.192	-4.625	0.000
-2719.637	-4.625	0.000
-2719.082	-4.625	0.000
-2718.527	-4.625	0.000
-2717.972	-4.625	0.000
-2717.418	-4.625	0.000
-2716.863	-4.625	0.000
-2716.308	-4.625	0.000
-2715.753	-4.625	0.000
-2715.198	-4.625	0.000
-2714.643	-4.625	0.000
-2714.088	-4.625	0.000
-2713.533	-4.625	0.000
-2712.978	-4.625	0.000
-2712.423	-4.625	0.000
-2711.868	-4.625	0.000
-2711.313	-4.625	0.000
-2710.758	-4.625	0.000
-2710.203	-4.625	0.000
-2709.647	-4.625	0.000
-2709.092	-4.625	0.000
-2708.537	-4.625	0.000
-2707.982	-4.625	0.000
-2707.427	-4.625	0.000
-2706.872	-4.625	0.000
-2706.317	-4.625	0.000
-2705.762	-4.625	0.000
-2705.207	-4.625	0.000
-2704.652	-4.625	0.000
-2704.096	-4.625	0.000
-2703.541	-4.625	0.000
-2702.986	-4.625	0.000
-2702.431	-4.625	0.000
-2701.876	-4.625	0.000
-2701.320	-4.625	0.000
-2700.765	-4.625	0.000
-2700.210	-4.625	0.000
-2699.655	-4.625	0.000
-2699.100	-4.625	0.000
-2698.544	-4.625	0.000
-2697.989	-4.625	0.000
-2697.434	-4.625	0.000
-2696.879	-4.625	0.000
-2696.323	-4.625	0.000
-2695.768	-4.625	0.000
-2695.213	-4.625	0.000
-2694.658	-4.625	0.000
-2694.102	-4.625	0.000
-2693.547	-4.625	0.000
-2692.992	-4.625	0.000
-2692.437	-4.625	0.000
-2691.881	-4.625	0.000
-2691.326	-4.625	0.000
-2690.771	-4.625	0.000
-2690.215	-4.625	0.000
-2689.660	-4.625	0.000
-2689.105	-4.625	0.000
-2688.549	-4.625	0.000
-2687.994	-4.625	0.000
-2687.439	-4.625	0.000
-2686.883	-4.625	0.000
-2686.328	-4.625	0.000
-2685.773	-4.625	0.000
-2685.217	-4.625	0.000
-2684.662	-4.625	0.000
-2684.107	-4.625	0.000
-2683.551	-4.625	0.000
-2682.996	-4.625	0.000
-2682.441	-4.625	0.000
-2681.885	-4.625	0.000
-2681.330	-4.625	0.000
-2680.774	-4.625	0.000
-2680.219	-4.625	0.000
-2679.664	-4.625	0.000
-2679.108	-4.625	0.000
-2678.553	-4.625	0.000
-2677.997	-4.625	0.000
-2677.442	-4.625	0.000
-2676.887	-4.625	0.000
-2676.331	-4.625	0.000
-2675.776	-4.625	0.000
-2675.220	-4.625	0.000
-2674.665	-4.625	0.000
-2674.110	-4.625	0.000
-2673.554	-4.625	0.000
-2672.999	-4.625	0.000
-2672.443	-4.625	0.000
-2671.888	-4.625	0.000
-2671.332	-4.625	0.000
-2670.777	-4.625	0.000
-2670.222	-4.625	0.000
-2669.666	-4.625	0.000
-2669.111	-4.625	0.000
-2668.555	-4.625	0.000
-2668.000	-4.625	0.000
-2667.444	-4.625	0.000
-2666.889	-4.625	0.000
-2666.333	-4.625	0.000
-2665.778	-4.625	0.000
-2665.223	-4.625	0.000
-2664.667	-4.625	0.000
-2664.112	-4.625	0.000
-2663.556	-4.625	0.000
-2663.001	-4.625	0.000
-2662.445	-4.625	0.000
-2661.890	-4.625	0.000
-2661.334	-4.625	0.000
-2660.779	-4.625	0.000
-2660.223	-4.625	0.000
-2659.668	-4.625	0.000
-2659.112	-4.625	0.000
-2658.557	-4.625	0.000
-2658.001	-4.625	0.000
-2657.446	-4.625	0.000
-2656.890	-4.625	0.000
-2656.335	-4.625	0.000
-2655.779	-4.625	0.000
-2655.224	-4.625	0.000
-2654.668	-4.625	0.000
-2654.113	-4.625	0.000
-2653.557	-4.625	0.000
-2653.002	-4.625	0.000
-2652.446	-4.625	0.000
-2651.891	-4.625	0.000
-2651.335	-4.625	0.000
-2650.780	-4.625	0.000
-2650.224	-4.625	0.000
-2649.669	-4.625	0.000
-2649.113	-4.625	0.000
-2648.558	-4.625	0.000
-2648.002	-4.625	0.000
-2647.447	-4.625	0.000
-2646.891	-4.625	0.000
-2646.336	-4.625	0.000
-2645.780	-4.625	0.000
-2645.225	-4.625	0.000
-2644.669	-4.625	0.000
-2644.114	-4.625	0.000
-2643.558	-4.625	0.000
-2643.003	-4.625	0.000
-2642.447	-4.625	0.000
-2641.892	-4.625	0.000
-2641.336	-4.625	0.000
-2640.781	-4.625	0.000
-2640.225	-4.625	0.000
-2639.670	-4.625	0.000
-2639.114	-4.625	0.000
-2638.559	-4.625	0.000
-2638.003	-4.625	0.000
-2637.448	-4.625	0.000
-2636.892	-4.625	0.000
-2636.337	-4.625	0.000
-2635.781	-4.625	0.000
-2635.226	-4.625	0.000
-2634.670	-4.625	0.000
-2634.115	-4.625	0.000
-2633.559	-4.625	0.000
-2633.003	-4.625	0.000
-2632.448	-4.625	0.000
-2631.892	-4.625	0.000
-2631.337	-4.625	0.000
-2630.781	-4.625	0.000
-2630.226	-4.625	0.000
-2629.670	-4.625	0.000
-2629.115	-4.625	0.000
-2628.559	-4.625	0.000
-2628.004	-4.625	0.000
-2627.448	-4.625	0.000
-2626.893	-4.625	0.000
-2626.337	-4.625	0.000
-2625.782	-4.625	0.000
-2625.226	-4.625	0.000
-2624.671	-4.625	0.000
-2624.115	-4.625	0.000
-2623.559	-4.625	0.000
-2623.004	-4.625	0.000
-2622.448	-4.625	0.000
-2621.893	-4.625	0.000
-2621.337	-4.625	0.000
-2620.782	-4.625	0.000
-2620.226	-4.625	0.000
-2619.671	-4.625	0.000
-2619.115	-4.625	0.000
-2618.560	-4.625	0.000
-2618.004	-4.625	0.000
-2617.449	-4.625	0.000
-2616.893	-4.625	0.000
-2616.337	-4.625	0.000
-2615.782	-4.625	0.000
-2615.226	-4.625	0.000
-2614.671	-4.625	0.000
-2614.115	-4.625	0.000
-2613.560	-4.625	0.000
-2613.004	-4.625	0.000
-2612.449	-4.625	0.000
-2611.893	-4.625	0.000
-2611.338	-4.625	0.000
-2610.782	-4.625	0.000
-2610.226	-4.625	0.000
-2609.671	-4.625	0.000
-2609.115	-4.625	0.000
-2608.560	-4.625	0.000
-2608.004	-4.625	0.000
-2607.449	-4.625	0.000
-2606.893	-4.625	0.000
-2606.338	-4.625	0.000
-2605.782	-4.625	0.000
-2605.227	-4.625	0.000
-2604.671	-4.625	0.000
-2604.115	-4.625	0.000
-2603.560	-4.625	0.000
-2603.004	-4.625	0.000
-2602.449	-4.625	0.000
-2601.893	-4.625	0.000
-2601.338	-4.625	0.000
-2600.782	-4.625	0.000
-2600.227	-4.625	0.000
-2599.671	-4.625	0.000
-2599.116	-4.625	0.000
-2598.560	-4.625	0.000
-2598.004	-4.625	0.000
-2597.449	-4.625	0.000
-2596.893	-4.625	0.000
-2596.338	-4.625	0.000
-2595.782	-4.625	0.000
-2595.227	-4.625	0.000
-2594.671	-4.625	0.000
-2594.116	-4.625	0.000
-2593.560	-4.625	0.000
-2593.004	-4.625	0.000
-2592.449	-4.625	0.000
-2591.893	-4.625	0.000
-2591.338	-4.625	0.000
-2590.782	-4.625	0.000
-2590.227	-4.625	0.000
-2589.671	-4.625	0.000
-2589.116	-4.625	0.000
-2588.560	-4.625	0.000
-2588.005	-4.625	0.000
-2587.449	-4.625	0.000
-2586.893	-4.625	0.000
-2586.338	-4.625	0.000
-2585.782	-4.625	0.000
-2585.227	-4.625	0.000
-2584.671	-4.625	0.000
-2584.116	-4.625	0.000
-2583.560	-4.625	0.000
-2583.005	-4.625	0.000
-2582.449	-4.625	0.000
-2581.893	-4.625	0.000
-2581.338	-4.625	0.000
-2580.782	-4.625	0.000
-2580.227	-4.625	0.000
-2579.671	-4.625	0.000
-2579.116	-4.625	0.000
-2578.560	-4.625	0.000
-2578.005	-4.625	0.000
-2577.449	-4.625	0.000
-2576.893	-4.625	0.000
-2576.338	-4.625	0.000
-2575.782	-4.625	0.000
-2575.227	-4.625	0.000
-2574.671	-4.625	0.000
-2574.116	-4.625	0.000
-2573.560	-4.625	0.000
-2573.005	-4.625	0.000
-2572.449	-4.625	0.000
-2571.893	-4.625	0.000
-2571.338	-4.625	0.000
-2570.782	-4.625	0.000
-2570.227	-4.625	0.000
-2569.671	-4.625	0.000
-2569.116	-4.625	0.000
-2568.560	-4.625	0.000
-2568.005	-4.625	0.000
-2567.449	-4.625	0.000
-2566.894	-4.625	0.000
-2566.338	-4.625	0.000
-2565.782	-4.625	0.000
-2565.227	-4.625	0.000
-2564.671	-4.625	0.000
-2564.116	-4.625	0.000
-2563.560	-4.625	0.000
-2563.005	-4.625	0.000
-2562.449	-4.625	0.000
-2561.894	-4.625	0.000
-2561.338	-4.625	0.000
-2560.782	-4.625	0.000
-2560.227	-4.625	0.000
-2559.671	-4.625	0.000
-2559.116	-4.625	0.000
-2558.560	-4.625	0.000
-2558.005	-4.625	0.000
-2557.449	-4.625	0.000
-2556.894	-4.625	0.000
-2556.338	-4.625	0.000
-2555.782	-4.625	0.000
-2555.227	-4.625	0.000
-2554.671	-4.625	0.000
-2554.116	-4.625	0.000
-2553.560	-4.625	0.000
-2553.005	-4.625	0.000
-2552.449	-4.625	0.000
-2551.894	-4.625	0.000
-2551.338	-4.625	0.000
-2550.782	-4.625	0.000
-2550.227	-4.625	0.000
-2549.671	-4.625	0.000
-2549.116	-4.625	0.000
-2548.560	-4.625	0.000
-2548.005	-4.625	0.000
-2547.449	-4.625	0.000
-2546.894	-4.625	0.000
-2546.338	-4.625	0.000
-2545.782	-4.625	0.000
-2545.227	-4.625	0.000
-2544.671	-4.625	0.000
-2544.116	-4.625	0.000
-2543.560	-4.625	0.000
-2543.005	-4.625	0.000
-2542.449	-4.625	0.000
-2541.894	-4.625	0.000
-2541.338	-4.625	0.000
-2540.782	-4.625	0.000
-2540.227	-4.625	0.000
-2539.671	-4.625	0.000
-2539.116	-4.625	0.000
-2538.560	-4.625	0.000
-2538.005	-4.625	0.000
-2537.449	-4.625	0.000
-2536.894	-4.625	0.000
-2536.338	-4.625	0.000
-2535.782	-4.625	0.000
-2535.227	-4.625	0.000
-2534.671	-4.625	0.000
-2534.116	-4.625	0.000
-2533.560	-4.625	0.000
-2533.005	-4.625	0.000
-2532.449	-4.625	0.000
-2531.894	-4.625	0.000
-2531.338	-4.625	0.000
-2530.782	-4.625	0.000
-2530.227	-4.625	0.000
-2529.671	-4.625	0.000
-2529.116	-4.625	0.000
-2528.560	-4.625	0.000
-2528.005	-4.625	0.000
-2527.449	-4.625	0.000
-2526.894	-4.625	0.000
-2526.338	-4.625	0.000
-2525.782	-4.625	0.000
-2525.227	-4.625	0.000
-2524.671	-4.625	0.000
-2524.116	-4.625	0.000
-2523.560	-4.625	0.000
-2523.005	-4.625	0.000
-2522.449	-4.625	0.000
-2521.894	-4.625	0.000
-2521.338	-4.625	0.000
-2520.782	-4.625	0.000
-2520.227	-4.625	0.000
-2519.671	-4.625	0.000
-2519.116	-4.625	0.000
-2518.560	-4.625	0.000
-2518.005	-4.625	0.000
-2517.449	-4.625	0.000
-2516.894	-4.625	0.000
-2516.338	-4.625	0.000
-2515.782	-4.625	0.000
-2515.227	-4.625	0.000
-2514.671	-4.625	0.000
-2514.116	-4.625	0.000
-2513.560	-4.625	0.000
-2513.005	-4.625	0.000
-2512.449	-4.625	0.000
-2511.894	-4.625	0.000
-2511.338	-4.625	0.000
-2510.782	-4.625	0.000
-2510.227	-4.625	0.000
-2509.671	-4.625	0.000
-2509.116	-4.625	0.000
-2508.560	-4.625	0.000
-2508.005	-4.625	0.000
-2507.449	-4.625	0.000
-2506.894	-4.625	0.000
-2506.338	-4.625	0.000
-2505.782	-4.625	0.000
-2505.227	-4.625	0.000
-2504.671	-4.625	0.000
-2504.116	-4.625	0.000
-2503.560	-4.625	0.000
-2503.005	-4.625	0.000
-2502.449	-4.625	0.000
-2501.894	-4.625	0.000
-2501.338	-4.625	0.000
-2500.782	-4.625	0.000
-2500.227	-4.625	0.000
-2499.671	-4.625	0.000
-2499.116	-4.625	0.000
-2498.560	-4.625	0.000
-2498.005	-4.625	0.000
-2497.449	-4.625	0.000
-2496.894	-4.625	0.000
-2496.338	-4.625	0.000
-2495.782	-4.625	0.000
-2495.227	-4.625	0.000
-2494.671	-4.625	0.000
-2494.116	-4.625	0.000
-2493.560	-4.625	0.000
-2493.005	-4.625	0.000
-2492.449	-4.625	0.000
-2491.894	-4.625	0.000
-2491.338	-4.625	0.000
-2490.782	-4.625	0.000
-2490.227	-4.625	0.000
-2489.671	-4.625	0.000
-2489.116	-4.625	0.000
-2488.560	-4.625	0.000
-2488.005	-4.625	0.000
-2487.449	-4.625	0.000
-2486.894	-4.625	0.000
-2486.338	-4.625	0.000
-2485.782	-4.625	0.000
-2485.227	-4.625	0.000
-2484.671	-4.625	0.000
-2484.116	-4.625	0.000
-2483.560	-4.625	0.000
-2483.005	-4.625	0.000
-2482.449	-4.625	0.000
-2481.894	-4.625	0.000
-2481.338	-4.625	0.000
-2480.782	-4.625	0.000
-2480.227	-4.625	0.000
-2479.671	-4.625	0.000
-2479.116	-4.625	0.000
-2478.560	-4.625	0.000
-2478.005	-4.625	0.000
-2477.449	-4.625	0.000
-2476.894	-4.625	0.000
-2476.338	-4.625	0.000
-2475.782	-4.625	0.000
-2475.227	-4.625	0.000
-2474.671	-4.625	0.000
-2474.116	-4.625	0.000
-2473.560	-4.625	0.000
-2473.005	-4.625	0.000
-2472.449	-4.625	0.000
-2471.894	-4.625	0.000
-2471.338	-4.625	0.000
-2470.782	-4.625	0.000
-2470.227	-4.625	0.000
-2469.671	-4.625	0.000
-2469.116	-4.625	0.000
-2468.560	-4.625	0.000
-2468.005	-4.625	0.000
-2467.449	-4.625	0.000
-2466.894	-4.625	0.000
-2466.338	-4.625	0.000
-2465.782	-4.625	0.000
-2465.227	-4.625	0.000
-2464.671	-4.625	0.000
-2464.116	-4.625	0.000
-2463.560	-4.625	0.000
-2463.005	-4.625	0.000
-2462.449	-4.625	0.000
-2461.894	-4.625	0.000
-2461.338	-4.625	0.000
-2460.782	-4.625	0.000
-2460.227	-4.625	0.000
-2459.671	-4.625	0.000
-2459.116	-4.625	0.000
-2458.560	-4.625	0.000
-2458.005	-4.625	0.000
-2457.449	-4.625	0.000
-2456.894	-4.625	0.000
-2456.338	-4.625	0.000
-2455.782	-4.625	0.000
-2455.227	-4.625	0.000
-2454.671	-4.625	0.000
-2454.116	-4.625	0.000
-2453.560	-4.625	0.000
-2453.005	-4.625	0.000
-2452.449	-4.625	0.000
-2451.894	-4.625	0.000
-2451.338	-4.625	0.000
-2450.782	-4.625	0.000
-2450.227	-4.625	0.000
-2449.671	-4.625	0.000
-2449.116	-4.625	0.000
-2448.560	-4.625	0.000
-2448.005	-4.625	0.000
-2447.449	-4.625	0.000
-2446.894	-4.625	0.000
-2446.338	-4.625	0.000
-2445.782	-4.625	0.000
-2445.227	-4.625	0.000
-2444.671	-4.625	0.000
-2444.116	-4.625	0.000
-2443.560	-4.625	0.000
-2443.005	-4.625	0.000
-2442.449	-4.625	0.000
-2441.894	-4.625	0.000
-2441.338	-4.625	0.000
-2440.782	-4.625	0.000
-2440.227	-4.625	0.000
-2439.671	-4.625	0.000
-2439.116	-4.625	0.000
-2438.560	-4.625	0.000
-2438.005	-4.625	0.000
-2437.449	-4.625	0.000
-2436.894	-4.625	0.000
-2436.338	-4.625	0.000
-2435.782	-4.625	0.000
-2435.227	-4.625	0.000
-2434.671	-4.625	0.000
-2434.116	-4.625	0.000
-2433.560	-4.625	0.000
-2433.005	-4.625	0.000
-2432.449	-4.625	0.000
-2431.894	-4.625	0.000
-2431.338	-4.625	0.000
-2430.782	-4.625	0.000
-2430.227	-4.625	0.000
-2429.671	-4.625	0.000
-2429.116	-4.625	0.000
-2428.560	-4.625	0.000
-2428.005	-4.625	0.000
-2427.449	-4.625	0.000
-2426.894	-4.625	0.000
-2426.338	-4.625	0.000
-2425.782	-4.625	0.000
-2425.227	-4.625	0.000
-2424.671	-4.625	0.000
-2424.116	-4.625	0.000
-2423.560	-4.625	0.000
-2423.005	-4.625	0.000
-2422.449	-4.625	0.000
-2421.894	-4.625	0.000
-2421.338	-4.625	0.000
-2420.782	-4.625	0.000
-2420.227	-4.625	0.000
-2419.671	-4.625	0.000
-2419.116	-4.625	0.000
-2418.560	-4.625	0.000
-2418.005	-4.625	0.000
-2417.449	-4.625	0.000
-2416.894	-4.625	0.000
-2416.338	-4.625	0.000
-2415.782	-4.625	0.000
-2415.227	-4.625	0.000
-2414.671	-4.625	0.000
-2414.116	-4.625	0.000
-2413.560	-4.625	0.000
-2413.005	-4.625	0.000
-2412.449	-4.625	0.000
-2411.894	-4.625	0.000
-2411.338	-4.625	0.000
-2410.782	-4.625	0.000
-2410.227	-4.625	0.000
-2409.671	-4.625	0.000
-2409.116	-4.625	0.000
-2408.560	-4.625	0.000
-2408.005	-4.625	0.000
-2407.449	-4.625	0.000
-2406.894	-4.625	0.000
-2406.338	-4.625	0.000
-2405.782	-4.625	0.000
-2405.227	-4.625	0.000
-2404.671	-4.625	0.000
-2404.116	-4.625	0.000
-2403.560	-4.625	0.000
-2403.005	-4.625	0.000
-2402.449	-4.625	0.000
-2401.894	-4.625	0.000
-2401.338	-4.625	0.000
-2400.782	-4.625	0.000
-2400.227	-4.625	0.000
-2399.671	-4.625	0.000
-2399.116	-4.625	0.000
-2398.560	-4.625	0.000
-2398.005	-4.625	0.000
-2397.449	-4.625	0.000
-2396.894	-4.625	0.000
-2396.338	-4.625	0.000
-2395.782	-4.625	0.000
-2395.227	-4.625	0.000
-2394.671	-4.625	0.000
-2394.116	-4.625	0.000
-2393.560	-4.625	0.000
-2393.005	-4.625	0.000
-2392.449	-4.625	0.000
-2391.894	-4.625	0.000
-2391.338	-4.625	0.000
-2390.782	-4.625	0.000
-2390.227	-4.625	0.000
-2389.671	-4.625	0.000
-2389.116	-4.625	0.000
-2388.560	-4.625	0.000
-2388.005	-4.625	0.000
-2387.449	-4.625	0.000
-2386.894	-4.625	0.000
-2386.338	-4.625	0.000
-2385.782	-4.625	0.000
-2385.227	-4.625	0.000
-2384.671	-4.625	0.000
-2384.116	-4.625	0.000
-2383.560	-4.625	0.000
-2383.005	-4.625	0.000
-2382.449	-4.625	0.000
-2381.894	-4.625	0.000
-2381.338	-4.625	0.000
-2380.782	-4.625	0.000
-2380.227	-4.625	0.000
-2379.671	-4.625	0.000
-2379.116	-4.625	0.000
-2378.560	-4.625	0.000
-2378.005	-4.625	0.000
-2377.449	-4.625	0.000
-2376.894	-4.625	0.000
-2376.338	-4.625	0.000
-2375.782	-4.625	0.000
-2375.227	-4.625	0.000
-2374.671	-4.625	0.000
-2374.116	-4.625	0.000
-2373.560	-4.625	0.000
-2373.005	-4.625	0.000
-2372.449	-4.625	0.000
-2371.894	-4.625	0.000
-2371.338	-4.625	0.000
-2370.782	-4.625	0.000
-2370.227	-4.625	0.000
-2369.671	-4.625	0.000
-2369.116	-4.625	0.000
-2368.560	-4.625	0.000
-2368.005	-4.625	0.000
-2367.449	-4.625	0.000
-2366.894	-4.625	0.000
-2366.338	-4.625	0.000
-2365.782	-4.625	0.000
-2365.227	-4.625	0.000
-2364.671	-4.625	0.000
-2364.116	-4.625	0.000
-2363.560	-4.625	0.000
-2363.005	-4.625	0.000
-2362.449	-4.625	0.000
-2361.894	-4.625	0.000
-2361.338	-4.625	0.000
-2360.782	-4.625	0.000
-2360.227	-4.625	0.000
-2359.671	-4.625	0.000
-2359.116	-4.625	0.000
-2358.560	-4.625	0.000
-2358.005	-4.625	0.000
-2357.449	-4.625	0.000
-2356.894	-4.625	0.000
-2356.338	-4.625	0.000
-2355.782	-4.625	0.000
-2355.227	-4.625	0.000
-2354.671	-4.625	0.000
-2354.116	-4.625	0.000
-2353.560	-4.625	0.000
-2353.005	-4.625	0.000
-2352.449	-4.625	0.000
-2351.894	-4.625	0.000
-2351.338	-4.625	0.000
-2350.782	-4.625	0.000
-2350.227	-4.625	0.000
-2349.671	-4.625	0.000
-2349.116	-4.625	0.000
-2348.560	-4.625	0.000
-2348.005	-4.625	0.000
-2347.449	-4.625	0.000
-2346.894	-4.625	0.000
-2346.338	-4.625	0.000
-2345.782	-4.625	0.000
-2345.227	-4.625	0.000
-2344.671	-4.625	0.000
-2344.116	-4.625	0.000
-2343.560	-4.625	0.000
-2343.005	-4.625	0.000
-2342.449	-4.625	0.000
-2341.894	-4.625	0.000
-2341.338	-4.625	0.000
-2340.782	-4.625	0.000
-2340.227	-4.625	0.000
-2339.671	-4.625	0.000
-2339.116	-4.625	0.000
-2338.560	-4.625	0.000
-2338.005	-4.625	0.000
-2337.449	-4.625	0.000
-2336.894	-4.625	0.000
-2336.338	-4.625	0.000
-2335.782	-4.625	0.000
-2335.227	-4.625	0.000
-2334.671	-4.625	0.000
-2334.116	-4.625	0.000
-2333.560	-4.625	0.000
-2333.005	-4.625	0.000
-2332.449	-4.625	0.000
-2331.894	-4.625	0.000
-2331.338	-4.625	0.000
-2330.782	-4.625	0.000
-2330.227	-4.625	0.000
-2329.671	-4.625	0.000
-2329.116	-4.625	0.000
-2328.560	-4.625	0.000
-2328.005	-4.625	0.000
-2327.449	-4.625	0.000
-2326.894	-4.625	0.000
-2326.338	-4.625	0.000
-2325.782	-4.625	0.000
-2325.227	-4.625	0.000
-2324.671	-4.625	0.000
-2324.116	-4.625	0.000
-2323.560	-4.625	0.000
-2323.005	-4.625	0.000
-2322.449	-4.625	0.000
-2321.894	-4.625	0.000
-2321.338	-4.625	0.000
-2320.782	-4.625	0.000
-2320.227	-4.625	0.000
-2319.671	-4.625	0.000
-2319.116	-4.625	0.000
-2318.560	-4.625	0.000
-2318.005	-4.625	0.000
-2317.449	-4.625	0.000
-2316.894	-4.625	0.000
-2316.338	-4.625	0.000
-2315.782	-4.625	0.000
-2315.227	-4.625	0.000
-2314.671	-4.625	0.000
-2314.116	-4.625	0.000
-2313.560	-4.625	0.000
-2313.005	-4.625	0.000
-2312.449	-4.625	0.000
-2311.894	-4.625	0.000
-2311.338	-4.625	0.000
-2310.782	-4.625	0.000
-2310.227	-4.625	0.000
-2309.671	-4.625	0.000
-2309.116	-4.625	0.000
-2308.560	-4.625	0.000
-2308.005	-4.625	0.000
-2307.449	-4.625	0.000
-2306.894	-4.625	0.000
-2306.338	-4.625	0.000
-2305.782	-4.625	0.000
-2305.227	-4.625	0.000
-2304.671	-4.625	0.000
-2304.116	-4.625	0.000
-2303.560	-4.625	0.000
-2303.005	-4.625	0.000
-2302.449	-4.625	0.000
-2301.894	-4.625	0.000
-2301.338	-4.625	0.000
-2300.782	-4.625	0.000
-2300.227	-4.625	0.000
-2299.671	-4.625	0.000
-2299.116	-4.625	0.000
-2298.560	-4.625	0.000
-2298.005	-4.625	0.000
-2297.449	-4.625	0.000
-2296.894	-4.625	0.000
-2296.338	-4.625	0.000
-2295.782	-4.625	0.000
-2295.227	-4.625	0.000
-2294.671	-4.625	0.000
-2294.116	-4.625	0.000
-2293.560	-4.625	0.000
-2293.005	-4.625	0.000
-2292.449	-4.625	0.000
-2291.894	-4.625	0.000
-2291.338	-4.625	0.000
-2290.782	-4.625	0.000
-2290.227	-4.625	0.000
-2289.671	-4.625	0.000
-2289.116	-4.625	0.000
-2288.560	-4.625	0.000
-2288.005	-4.625	0.000
-2287.449	-4.625	0.000
-2286.894	-4.625	0.000
-2286.338	-4.625	0.000
-2285.782	-4.625	0.000
-2285.227	-4.625	0.000
-2284.671	-4.625	0.000
-2284.116	-4.625	0.000
-2283.560	-4.625	0.000
-2283.005	-4.625	0.000
-2282.449	-4.625	0.000
-2281.894	-4.625	0.000
-2281.338	-4.625	0.000
-2280.782	-4.625	0.000
-2280.227	-4.625	0.000
-2279.671	-4.625	0.000
-2279.116	-4.625	0.000
-2278.560	-4.625	0.000
-2278.005	-4.625	0.000
-2277.449	-4.625	0.000
-2276.894	-4.625	0.000
-2276.338	-4.625	0.000
-2275.782	-4.625	0.000
-2275.227	-4.625	0.000
-2274.671	-4.625	0.000
-2274.116	-4.625	0.000
-2273.560	-4.625	0.000
-2273.005	-4.625	0.000
-2272.449	-4.625	0.000
-2271.894	-4.625	0.000
-2271.338	-4.625	0.000
-2270.782	-4.625	0.000
-2270.227	-4.625	0.000
-2269.671	-4.625	0.000
-2269.116	-4.625	0.000
-2268.560	-4.625	0.000
-2268.005	-4.625	0.000
-2267.449	-4.625	0.000
-2266.894	-4.625	0.000
-2266.338	-4.625	0.000
-2265.782	-4.625	0.000
-2265.227	-4.625	0.000
-2264.671	-4.625	0.000
-2264.116	-4.625	0.000
-2263.560	-4.625	0.000
-2263.005	-4.625	0.000
-2262.449	-4.625	0.000
-2261.894	-4.625	0.000
-2261.338	-4.625	0.000
-2260.782	-4.625	0.000
-2260.227	-4.625	0.000
-2259.671	-4.625	0.000
-2259.116	-4.625	0.000
-2258.560	-4.625	0.000
-2258.005	-4.625	0.000
-2257.449	-4.625	0.000
-2256.894	-4.625	0.000
-2256.338	-4.625	0.000
-2255.782	-4.625	0.000
-2255.227	-4.625	0.000
-2254.671	-4.625	0.000
-2254.116	-4.625	0.000
-2253.560	-4.625	0.000
-2253.005	-4.625	0.000
-2252.449	-4.625	0.000
-2251.894	-4.625	0.000
-2251.338	-4.625	0.000
-2250.782	-4.625	0.000
-2250.227	-4.625	0.000
-2249.671	-4.625	0.000
-2249.116	-4.625	0.000
-2248.560	-4.625	0.000
-2248.005	-4.625	0.000
-2247.449	-4.625	0.000
-2246.894	-4.625	0.000
-2246.338	-4.625	0.000
-2245.782	-4.625	0.000
-2245.227	-4.625	0.000
-2244.671	-4.625	0.000
-2244.116	-4.625	0.000
-2243.560	-4.625	0.000
-2243.005	-4.625	0.000
-2242.449	-4.625	0.000
-2241.894	-4.625	0.000
-2241.338	-4.625	0.000
-2240.782	-4.625	0.000
-2240.227	-4.625	0.000
-2239.671	-4.625	0.000
-2239.116	-4.625	0.000
-2238.560	-4.625	0.000
-2238.005	-4.625	0.000
-2237.449	-4.625	0.000
-2236.894	-4.625	0.000
-2236.338	-4.625	0.000
-2235.782	-4.625	0.000
-2235.227	-4.625	0.000
-2234.671	-4.625	0.000
-2234.116	-4.625	0.000
-2233.560	-4.625	0.000
-2233.005	-4.625	0.000
-2232.449	-4.625	0.000
-2231.894	-4.625	0.000
-2231.338	-4.625	0.000
-2230.782	-4.625	0.000
-2230.227	-4.625	0.000
-2229.671	-4.625	0.000
-2229.116	-4.625	0.000
-2228.560	-4.625	0.000
-2228.005	-4.625	0.000
-2227.449	-4.625	0.000
-2226.894	-4.625	0.000
-2226.338	-4.625	0.000
-2225.782	-4.625	0.000
-2225.227	-4.625	0.000
-2224.671	-4.625	0.000
-2224.116	-4.625	0.000
-2223.560	-4.625	0.000
-2223.005	-4.625	0.000
-2222.449	-4.625	0.000
-2221.894	-4.625	0.000
-2221.338	-4.625	0.000
-2220.782	-4.625	0.000
-2220.227	-4.625	0.000
-2219.671	-4.625	0.000
-2219.116	-4.625	0.000
-2218.560	-4.625	0.000
-2218.005	-4.625	0.000
-2217.449	-4.625	0.000
-2216.894	-4.625	0.000
-2216.338	-4.625	0.000
-2215.782	-4.625	0.000
-2215.227	-4.625	0.000
-2214.671	-4.625	0.000
-2214.116	-4.625	0.000
-2213.560	-4.625	0.000
-2213.005	-4.625	0.000
-2212.449	-4.625	0.000
-2211.894	-4.625	0.000
-2211.338	-4.625	0.000
-2210.782	-4.625	0.000
-2210.227	-4.625	0.000
-2209.671	-4.625	0.000
-2209.116	-4.625	0.000
-2208.560	-4.625	0.000
-2208.005	-4.625	0.000
-2207.449	-4.625	0.000
-2206.894	-4.625	0.000
-2206.338	-4.625	0.000
-2205.782	-4.625	0.000
-2205.227	-4.625	0.000
-2204.671	-4.625	0.000
-2204.116	-4.625	0.000
-2203.560	-4.625	0.000
-2203.005	-4.625	0.000
-2202.449	-4.625	0.000
-2201.894	-4.625	0.000
-2201.338	-4.625	0.000
-2200.782	-4.625	0.000
-2200.227	-4.625	0.000
-2199.671	-4.625	0.000
-2199.116	-4.625	0.000
-2198.560	-4.625	0.000
-2198.005	-4.625	0.000
-2197.449	-4.625	0.000
-2196.894	-4.625	0.000
-2196.338	-4.625	0.000
-2195.782	-4.625	0.000
-2195.227	-4.625	0.000
-2194.671	-4.625	0.000
-2194.116	-4.625	0.000
-2193.560	-4.625	0.000
-2193.005	-4.625	0.000
-2192.449	-4.625	0.000
-2191.894	-4.625	0.000
-2191.338	-4.625	0.000
-2190.782	-4.625	0.000
-2190.227	-4.625	0.000
-2189.671	-4.625	0.000
-2189.116	-4.625	0.000
-2188.560	-4.625	0.000
-2188.005	-4.625	0.000
-2187.449	-4.625	0.000
-2186.894	-4.625	0.000
-2186.338	-4.625	0.000
-2185.782	-4.625	0.000
-2185.227	-4.625	0.000
-2184.671	-4.625	0.000
-2184.116	-4.625	0.000
-2183.560	-4.625	0.000
-2183.005	-4.625	0.000
-2182.449	-4.625	0.000
-2181.894	-4.625	0.000
-2181.338	-4.625	0.000
-2180.782	-4.625	0.000
-2180.227	-4.625	0.000
-2179.671	-4.625	0.000
-2179.116	-4.625	0.000
-2178.560	-4.625	0.000
-2178.005	-4.625	0.000
-2177.449	-4.625	0.000
-2176.894	-4.625	0.000
-2176.338	-4.625	0.000
-2175.782	-4.625	0.000
-2175.227	-4.625	0.000
-2174.671	-4.625	0.000
-2174.116	-4.625	0.000
-2173.560	-4.625	0.000
-2173.005	-4.625	0.000
-2172.449	-4.625	0.000
-2171.894	-4.625	0.000
-2171.338	-4.625	0.000
-2170.782	-4.625	0.000
-2170.227	-4.625	0.000
-2169.671	-4.625	0.000
-2169.116	-4.625	0.000
-2168.560	-4.625	0.000
-2168.005	-4.625	0.000
-2167.449	-4.625	0.000
-2166.894	-4.625	0.000
-2166.338	-4.625	0.000
-2165.782	-4.625	0.000
-2165.227	-4.625	0.000
-2164.671	-4.625	0.000
-2164.116	-4.625	0.000
-2163.560	-4.625	0.000
-2163.005	-4.625	0.000
-2162.449	-4.625	0.000
-2161.894	-4.625	0.000
-2161.338	-4.625	0.000
-2160.782	-4.625	0.000
-2160.227	-4.625	0.000
-2159.671	-4.625	0.000
-2159.116	-4.625	0.000
-2158.560	-4.625	0.000
-2158.005	-4.625	0.000
-2157.449	-4.625	0.000
-2156.894	-4.625	0.000
-2156.338	-4.625	0.000
-2155.782	-4.625	0.000
-2155.227	-4.625	0.000
-2154.671	-4.625	0.000
-2154.116	-4.625	0.000
-2153.560	-4.625	0.000
-2153.005	-4.625	0.000
-2152.449	-4.625	0.000
-2151.894	-4.625	0.000
-2151.338	-4.625	0.000
-2150.782	-4.625	0.000
-2150.227	-4.625	0.000
-2149.671	-4.625	0.000
-2149.116	-4.625	0.000
-2148.560	-4.625	0.000
-2148.005	-4.625	0.000
-2147.449	-4.625	0.000
-2146.894	-4.625	0.000
-2146.338	-4.625	0.000
-2145.782	-4.625	0.000
-2145.227	-4.625	0.000
-2144.671	-4.625	0.000
-2144.116	-4.625	0.000
-2143.560	-4.625	0.000
-2143.005	-4.625	0.000
-2142.449	-4.625	0.000
-2141.894	-4.625	0.000
-2141.338	-4.625	0.000
-2140.782	-4.625	0.000
-2140.227	-4.625	0.000
-2139.671	-4.625	0.000
-2139.116	-4.625	0.000
-2138.560	-4.625	0.000
-2138.005	-4.625	0.000
-2137.449	-4.625	0.000
-2136.894	-4.625	0.000
-2136.338	-4.625	0.000
-2135.782	-4.625	0.000
-2135.227	-4.625	0.000
-2134.671	-4.625	0.000
-2134.116	-4.625	0.000
-2133.560	-4.625	0.000
-2133.005	-4.625	0.000
-2132.449	-4.625	0.000
-2131.894	-4.625	0.000
-2131.338	-4.625	0.000
-2130.782	-4.625	0.000
-2130.227	-4.625	0.000
-2129.671	-4.625	0.000
-2129.116	-4.625	0.000
-2128.560	-4.625	0.000
-2128.005	-4.625	0.000
-2127.449	-4.625	0.000
-2126.894	-4.625	0.000
-2126.338	-4.625	0.000
-2125.782	-4.625	0.000
-2125.227	-4.625	0.000
-2124.671	-4.625	0.000
-2124.116	-4.625	0.000
-2123.560	-4.625	0.000
-2123.005	-4.625	0.000
-2122.449	-4.625	0.000
-2121.894	-4.625	0.000
-2121.338	-4.625	0.000
-2120.782	-4.625	0.000
-2120.227	-4.625	0.000
-2119.671	-4.625	0.000
-2119.116	-4.625	0.000
-2118.560	-4.625	0.000
-2118.005	-4.625	0.000
-2117.449	-4.625	0.000
-2116.894	-4.625	0.000
-2116.338	-4.625	0.000
-2115.782	-4.625	0.000
-2115.227	-4.625	0.000
-2114.671	-4.625	0.000
-2114.116	-4.625	0.000
-2113.560	-4.625	0.000
-2113.005	-4.625	0.000
-2112.449	-4.625	0.000
-2111.894	-4.625	0.000
-2111.338	-4.625	0.000
-2110.782	-4.625	0.000
-2110.227	-4.625	0.000
-2109.671	-4.625	0.000
-2109.116	-4.625	0.000
-2108.560	-4.625	0.000
-2108.005	-4.625	0.000
-2107.449	-4.625	0.000
-2106.894	-4.625	0.000
-2106.338	-4.625	0.000
-2105.782	-4.625	0.000
-2105.227	-4.625	0.000
-2104.671	-4.625	0.000
-2104.116	-4.625	0.000
-2103.560	-4.625	0.000
-2103.005	-4.625	0.000
-2102.449	-4.625	0.000
-2101.894	-4.625	0.000
-2101.338	-4.625	0.000
-2100.782	-4.625	0.000
-2100.227	-4.625	0.000
-2099.671	-4.625	0.000
-2099.116	-4.625	0.000
-2098.560	-4.625	0.000
-2098.005	-4.625	0.000
-2097.449	-4.625	0.000
-2096.894	-4.625	0.000
-2096.338	-4.625	0.000
-2095.782	-4.625	0.000
-2095.227	-4.625	0.000
-2094.671	-4.625	0.000
-2094.116	-4.625	0.000
-2093.560	-4.625	0.000
-2093.005	-4.625	0.000
-2092.449	-4.625	0.000
-2091.894	-4.625	0.000
-2091.338	-4.625	0.000
-2090.782	-4.625	0.000
-2090.227	-4.625	0.000
-2089.671	-4.625	0.000
-2089.116	-4.625	0.000
-2088.560	-4.625	0.000
-2088.005	-4.625	0.000
-2087.449	-4.625	0.000
-2086.894	-4.625	0.000
-2086.338	-4.625	0.000
-2085.782	-4.625	0.000
-2085.227	-4.625	0.000
-2084.671	-4.625	0.000
-2084.116	-4.625	0.000
-2083.560	-4.625	0.000
-2083.005	-4.625	0.000
-2082.449	-4.625	0.000
-2081.894	-4.625	0.000
-2081.338	-4.625	0.000
-2080.782	-4.625	0.000
-2080.227	-4.625	0.000
-2079.671	-4.625	0.000
-2079.116	-4.625	0.000
-2078.560	-4.625	0.000
-2078.005	-4.625	0.000
-2077.449	-4.625	0.000
-2076.894	-4.625	0.000
-2076.338	-4.625	0.000
-2075.782	-4.625	0.000
-2075.227	-4.625	0.000
-2074.671	-4.625	0.000
-2074.116	-4.625	0.000
-2073.560	-4.625	0.000
-2073.005	-4.625	0.000
-2072.449	-4.625	0.000
-2071.894	-4.625	0.000
-2071.338	-4.625	0.000
-2070.782	-4.625	0.000
-2070.227	-4.625	0.000
-2069.671	-4.625	0.000
-2069.116	-4.625	0.000
-2068.560	-4.625	0.000
-2068.005	-4.625	0.000
-2067.449	-4.625	0.000
-2066.894	-4.625	0.000
-2066.338	-4.625	0.000
-2065.782	-4.625	0.000
-2065.227	-4.625	0.000
-2064.671	-4.625	0.000
-2064.116	-4.625	0.000
-2063.560	-4.625	0.000
-2063.005	-4.625	0.000
-2062.449	-4.625	0.000
-2061.894	-4.625	0.000
-2061.338	-4.625	0.000
-2060.782	-4.625	0.000
-2060.227	-4.625	0.000
-2059.671	-4.625	0.000
-2059.116	-4.625	0.000
-2058.560	-4.625	0.000
-2058.005	-4.625	0.000
-2057.449	-4.625	0.000
-2056.894	-4.625	0.000
-2056.338	-4.625	0.000
-2055.782	-4.625	0.000
-2055.227	-4.625	0.000
-2054.671	-4.625	0.000
-2054.116	-4.625	0.000
-2053.560	-4.625	0.000
-2053.005	-4.625	0.000
-2052.449	-4.625	0.000
-2051.894	-4.625	0.000
-2051.338	-4.625	0.000
-2050.782	-4.625	0.000
-2050.227	-4.625	0.000
-2049.671	-4.625	0.000
-2049.116	-4.625	0.000
-2048.560	-4.625	0.000
-2048.005	-4.625	0.000
-2047.449	-4.625	0.000
-2046.894	-4.625	0.000
-2046.338	-4.625	0.000
-2045.782	-4.625	0.000
-2045.227	-4.625	0.000
-2044.671	-4.625	0.000
-2044.116	-4.625	0.000
-2043.560	-4.625	0.000
-2043.005	-4.625	0.000
-2042.449	-4.625	0.000
-2041.894	-4.625	0.000
-2041.338	-4.625	0.000
-2040.782	-4.625	0.000
-2040.227	-4.625	0.000
-2039.671	-4.625	0.000
-2039.116	-4.625	0.000
-2038.560	-4.625	0.000
-2038.005	-4.625	0.000
-2037.449	-4.625	0.000
-2036.894	-4.625	0.000
-2036.338	-4.625	0.000
-2035.782	-4.625	0.000
-2035.227	-4.625	0.000
-2034.671	-4.625	0.000
-2034.116	-4.625	0.000
-2033.560	-4.625	0.000
-2033.005	-4.625	0.000
-2032.449	-4.625	0.000
-2031.894	-4.625	0.000
-2031.338	-4.625	0.000
-2030.782	-4.625	0.000
-2030.227	-4.625	0.000
-2029.671	-4.625	0.000
-2029.116	-4.625	0.000
-2028.560	-4.625	0.000
-2028.005	-4.625	0.000
-2027.449	-4.625	0.000
-2026.894	-4.625	0.000
-2026.338	-4.625	0.000
-2025.782	-4.625	0.000
-2025.227	-4.625	0.000
-2024.671	-4.625	0.000
-2024.116	-4.625	0.000
-2023.560	-4.625	0.000
-2023.005	-4.625	0.000
-2022.449	-4.625	0.000
-2021.894	-4.625	0.000
-2021.338	-4.625	0.000
-2020.782	-4.625	0.000
-2020.227	-4.625	0.000
-2019.671	-4.625	0.000
-2019.116	-4.625	0.000
-2018.560	-4.625	0.000
-2018.005	-4.625	0.000
-2017.449	-4.625	0.000
-2016.894	-4.625	0.000
-2016.338	-4.625	0.000
-2015.782	-4.625	0.000
-2015.227	-4.625	0.000
-2014.671	-4.625	0.000
-2014.116	-4.625	0.000
-2013.560	-4.625	0.000
-2013.005	-4.625	0.000
-2012.449	-4.625	0.000
-2011.894	-4.625	0.000
-2011.338	-4.625	0.000
-2010.782	-4.625	0.000
-2010.227	-4.625	0.000
-2009.671	-4.625	0.000
-2009.116	-4.625	0.000
-2008.560	-4.625	0.000
-2008.005	-4.625	0.000
-2007.449	-4.625	0.000
-2006.894	-4.625	0.000
-2006.338	-4.625	0.000
-2005.782	-4.625	0.000
-2005.227	-4.625	0.000
-2004.671	-4.625	0.000
-2004.116	-4.625	0.000
-2003.560	-4.625	0.000
-2003.005	-4.625	0.000
-2002.449	-4.625	0.000
-2001.894	-4.625	0.000
-2001.338	-4.625	0.000
-2000.782	-4.625	0.000
-2000.227	-4.625	0.000
-1999.671	-4.625	0.000
-1999.116	-4.625	0.000
-1998.560	-4.625	0.000
-1998.005	-4.625	0.000
-1997.449	-4.625	0.000
-1996.894	-4.625	0.000
-1996.338	-4.625	0.000
-1995.782	-4.625	0.000
-1995.227	-4.625	0.000
-1994.671	-4.625	0.000
-1994.116	-4.625	0.000
-1993.560	-4.625	0.000
-1993.005	-4.625	0.000
-1992.449	-4.625	0.000
-1991.894	-4.625	0.000
-1991.338	-4.625	0.000
-1990.782	-4.625	0.000
-1990.227	-4.625	0.000
-1989.671	-4.625	0.000
-1989.116	-4.625	0.000
-1988.560	-4.625	0.000
-1988.005	-4.625	0.000
-1987.449	-4.625	0.000
-1986.894	-4.625	0.000
-1986.338	-4.625	0.000
-1985.782	-4.625	0.000
-1985.227	-4.625	0.000
-1984.671	-4.625	0.000
-1984.116	-4.625	0.000
-1983.560	-4.625	0.000
-1983.005	-4.625	0.000
-1982.449	-4.625	0.000
-1981.894	-4.625	0.000
-1981.338	-4.625	0.000
-1980.782	-4.625	0.000
-1980.227	-4.625	0.000
-1979.671	-4.625	0.000
-1979.116	-4.625	0.000
-1978.560	-4.625	0.000
-1978.005	-4.625	0.000
-1977.449	-4.625	0.000
-1976.894	-4.625	0.000
-1976.338	-4.625	0.000
-1975.782	-4.625	0.000
-1975.227	-4.625	0.000
-1974.671	-4.625	0.000
-1974.116	-4.625	0.000
-1973.560	-4.625	0.000
-1973.005	-4.625	0.000
-1972.449	-4.625	0.000
-1971.894	-4.625	0.000
-1971.338	-4.625	0.000
-1970.782	-4.625	0.000
-1970.227	-4.625	0.000
-1969.671	-4.625	0.000
-1969.116	-4.625	0.000
-1968.560	-4.625	0.000
-1968.005	-4.625	0.000
-1967.449	-4.625	0.000
-1966.894	-4.625	0.000
-1966.338	-4.625	0.000
-1965.782	-4.625	0.000
-1965.227	-4.625	0.000
-1964.671	-4.625	0.000
-1964.116	-4.625	0.000
-1963.560	-4.625	0.000
-1963.005	-4.625	0.000
-1962.449	-4.625	0.000
-1961.894	-4.625	0.000
-1961.338	-4.625	0.000
-1960.782	-4.625	0.000
-1960.227	-4.625	0.000
-1959.671	-4.625	0.000
-1959.116	-4.625	0.000
-1958.560	-4.625	0.000
-1958.005	-4.625	0.000
-1957.449	-4.625	0.000
-1956.894	-4.625	0.000
-1956.338	-4.625	0.000
-1955.782	-4.625	0.000
-1955.227	-4.625	0.000
-1954.671	-4.625	0.000
-1954.116	-4.625	0.000
-1953.560	-4.625	0.000
-1953.005	-4.625	0.000
-1952.449	-4.625	0.000
-1951.894	-4.625	0.000
-1951.338	-4.625	0.000
-1950.782	-4.625	0.000
-1950.227	-4.625	0.000
-1949.671	-4.625	0.000
-1949.116	-4.625	0.000
-1948.560	-4.625	0.000
-1948.005	-4.625	0.000
-1947.449	-4.625	0.000
-1946.894	-4.625	0.000
-1946.338	-4.625	0.000
-1945.782	-4.625	0.000
-1945.227	-4.625	0.000
-1944.671	-4.625	0.000
-1944.116	-4.625	0.000
-1943.560	-4.625	0.000
-1943.005	-4.625	0.000
-1942.449	-4.625	0.000
-1941.894	-4.625	0.000
-1941.338	-4.625	0.000
-1940.782	-4.625	0.000
-1940.227	-4.625	0.000
-1939.671	-4.625	0.000
-1939.116	-4.625	0.000
-1938.560	-4.625	0.000
-1938.005	-4.625	0.000
-1937.449	-4.625	0.000
-1936.894	-4.625	0.000
-1936.338	-4.625	0.000
-1935.782	-4.625	0.000
-1935.227	-4.625	0.000
-1934.671	-4.625	0.000
-1934.116	-4.625	0.000
-1933.560	-4.625	0.000
-1933.005	-4.625	0.000
-1932.449	-4.625	0.000
-1931.894	-4.625	0.000
-1931.338	-4.625	0.000
-1930.782	-4.625	0.000
-1930.227	-4.625	0.000
-1929.671	-4.625	0.000
-1929.116	-4.625	0.000
-1928.560	-4.625	0.000
-1928.005	-4.625	0.000
-1927.449	-4.625	0.000
-1926.894	-4.625	0.000
-1926.338	-4.625	0.000
-1925.782	-4.625	0.000
-1925.227	-4.625	0.000
-1924.671	-4.625	0.000
-1924.116	-4.625	0.000
-1923.560	-4.625	0.000
-1923.005	-4.625	0.000
-1922.449	-4.625	0.000
-1921.894	-4.625	0.000
-1921.338	-4.625	0.000
-1920.782	-4.625	0.000
-1920.227	-4.625	0.000
-1919.671	-4.625	0.000
-1919.116	-4.625	0.000
-1918.560	-4.625	0.000
-1918.005	-4.625	0.000
-1917.449	-4.625	0.000
-1916.894	-4.625	0.000
-1916.338	-4.625	0.000
-1915.782	-4.625	0.000
-1915.227	-4.625	0.000
-1914.671	-4.625	0.000
-1914.116	-4.625	0.000
-1913.560	-4.625	0.000
-1913.005	-4.625	0.000
-1912.449	-4.625	0.000
-1911.894	-4.625	0.000
-1911.338	-4.625	0.000
-1910.782	-4.625	0.000
-1910.227	-4.625	0.000
-1909.671	-4.625	0.000
-1909.116	-4.625	0.000
-1908.560	-4.625	0.000
-1908.005	-4.625	0.000
-1907.449	-4.625	0.000
-1906.894	-4.625	0.000
-1906.338	-4.625	0.000
-1905.782	-4.625	0.000
-1905.227	-4.625	0.000
-1904.671	-4.625	0.000
-1904.116	-4.625	0.000
-1903.560	-4.625	0.000
-1903.005	-4.625	0.000
-1902.449	-4.625	0.000
-1901.894	-4.625	0.000
-1901.338	-4.625	0.000
-1900.782	-4.625	0.000
-1900.227	-4.625	0.000
-1899.671	-4.625	0.000
-1899.116	-4.625	0.000
-1898.560	-4.625	0.000
-1898.005	-4.625	0.000
-1897.449	-4.625	0.000
-1896.894	-4.625	0.000
-1896.338	-4.625	0.000
-1895.782	-4.625	0.000
-1895.227	-4.625	0.000
-1894.671	-4.625	0.000
-1894.116	-4.625	0.000
-1893.560	-4.625	0.000
-1893.005	-4.625	0.000
-1892.449	-4.625	0.000
-1891.894	-4.625	0.000
-1891.338	-4.625	0.000
-1890.782	-4.625	0.000
-1890.227	-4.625	0.000
-1889.671	-4.625	0.000
-1889.116	-4.625	0.000
-1888.560	-4.625	0.000
-1888.005	-4.625	0.000
-1887.449	-4.625	0.000
-1886.894	-4.625	0.000
-1886.338	-4.625	0.000
-1885.782	-4.625	0.000
-1885.227	-4.625	0.000
-1884.671	-4.625	0.000
-1884.116	-4.625	0.000
-1883.560	-4.625	0.000
-1883.005	-4.625	0.000
-1882.449	-4.625	0.000
-1881.894	-4.625	0.000
-1881.338	-4.625	0.000
-1880.782	-4.625	0.000
-1880.227	-4.625	0.000
-1879.671	-4.625	0.000
-1879.116	-4.625	0.000
-1878.560	-4.625	0.000
-1878.005	-4.625	0.000
-1877.449	-4.625	0.000
-1876.894	-4.625	0.000
-1876.338	-4.625	0.000
-1875.782	-4.625	0.000
-1875.227	-4.625	0.000
-1874.671	-4.625	0.000
-1874.116	-4.625	0.000
-1873.560	-4.625	0.000
-1873.005	-4.625	0.000
-1872.449	-4.625	0.000
-1871.894	-4.625	0.000
-1871.338	-4.625	0.000
-1870.782	-4.625	0.000
-1870.227	-4.625	0.000
-1869.671	-4.625	0.000
-1869.116	-4.625	0.000
-1868.560	-4.625	0.000
-1868.005	-4.625	0.000
-1867.449	-4.625	0.000
-1866.894	-4.625	0.000
-1866.338	-4.625	0.000
-1865.782	-4.625	0.000
-1865.227	-4.625	0.000
-1864.671	-4.625	0.000
-1864.116	-4.625	0.000
-1863.560	-4.625	0.000
-1863.005	-4.625	0.000
-1862.449	-4.625	0.000
-1861.894	-4.625	0.000
-1861.338	-4.625	0.000
-1860.782	-4.625	0.000
-1860.227	-4.625	0.000
-1859.671	-4.625	0.000
-1859.116	-4.625	0.000
-1858.560	-4.625	0.000
-1858.005	-4.625	0.000
-1857.449	-4.625	0.000
-1856.894	-4.625	0.000
-1856.338	-4.625	0.000
-1855.782	-4.625	0.000
-1855.227	-4.625	0.000
-1854.671	-4.625	0.000
-1854.116	-4.625	0.000
-1853.560	-4.625	0.000
-1853.005	-4.625	0.000
-1852.449	-4.625	0.000
-1851.894	-4.625	0.000
-1851.338	-4.625	0.000
-1850.782	-4.625	0.000
-1850.227	-4.625	0.000
-1849.671	-4.625	0.000
-1849.116	-4.625	0.000
-1848.560	-4.625	0.000
-1848.005	-4.625	0.000
-1847.449	-4.625	0.000
-1846.894	-4.625	0.000
-1846.338	-4.625	0.000
-1845.782	-4.625	0.000
-1845.227	-4.625	0.000
-1844.671	-4.625	0.000
-1844.116	-4.625	0.000
-1843.560	-4.625	0.000
-1843.005	-4.625	0.000
-1842.449	-4.625	0.000
-1841.894	-4.625	0.000
-1841.338	-4.625	0.000
-1840.782	-4.625	0.000
-1840.227	-4.625	0.000
-1839.671	-4.625	0.000
-1839.116	-4.625	0.000
-1838.560	-4.625	0.000
-1838.005	-4.625	0.000
-1837.449	-4.625	0.000
-1836.894	-4.625	0.000
-1836.338	-4.625	0.000
-1835.782	-4.625	0.000
-1835.227	-4.625	0.000
-1834.671	-4.625	0.000
-1834.116	-4.625	0.000
-1833.560	-4.625	0.000
-1833.005	-4.625	0.000
-1832.449	-4.625	0.000
-1831.894	-4.625	0.000
-1831.338	-4.625	0.000
-1830.782	-4.625	0.000
-1830.227	-4.625	0.000
-1829.671	-4.625	0.000
-1829.116	-4.625	0.000
-1828.560	-4.625	0.000
-1828.005	-4.625	0.000
-1827.449	-4.625	0.000
-1826.894	-4.625	0.000
-1826.338	-4.625	0.000
-1825.782	-4.625	0.000
-1825.227	-4.625	0.000
-1824.671	-4.625	0.000
-1824.116	-4.625	0.000
-1823.560	-4.625	0.000
-1823.005	-4.625	0.000
-1822.449	-4.625	0.000
-1821.894	-4.625	0.000
-1821.338	-4.625	0.000
-1820.782	-4.625	0.000
-1820.227	-4.625	0.000
-1819.671	-4.625	0.000
-1819.116	-4.625	0.000
-1818.560	-4.625	0.000
-1818.005	-4.625	0.000
-1817.449	-4.625	0.000
-1816.894	-4.625	0.000
-1816.338	-4.625	0.000
-1815.782	-4.625	0.000
-1815.227	-4.625	0.000
-1814.671	-4.625	0.000
-1814.116	-4.625	0.000
-1813.560	-4.625	0.000
-1813.005	-4.625	0.000
-1812.449	-4.625	0.000
-1811.894	-4.625	0.000
-1811.338	-4.625	0.000
-1810.782	-4.625	0.000
-1810.227	-4.625	0.000
-1809.671	-4.625	0.000
-1809.116	-4.625	0.000
-1808.560	-4.625	0.000
-1808.005	-4.625	0.000
-1807.449	-4.625	0.000
-1806.894	-4.625	0.000
-1806.338	-4.625	0.000
-1805.782	-4.625	0.000
-1805.227	-4.625	0.000
-1804.671	-4.625	0.000
-1804.116	-4.625	0.000
-1803.560	-4.625	0.000
-1803.005	-4.625	0.000
-1802.449	-4.625	0.000
-1801.894	-4.625	0.000
-1801.338	-4.625	0.000
-1800.782	-4.625	0.000
-1800.227	-4.625	0.000
-1799.671	-4.625	0.000
-1799.116	-4.625	0.000
-1798.560	-4.625	0.000
-1798.005	-4.625	0.000
-1797.449	-4.625	0.000
-1796.894	-4.625	0.000
-1796.338	-4.625	0.000
-1795.782	-4.625	0.000
-1795.227	-4.625	0.000
-1794.671	-4.625	0.000
-1794.116	-4.625	0.000
-1793.560	-4.625	0.000
-1793.005	-4.625	0.000
-1792.449	-4.625	0.000
-1791.894	-4.625	0.000
-1791.338	-4.625	0.000
-1790.782	-4.625	0.000
-1790.227	-4.625	0.000
-1789.671	-4.625	0.000
-1789.116	-4.625	0.000
-1788.560	-4.625	0.000
-1788.005	-4.625	0.000
-1787.449	-4.625	0.000
-1786.894	-4.625	0.000
-1786.338	-4.625	0.000
-1785.782	-4.625	0.000
-1785.227	-4.625	0.000
-1784.671	-4.625	0.000
-1784.116	-4.625	0.000
-1783.560	-4.625	0.000
-1783.005	-4.625	0.000
-1782.449	-4.625	0.000
-1781.894	-4.625	0.000
-1781.338	-4.625	0.000
-1780.782	-4.625	0.000
-1780.227	-4.625	0.000
-1779.671	-4.625	0.000
-1779.116	-4.625	0.000
-1778.560	-4.625	0.000
-1778.005	-4.625	0.000
-1777.449	-4.625	0.000
-1776.894	-4.625	0.000
-1776.338	-4.625	0.000
-1775.782	-4.625	0.000
-1775.227	-4.625	0.000
-1774.671	-4.625	0.000
-1774.116	-4.625	0.000
-1773.560	-4.625	0.000
-1773.005	-4.625	0.000
-1772.449	-4.625	0.000
-1771.894	-4.625	0.000
-1771.338	-4.625	0.000
-1770.782	-4.625	0.000
-1770.227	-4.625	0.000
-1769.671	-4.625	0.000
-1769.116	-4.625	0.000
-1768.560	-4.625	0.000
-1768.005	-4.625	0.000
-1767.449	-4.625	0.000
-1766.894	-4.625	0.000
-1766.338	-4.625	0.000
-1765.782	-4.625	0.000
-1765.227	-4.625	0.000
-1764.671	-4.625	0.000
-1764.116	-4.625	0.000
-1763.560	-4.625	0.000
-1763.005	-4.625	0.000
-1762.449	-4.625	0.000
-1761.894	-4.625	0.000
-1761.338	-4.625	0.000
-1760.782	-4.625	0.000
-1760.227	-4.625	0.000
-1759.671	-4.625	0.000
-1759.116	-4.625	0.000
-1758.560	-4.625	0.000
-1758.005	-4.625	0.000
-1757.449	-4.625	0.000
-1756.894	-4.625	0.000
-1756.338	-4.625	0.000
-1755.782	-4.625	0.000
-1755.227	-4.625	0.000
-1754.671	-4.625	0.000
-1754.116	-4.625	0.000
-1753.560	-4.625	0.000
-1753.005	-4.625	0.000
-1752.449	-4.625	0.000
-1751.894	-4.625	0.000
-1751.338	-4.625	0.000
-1750.782	-4.625	0.000
-1750.227	-4.625	0.000
-1749.671	-4.625	0.000
-1749.116	-4.625	0.000
-1748.560	-4.625	0.000
-1748.005	-4.625	0.000
-1747.449	-4.625	0.000
-1746.894	-4.625	0.000
-1746.338	-4.625	0.000
-1745.782	-4.625	0.000
-1745.227	-4.625	0.000
-1744.671	-4.625	0.000
-1744.116	-4.625	0.000
-1743.560	-4.625	0.000
-1743.005	-4.625	0.000
-1742.449	-4.625	0.000
-1741.894	-4.625	0.000
-1741.338	-4.625	0.000
-1740.782	-4.625	0.000
-1740.227	-4.625	0.000
-1739.671	-4.625	0.000
-1739.116	-4.625	0.000
-1738.560	-4.625	0.000
-1738.005	-4.625	0.000
-1737.449	-4.625	0.000
-1736.894	-4.625	0.000
-1736.338	-4.625	0.000
-1735.782	-4.625	0.000
-1735.227	-4.625	0.000
-1734.671	-4.625	0.000
-1734.116	-4.625	0.000
-1733.560	-4.625	0.000
-1733.005	-4.625	0.000
-1732.449	-4.625	0.000
-1731.894	-4.625	0.000
-1731.338	-4.625	0.000
-1730.782	-4.625	0.000
-1730.227	-4.625	0.000
-1729.671	-4.625	0.000
-1729.116	-4.625	0.000
-1728.560	-4.625	0.000
-1728.005	-4.625	0.000
-1727.449	-4.625	0.000
-1726.894	-4.625	0.000
-1726.338	-4.625	0.000
-1725.782	-4.625	0.000
-1725.227	-4.625	0.000
-1724.671	-4.625	0.000
-1724.116	-4.625	0.000
-1723.560	-4.625	0.000
-1723.005	-4.625	0.000
-1722.449	-4.625	0.000
-1721.894	-4.625	0.000
-1721.338	-4.625	0.000
-1720.782	-4.625	0.000
-1720.227	-4.625	0.000
-1719.671	-4.625	0.000
-1719.116	-4.625	0.000
-1718.560	-4.625	0.000
-1718.005	-4.625	0.000
-1717.449	-4.625	0.000
-1716.894	-4.625	0.000
-1716.338	-4.625	0.000
-1715.782	-4.625	0.000
-1715.227	-4.625	0.000
-1714.671	-4.625	0.000
-1714.116	-4.625	0.000
-1713.560	-4.625	0.000
-1713.005	-4.625	0.000
-1712.449	-4.625	0.000
-1711.894	-4.625	0.000
-1711.338	-4.625	0.000
-1710.782	-4.625	0.000
-1710.227	-4.625	0.000
-1709.671	-4.625	0.000
-1709.116	-4.625	0.000
-1708.560	-4.625	0.000
-1708.005	-4.625	0.000
-1707.449	-4.625	0.000
-1706.894	-4.625	0.000
-1706.338	-4.625	0.000
-1705.782	-4.625	0.000
-1705.227	-4.625	0.000
-1704.671	-4.625	0.000
-1704.116	-4.625	0.000
-1703.560	-4.625	0.000
-1703.005	-4.625	0.000
-1702.449	-4.625	0.000
-1701.894	-4.625	0.000
-1701.338	-4.625	0.000
-1700.782	-4.625	0.000
-1700.227	-4.625	0.000
-1699.671	-4.625	0.000
-1699.116	-4.625	0.000
-1698.560	-4.625	0.000
-1698.005	-4.625	0.000
-1697.449	-4.625	0.000
-1696.894	-4.625	0.000
-1696.338	-4.625	0.000
-1695.782	-4.625	0.000
-1695.227	-4.625	0.000
-1694.671	-4.625	0.000
-1694.116	-4.625	0.000
-1693.560	-4.625	0.000
-1693.005	-4.625	0.000
-1692.449	-4.625	0.000
-1691.894	-4.625	0.000
-1691.338	-4.625	0.000
-1690.782	-4.625	0.000
-1690.227	-4.625	0.000
-1689.671	-4.625	0.000
-1689.116	-4.625	0.000
-1688.560	-4.625	0.000
-1688.005	-4.625	0.000
-1687.449	-4.625	0.000
-1686.894	-4.625	0.000
-1686.338	-4.625	0.000
-1685.782	-4.625	0.000
-1685.227	-4.625	0.000
-1684.671	-4.625	0.000
-1684.116	-4.625	0.000
-1683.560	-4.625	0.000
-1683.005	-4.625	0.000
-1682.449	-4.625	0.000
-1681.894	-4.625	0.000
-1681.338	-4.625	0.000
-1680.782	-4.625	0.000
-1680.227	-4.625	0.000
-1679.671	-4.625	0.000
-1679.116	-4.625	0.000
-1678.560	-4.625	0.000
-1678.005	-4.625	0.000
-1677.449	-4.625	0.000
-1676.894	-4.625	0.000
-1676.338	-4.625	0.000
-1675.782	-4.625	0.000
-1675.227	-4.625	0.000
-1674.671	-4.625	0.000
-1674.116	-4.625	0.000
-1673.560	-4.625	0.000
-1673.005	-4.625	0.000
-1672.449	-4.625	0.000
-1671.894	-4.625	0.000
-1671.338	-4.625	0.000
-1670.782	-4.625	0.000
-1670.227	-4.625	0.000
-1669.671	-4.625	0.000
-1669.116	-4.625	0.000
-1668.560	-4.625	0.000
-1668.005	-4.625	0.000
-1667.449	-4.625	0.000
-1666.894	-4.625	0.000
-1666.338	-4.625	0.000
-1665.782	-4.625	0.000
-1665.227	-4.625	0.000
-1664.671	-4.625	0.000
-1664.116	-4.625	0.000
-1663.560	-4.625	0.000
-1663.005	-4.625	0.000
-1662.449	-4.625	0.000
-1661.894	-4.625	0.000
-1661.338	-4.625	0.000
-1660.782	-4.625	0.000
-1660.227	-4.625	0.000
-1659.671	-4.625	0.000
-1659.116	-4.625	0.000
-1658.560	-4.625	0.000
-1658.005	-4.625	0.000
-1657.449	-4.625	0.000
-1656.894	-4.625	0.000
-1656.338	-4.625	0.000
-1655.782	-4.625	0.000
-1655.227	-4.625	0.000
-1654.671	-4.625	0.000
-1654.116	-4.625	0.000
-1653.560	-4.625	0.000
-1653.005	-4.625	0.000
-1652.449	-4.625	0.000
-1651.894	-4.625	0.000
-1651.338	-4.625	0.000
-1650.782	-4.625	0.000
-1650.227	-4.625	0.000
-1649.671	-4.625	0.000
-1649.116	-4.625	0.000
-1648.560	-4.625	0.000
-1648.005	-4.625	0.000
-1647.449	-4.625	0.000
-1646.894	-4.625	0.000
-1646.338	-4.625	0.000
-1645.782	-4.625	0.000
-1645.227	-4.625	0.000
-1644.671	-4.625	0.000
-1644.116	-4.625	0.000
-1643.560	-4.625	0.000
-1643.005	-4.625	0.000
-1642.449	-4.625	0.000
-1641.894	-4.625	0.000
-1641.338	-4.625	0.000
-1640.782	-4.625	0.000
-1640.227	-4.625	0.000
-1639.671	-4.625	0.000
-1639.116	-4.625	0.000
-1638.560	-4.625	0.000
-1638.005	-4.625	0.000
-1637.449	-4.625	0.000
-1636.894	-4.625	0.000
-1636.338	-4.625	0.000
-1635.782	-4.625	0.000
-1635.227	-4.625	0.000
-1634.671	-4.625	0.000
-1634.116	-4.625	0.000
-1633.560	-4.625	0.000
-1633.005	-4.625	0.000
-1632.449	-4.625	0.000
-1631.894	-4.625	0.000
-1631.338	-4.625	0.000
-1630.782	-4.625	0.000
-1630.227	-4.625	0.000
-1629.671	-4.625	0.000
-1629.116	-4.625	0.000
-1628.560	-4.625	0.000
-1628.005	-4.625	0.000
-1627.449	-4.625	0.000
-1626.894	-4.625	0.000
-1626.338	-4.625	0.000
-1625.782	-4.625	0.000
-1625.227	-4.625	0.000
-1624.671	-4.625	0.000
-1624.116	-4.625	0.000
-1623.560	-4.625	0.000
-1623.005	-4.625	0.000
-1622.449	-4.625	0.000
-1621.894	-4.625	0.000
-1621.338	-4.625	0.000
-1620.782	-4.625	0.000
-1620.227	-4.625	0.000
-1619.671	-4.625	0.000
-1619.116	-4.625	0.000
-1618.560	-4.625	0.000
-1618.005	-4.625	0.000
-1617.449	-4.625	0.000
-1616.894	-4.625	0.000
-1616.338	-4.625	0.000
-1615.782	-4.625	0.000
-1615.227	-4.625	0.000
-1614.671	-4.625	0.000
-1614.116	-4.625	0.000
-1613.560	-4.625	0.000
-1613.005	-4.625	0.000
-1612.449	-4.625	0.000
-1611.894	-4.625	0.000
-1611.338	-4.625	0.000
-1610.782	-4.625	0.000
-1610.227	-4.625	0.000
-1609.671	-4.625	0.000
-1609.116	-4.625	0.000
-1608.560	-4.625	0.000
-1608.005	-4.625	0.000
-1607.449	-4.625	0.000
-1606.894	-4.625	0.000
-1606.338	-4.625	0.000
-1605.782	-4.625	0.000
-1605.227	-4.625	0.000
-1604.671	-4.625	0.000
-1604.116	-4.625	0.000
-1603.560	-4.625	0.000
-1603.005	-4.625	0.000
-1602.449	-4.625	0.000
-1601.894	-4.625	0.000
-1601.338	-4.625	0.000
-1600.782	-4.625	0.000
-1600.227	-4.625	0.000
-1599.671	-4.625	0.000
-1599.116	-4.625	0.000
-1598.560	-4.625	0.000
-1598.005	-4.625	0.000
-1597.449	-4.625	0.000
-1596.894	-4.625	0.000
-1596.338	-4.625	0.000
-1595.782	-4.625	0.000
-1595.227	-4.625	0.000
-1594.671	-4.625	0.000
-1594.116	-4.625	0.000
-1593.560	-4.625	0.000
-1593.005	-4.625	0.000
-1592.449	-4.625	0.000
-1591.894	-4.625	0.000
-1591.338	-4.625	0.000
-1590.782	-4.625	0.000
-1590.227	-4.625	0.000
-1589.671	-4.625	0.000
-1589.116	-4.625	0.000
-1588.560	-4.625	0.000
-1588.005	-4.625	0.000
-1587.449	-4.625	0.000
-1586.894	-4.625	0.000
-1586.338	-4.625	0.000
-1585.782	-4.625	0.000
-1585.227	-4.625	0.000
-1584.671	-4.625	0.000
-1584.116	-4.625	0.000
-1583.560	-4.625	0.000
-1583.005	-4.625	0.000
-1582.449	-4.625	0.000
-1581.894	-4.625	0.000
-1581.338	-4.625	0.000
-1580.782	-4.625	0.000
-1580.227	-4.625	0.000
-1579.671	-4.625	0.000
-1579.116	-4.625	0.000
-1578.560	-4.625	0.000
-1578.005	-4.625	0.000
-1577.449	-4.625	0.000
-1576.894	-4.625	0.000
-1576.338	-4.625	0.000
-1575.782	-4.625	0.000
-1575.227	-4.625	0.000
-1574.671	-4.625	0.000
-1574.116	-4.625	0.000
-1573.560	-4.625	0.000
-1573.005	-4.625	0.000
-1572.449	-4.625	0.000
-1571.894	-4.625	0.000
-1571.338	-4.625	0.000
-1570.782	-4.625	0.000
-1570.227	-4.625	0.000
-1569.671	-4.625	0.000
-1569.116	-4.625	0.000
-1568.560	-4.625	0.000
-1568.005	-4.625	0.000
-1567.449	-4.625	0.000
-1566.894	-4.625	0.000
-1566.338	-4.625	0.000
-1565.782	-4.625	0.000
-1565.227	-4.625	0.000
-1564.671	-4.625	0.000
-1564.116	-4.625	0.000
-1563.560	-4.625	0.000
-1563.005	-4.625	0.000
-1562.449	-4.625	0.000
-1561.894	-4.625	0.000
-1561.338	-4.625	0.000
-1560.782	-4.625	0.000
-1560.227	-4.625	0.000
-1559.671	-4.625	0.000
-1559.116	-4.625	0.000
-1558.560	-4.625	0.000
-1558.005	-4.625	0.000
-1557.449	-4.625	0.000
-1556.894	-4.625	0.000
-1556.338	-4.625	0.000
-1555.782	-4.625	0.000
-1555.227	-4.625	0.000
-1554.671	-4.625	0.000
-1554.116	-4.625	0.000
-1553.560	-4.625	0.000
-1553.005	-4.625	0.000
-1552.449	-4.625	0.000
-1551.894	-4.625	0.000
-1551.338	-4.625	0.000
-1550.782	-4.625	0.000
-1550.227	-4.625	0.000
-1549.671	-4.625	0.000
-1549.116	-4.625	0.000
-1548.560	-4.625	0.000
-1548.005	-4.625	0.000
-1547.449	-4.625	0.000
-1546.894	-4.625	0.000
-1546.338	-4.625	0.000
-1545.782	-4.625	0.000
-1545.227	-4.625	0.000
-1544.671	-4.625	0.000
-1544.116	-4.625	0.000
-1543.560	-4.625	0.000
-1543.005	-4.625	0.000
-1542.449	-4.625	0.000
-1541.894	-4.625	0.000
-1541.338	-4.625	0.000
-1540.782	-4.625	0.000
-1540.227	-4.625	0.000
-1539.671	-4.625	0.000
-1539.116	-4.625	0.000
-1538.560	-4.625	0.000
-1538.005	-4.625	0.000
-1537.449	-4.625	0.000
-1536.894	-4.625	0.000
-1536.338	-4.625	0.000
-1535.782	-4.625	0.000
-1535.227	-4.625	0.000
-1534.671	-4.625	0.000
-1534.116	-4.625	0.000
-1533.560	-4.625	0.000
-1533.005	-4.625	0.000
-1532.449	-4.625	0.000
-1531.894	-4.625	0.000
-1531.338	-4.625	0.000
-1530.782	-4.625	0.000
-1530.227	-4.625	0.000
-1529.671	-4.625	0.000
-1529.116	-4.625	0.000
-1528.560	-4.625	0.000
-1528.005	-4.625	0.000
-1527.449	-4.625	0.000
-1526.894	-4.625	0.000
-1526.338	-4.625	0.000
-1525.782	-4.625	0.000
-1525.227	-4.625	0.000
-1524.671	-4.625	0.000
-1524.116	-4.625	0.000
-1523.560	-4.625	0.000
-1523.005	-4.625	0.000
-1522.449	-4.625	0.000
-1521.894	-4.625	0.000
-1521.338	-4.625	0.000
-1520.782	-4.625	0.000
-1520.227	-4.625	0.000
-1519.671	-4.625	0.000
-1519.116	-4.625	0.000
-1518.560	-4.625	0.000
-1518.005	-4.625	0.000
-1517.449	-4.625	0.000
-1516.894	-4.625	0.000
-1516.338	-4.625	0.000
-1515.782	-4.625	0.000
-1515.227	-4.625	0.000
-1514.671	-4.625	0.000
-1514.116	-4.625	0.000
-1513.560	-4.625	0.000
-1513.005	-4.625	0.000
-1512.449	-4.625	0.000
-1511.894	-4.625	0.000
-1511.338	-4.625	0.000
-1510.782	-4.625	0.000
-1510.227	-4.625	0.000
-1509.671	-4.625	0.000
-1509.116	-4.625	0.000
-1508.560	-4.625	0.000
-1508.005	-4.625	0.000
-1507.449	-4.625	0.000
-1506.894	-4.625	0.000
-1506.338	-4.625	0.000
-1505.782	-4.625	0.000
-1505.227	-4.625	0.000
-1504.671	-4.625	0.000
-1504.116	-4.625	0.000
-1503.560	-4.625	0.000
-1503.005	-4.625	0.000
-1502.449	-4.625	0.000
-1501.894	-4.625	0.000
-1501.338	-4.625	0.000
-1500.782	-4.625	0.000
-1500.227	-4.625	0.000
-1499.671	-4.625	0.000
-1499.116	-4.625	0.000
-1498.560	-4.625	0.000
-1498.005	-4.625	0.000
-1497.449	-4.625	0.000
-1496.894	-4.625	0.000
-1496.338	-4.625	0.000
-1495.782	-4.625	0.000
-1495.227	-4.625	0.000
-1494.671	-4.625	0.000
-1494.116	-4.625	0.000
-1493.560	-4.625	0.000
-1493.005	-4.625	0.000
-1492.449	-4.625	0.000
-1491.894	-4.625	0.000
-1491.338	-4.625	0.000
-1490.782	-4.625	0.000
-1490.227	-4.625	0.000
-1489.671	-4.625	0.000
-1489.116	-4.625	0.000
-1488.560	-4.625	0.000
-1488.005	-4.625	0.000
-1487.449	-4.625	0.000
-1486.894	-4.625	0.000
-1486.338	-4.625	0.000
-1485.782	-4.625	0.000
-1485.227	-4.625	0.000
-1484.671	-4.625	0.000
-1484.116	-4.625	0.000
-1483.560	-4.625	0.000
-1483.005	-4.625	0.000
-1482.449	-4.625	0.000
-1481.894	-4.625	0.000
-1481.338	-4.625	0.000
-1480.782	-4.625	0.000
-1480.227	-4.625	0.000
-1479.671	-4.625	0.000
-1479.116	-4.625	0.000
-1478.560	-4.625	0.000
-1478.005	-4.625	0.000
-1477.449	-4.625	0.000
-1476.894	-4.625	0.000
-1476.338	-4.625	0.000
-1475.782	-4.625	0.000
-1475.227	-4.625	0.000
-1474.671	-4.625	0.000
-1474.116	-4.625	0.000
-1473.560	-4.625	0.000
-1473.005	-4.625	0.000
-1472.449	-4.625	0.000
-1471.894	-4.625	0.000
-1471.338	-4.625	0.000
-1470.782	-4.625	0.000
-1470.227	-4.625	0.000
-1469.671	-4.625	0.000
-1469.116	-4.625	0.000
-1468.560	-4.625	0.000
-1468.005	-4.625	0.000
-1467.449	-4.625	0.000
-1466.894	-4.625	0.000
-1466.338	-4.625	0.000
-1465.782	-4.625	0.000
-1465.227	-4.625	0.000
-1464.671	-4.625	0.000
-1464.116	-4.625	0.000
-1463.560	-4.625	0.000
-1463.005	-4.625	0.000
-1462.449	-4.625	0.000
-1461.894	-4.625	0.000
-1461.338	-4.625	0.000
-1460.782	-4.625	0.000
-1460.227	-4.625	0.000
-1459.671	-4.625	0.000
-1459.116	-4.625	0.000
-1458.560	-4.625	0.000
-1458.005	-4.625	0.000
-1457.449	-4.625	0.000
-1456.894	-4.625	0.000
-1456.338	-4.625	0.000
-1455.782	-4.625	0.000
-1455.227	-4.625	0.000
-1454.671	-4.625	0.000
-1454.116	-4.625	0.000
-1453.560	-4.625	0.000
-1453.005	-4.625	0.000
-1452.449	-4.625	0.000
-1451.894	-4.625	0.000
-1451.338	-4.625	0.000
-1450.782	-4.625	0.000
-1450.227	-4.625	0.000
-1449.671	-4.625	0.000
-1449.116	-4.625	0.000
-1448.560	-4.625	0.000
-1448.005	-4.625	0.000
-1447.449	-4.625	0.000
-1446.894	-4.625	0.000
-1446.338	-4.625	0.000
-1445.782	-4.625	0.000
-1445.227	-4.625	0.000
-1444.671	-4.625	0.000
-1444.116	-4.625	0.000
-1443.560	-4.625	0.000
-1443.005	-4.625	0.000
-1442.449	-4.625	0.000
-1441.894	-4.625	0.000
-1441.338	-4.625	0.000
-1440.782	-4.625	0.000
-1440.227	-4.625	0.000
-1439.671	-4.625	0.000
-1439.116	-4.625	0.000
-1438.560	-4.625	0.000
-1438.005	-4.625	0.000
-1437.449	-4.625	0.000
-1436.894	-4.625	0.000
-1436.338	-4.625	0.000
-1435.782	-4.625	0.000
-1435.227	-4.625	0.000
-1434.671	-4.625	0.000
-1434.116	-4.625	0.000
-1433.560	-4.625	0.000
-1433.005	-4.625	0.000
-1432.449	-4.625	0.000
-1431.894	-4.625	0.000
-1431.338	-4.625	0.000
-1430.782	-4.625	0.000
-1430.227	-4.625	0.000
-1429.671	-4.625	0.000
-1429.116	-4.625	0.000
-1428.560	-4.625	0.000
-1428.005	-4.625	0.000
-1427.449	-4.625	0.000
-1426.894	-4.625	0.000
-1426.338	-4.625	0.000
-1425.782	-4.625	0.000
-1425.227	-4.625	0.000
-1424.671	-4.625	0.000
-1424.116	-4.625	0.000
-1423.560	-4.625	0.000
-1423.005	-4.625	0.000
-1422.449	-4.625	0.000
-1421.894	-4.625	0.000
-1421.338	-4.625	0.000
-1420.782	-4.625	0.000
-1420.227	-4.625	0.000
-1419.671	-4.625	0.000
-1419.116	-4.625	0.000
-1418.560	-4.625	0.000
-1418.005	-4.625	0.000
-1417.449	-4.625	0.000
-1416.894	-4.625	0.000
-1416.338	-4.625	0.000
-1415.782	-4.625	0.000
-1415.227	-4.625	0.000
-1414.671	-4.625	0.000
-1414.116	-4.625	0.000
-1413.560	-4.625	0.000
-1413.005	-4.625	0.000
-1412.449	-4.625	0.000
-1411.894	-4.625	0.000
-1411.338	-4.625	0.000
-1410.782	-4.625	0.000
-1410.227	-4.625	0.000
-1409.671	-4.625	0.000
-1409.116	-4.625	0.000
-1408.560	-4.625	0.000
-1408.005	-4.625	0.000
-1407.449	-4.625	0.000
-1406.894	-4.625	0.000
-1406.338	-4.625	0.000
-1405.782	-4.625	0.000
-1405.227	-4.625	0.000
-1404.671	-4.625	0.000
-1404.116	-4.625	0.000
-1403.560	-4.625	0.000
-1403.005	-4.625	0.000
-1402.449	-4.625	0.000
-1401.894	-4.625	0.000
-1401.338	-4.625	0.000
-1400.782	-4.625	0.000
-1400.227	-4.625	0.000
-1399.671	-4.625	0.000
-1399.116	-4.625	0.000
-1398.560	-4.625	0.000
-1398.005	-4.625	0.000
-1397.449	-4.625	0.000
-1396.894	-4.625	0.000
-1396.338	-4.625	0.000
-1395.782	-4.625	0.000
-1395.227	-4.625	0.000
-1394.671	-4.625	0.000
-1394.116	-4.625	0.000
-1393.560	-4.625	0.000
-1393.005	-4.625	0.000
-1392.449	-4.625	0.000
-1391.894	-4.625	0.000
-1391.338	-4.625	0.000
-1390.782	-4.625	0.000
-1390.227	-4.625	0.000
-1389.671	-4.625	0.000
-1389.116	-4.625	0.000
-1388.560	-4.625	0.000
-1388.005	-4.625	0.000
-1387.449	-4.625	0.000
-1386.894	-4.625	0.000
-1386.338	-4.625	0.000
-1385.782	-4.625	0.000
-1385.227	-4.625	0.000
-1384.671	-4.625	0.000
-1384.116	-4.625	0.000
-1383.560	-4.625	0.000
-1383.005	-4.625	0.000
-1382.449	-4.625	0.000
-1381.894	-4.625	0.000
-1381.338	-4.625	0.000
-1380.782	-4.625	0.000
-1380.227	-4.625	0.000
-1379.671	-4.625	0.000
-1379.116	-4.625	0.000
-1378.560	-4.625	0.000
-1378.005	-4.625	0.000
-1377.449	-4.625	0.000
-1376.894	-4.625	0.000
-1376.338	-4.625	0.000
-1375.782	-4.625	0.000
-1375.227	-4.625	0.000
-1374.671	-4.625	0.000
-1374.116	-4.625	0.000
-1373.560	-4.625	0.000
-1373.005	-4.625	0.000
-1372.449	-4.625	0.000
-1371.894	-4.625	0.000
-1371.338	-4.625	0.000
-1370.782	-4.625	0.000
-1370.227	-4.625	0.000
-1369.671	-4.625	0.000
-1369.116	-4.625	0.000
-1368.560	-4.625	0.000
-1368.005	-4.625	0.000
-1367.449	-4.625	0.000
-1366.894	-4.625	0.000
-1366.338	-4.625	0.000
-1365.782	-4.625	0.000
-1365.227	-4.625	0.000
-1364.671	-4.625	0.000
-1364.116	-4.625	0.000
-1363.560	-4.625	0.000
-1363.005	-4.625	0.000
-1362.449	-4.625	0.000
-1361.894	-4.625	0.000
-1361.338	-4.625	0.000
-1360.782	-4.625	0.000
-1360.227	-4.625	0.000
-1359.671	-4.625	0.000
-1359.116	-4.625	0.000
-1358.560	-4.625	0.000
-1358.005	-4.625	0.000
-1357.449	-4.625	0.000
-1356.894	-4.625	0.000
-1356.338	-4.625	0.000
-1355.782	-4.625	0.000
-1355.227	-4.625	0.000
-1354.671	-4.625	0.000
-1354.116	-4.625	0.000
-1353.560	-4.625	0.000
-1353.005	-4.625	0.000
-1352.449	-4.625	0.000
-1351.894	-4.625	0.000
-1351.338	-4.625	0.000
-1350.782	-4.625	0.000
-1350.227	-4.625	0.000
-1349.671	-4.625	0.000
-1349.116	-4.625	0.000
-1348.560	-4.625	0.000
-1348.005	-4.625	0.000
-1347.449	-4.625	0.000
-1346.894	-4.625	0.000
-1346.338	-4.625	0.000
-1345.782	-4.625	0.000
-1345.227	-4.625	0.000
-1344.671	-4.625	0.000
-1344.116	-4.625	0.000
-1343.560	-4.625	0.000
-1343.005	-4.625	0.000
-1342.449	-4.625	0.000
-1341.894	-4.625	0.000
-1341.338	-4.625	0.000
-1340.782	-4.625	0.000
-1340.227	-4.625	0.000
-1339.671	-4.625	0.000
-1339.116	-4.625	0.000
-1338.560	-4.625	0.000
-1338.005	-4.625	0.000
-1337.449	-4.625	0.000
-1336.894	-4.625	0.000
-1336.338	-4.625	0.000
-1335.782	-4.625	0.000
-1335.227	-4.625	0.000
-1334.671	-4.625	0.000
-1334.116	-4.625	0.000
-1333.560	-4.625	0.000
-1333.005	-4.625	0.000
-1332.449	-4.625	0.000
-1331.894	-4.625	0.000
-1331.338	-4.625	0.000
-1330.782	-4.625	0.000
-1330.227	-4.625	0.000
-1329.671	-4.625	0.000
-1329.116	-4.625	0.000
-1328.560	-4.625	0.000
-1328.005	-4.625	0.000
-1327.449	-4.625	0.000
-1326.894	-4.625	0.000
-1326.338	-4.625	0.000
-1325.782	-4.625	0.000
-1325.227	-4.625	0.000
-1324.671	-4.625	0.000
-1324.116	-4.625	0.000
-1323.560	-4.625	0.000
-1323.005	-4.625	0.000
-1322.449	-4.625	0.000
-1321.894	-4.625	0.000
-1321.338	-4.625	0.000
-1320.782	-4.625	0.000
-1320.227	-4.625	0.000
-1319.671	-4.625	0.000
-1319.116	-4.625	0.000
-1318.560	-4.625	0.000
-1318.005	-4.625	0.000
-1317.449	-4.625	0.000
-1316.894	-4.625	0.000
-1316.338	-4.625	0.000
-1315.782	-4.625	0.000
-1315.227	-4.625	0.000
-1314.671	-4.625	0.000
-1314.116	-4.625	0.000
-1313.560	-4.625	0.000
-1313.005	-4.625	0.000
-1312.449	-4.625	0.000
-1311.894	-4.625	0.000
-1311.338	-4.625	0.000
-1310.782	-4.625	0.000
-1310.227	-4.625	0.000
-1309.671	-4.625	0.000
-1309.116	-4.625	0.000
-1308.560	-4.625	0.000
-1308.005	-4.625	0.000
-1307.449	-4.625	0.000
-1306.894	-4.625	0.000
-1306.338	-4.625	0.000
-1305.782	-4.625	0.000
-1305.227	-4.625	0.000
-1304.671	-4.625	0.000
-1304.116	-4.625	0.000
-1303.560	-4.625	0.000
-1303.005	-4.625	0.000
-1302.449	-4.625	0.000
-1301.894	-4.625	0.000
-1301.338	-4.625	0.000
-1300.782	-4.625	0.000
-1300.227	-4.625	0.000
-1299.671	-4.625	0.000
-1299.116	-4.625	0.000
-1298.560	-4.625	0.000
-1298.005	-4.625	0.000
-1297.449	-4.625	0.000
-1296.894	-4.625	0.000
-1296.338	-4.625	0.000
-1295.782	-4.625	0.000
-1295.227	-4.625	0.000
-1294.671	-4.625	0.000
-1294.116	-4.625	0.000
-1293.560	-4.625	0.000
-1293.005	-4.625	0.000
-1292.449	-4.625	0.000
-1291.894	-4.625	0.000
-1291.338	-4.625	0.000
-1290.782	-4.625	0.000
-1290.227	-4.625	0.000
-1289.671	-4.625	0.000
-1289.116	-4.625	0.000
-1288.560	-4.625	0.000
-1288.005	-4.625	0.000
-1287.449	-4.625	0.000
-1286.894	-4.625	0.000
-1286.338	-4.625	0.000
-1285.782	-4.625	0.000
-1285.227	-4.625	0.000
-1284.671	-4.625	0.000
-1284.116	-4.625	0.000
-1283.560	-4.625	0.000
-1283.005	-4.625	0.000
-1282.449	-4.625	0.000
-1281.894	-4.625	0.000
-1281.338	-4.625	0.000
-1280.782	-4.625	0.000
-1280.227	-4.625	0.000
-1279.671	-4.625	0.000
-1279.116	-4.625	0.000
-1278.560	-4.625	0.000
-1278.005	-4.625	0.000
-1277.449	-4.625	0.000
-1276.894	-4.625	0.000
-1276.338	-4.625	0.000
-1275.782	-4.625	0.000
-1275.227	-4.625	0.000
-1274.671	-4.625	0.000
-1274.116	-4.625	0.000
-1273.560	-4.625	0.000
-1273.005	-4.625	0.000
-1272.449	-4.625	0.000
-1271.894	-4.625	0.000
-1271.338	-4.625	0.000
-1270.782	-4.625	0.000
-1270.227	-4.625	0.000
-1269.671	-4.625	0.000
-1269.116	-4.625	0.000
-1268.560	-4.625	0.000
-1268.005	-4.625	0.000
-1267.449	-4.625	0.000
-1266.894	-4.625	0.000
-1266.338	-4.625	0.000
-1265.782	-4.625	0.000
-1265.227	-4.625	0.000
-1264.671	-4.625	0.000
-1264.116	-4.625	0.000
-1263.560	-4.625	0.000
-1263.005	-4.625	0.000
-1262.449	-4.625	0.000
-1261.894	-4.625	0.000
-1261.338	-4.625	0.000
-1260.782	-4.625	0.000
-1260.227	-4.625	0.000
-1259.671	-4.625	0.000
-1259.116	-4.625	0.000
-1258.560	-4.625	0.000
-1258.005	-4.625	0.000
-1257.449	-4.625	0.000
-1256.894	-4.625	0.000
-1256.338	-4.625	0.000
-1255.782	-4.625	0.000
-1255.227	-4.625	0.000
-1254.671	-4.625	0.000
-1254.116	-4.625	0.000
-1253.560	-4.625	0.000
-1253.005	-4.625	0.000
-1252.449	-4.625	0.000
-1251.894	-4.625	0.000
-1251.338	-4.625	0.000
-1250.782	-4.625	0.000
-1250.227	-4.625	0.000
-1249.671	-4.625	0.000
-1249.116	-4.625	0.000
-1248.560	-4.625	0.000
-1248.005	-4.625	0.000
-1247.449	-4.625	0.000
-1246.894	-4.625	0.000
-1246.338	-4.625	0.000
-1245.782	-4.625	0.000
-1245.227	-4.625	0.000
-1244.671	-4.625	0.000
-1244.116	-4.625	0.000
-1243.560	-4.625	0.000
-1243.005	-4.625	0.000
-1242.449	-4.625	0.000
-1241.894	-4.625	0.000
-1241.338	-4.625	0.000
-1240.782	-4.625	0.000
-1240.227	-4.625	0.000
-1239.671	-4.625	0.000
-1239.116	-4.625	0.000
-1238.560	-4.625	0.000
-1238.005	-4.625	0.000
-1237.449	-4.625	0.000
-1236.894	-4.625	0.000
-1236.338	-4.625	0.000
-1235.782	-4.625	0.000
-1235.227	-4.625	0.000
-1234.671	-4.625	0.000
-1234.116	-4.625	0.000
-1233.560	-4.625	0.000
-1233.005	-4.625	0.000
-1232.449	-4.625	0.000
-1231.894	-4.625	0.000
-1231.338	-4.625	0.000
-1230.782	-4.625	0.000
-1230.227	-4.625	0.000
-1229.671	-4.625	0.000
-1229.116	-4.625	0.000
-1228.560	-4.625	0.000
-1228.005	-4.625	0.000
-1227.449	-4.625	0.000
-1226.894	-4.625	0.000
-1226.338	-4.625	0.000
-1225.782	-4.625	0.000
-1225.227	-4.625	0.000
-1224.671	-4.625	0.000
-1224.116	-4.625	0.000
-1223.560	-4.625	0.000
-1223.005	-4.625	0.000
-1222.449	-4.625	0.000
-1221.894	-4.625	0.000
-1221.338	-4.625	0.000
-1220.782	-4.625	0.000
-1220.227	-4.625	0.000
-1219.671	-4.625	0.000
-1219.116	-4.625	0.000
-1218.560	-4.625	0.000
-1218.005	-4.625	0.000
-1217.449	-4.625	0.000
-1216.894	-4.625	0.000
-1216.338	-4.625	0.000
-1215.782	-4.625	0.000
-1215.227	-4.625	0.000
-1214.671	-4.625	0.000
-1214.116	-4.625	0.000
-1213.560	-4.625	0.000
-1213.005	-4.625	0.000
-1212.449	-4.625	0.000
-1211.894	-4.625	0.000
-1211.338	-4.625	0.000
-1210.782	-4.625	0.000
-1210.227	-4.625	0.000
-1209.671	-4.625	0.000
-1209.116	-4.625	0.000
-1208.560	-4.625	0.000
-1208.005	-4.625	0.000
-1207.449	-4.625	0.000
-1206.894	-4.625	0.000
-1206.338	-4.625	0.000
-1205.782	-4.625	0.000
-1205.227	-4.625	0.000
-1204.671	-4.625	0.000
-1204.116	-4.625	0.000
-1203.560	-4.625	0.000
-1203.005	-4.625	0.000
-1202.449	-4.625	0.000
-1201.894	-4.625	0.000
-1201.338	-4.625	0.000
-1200.782	-4.625	0.000
-1200.227	-4.625	0.000
-1199.671	-4.625	0.000
-1199.116	-4.625	0.000
-1198.560	-4.625	0.000
-1198.005	-4.625	0.000
-1197.449	-4.625	0.000
-1196.894	-4.625	0.000
-1196.338	-4.625	0.000
-1195.782	-4.625	0.000
-1195.227	-4.625	0.000
-1194.671	-4.625	0.000
-1194.116	-4.625	0.000
-1193.560	-4.625	0.000
-1193.005	-4.625	0.000
-1192.449	-4.625	0.000
-1191.894	-4.625	0.000
-1191.338	-4.625	0.000
-1190.782	-4.625	0.000
-1190.227	-4.625	0.000
-1189.671	-4.625	0.000
-1189.116	-4.625	0.000
-1188.560	-4.625	0.000
-1188.005	-4.625	0.000
-1187.449	-4.625	0.000
-1186.894	-4.625	0.000
-1186.338	-4.625	0.000
-1185.782	-4.625	0.000
-1185.227	-4.625	0.000
-1184.671	-4.625	0.000
-1184.116	-4.625	0.000
-1183.560	-4.625	0.000
-1183.005	-4.625	0.000
-1182.449	-4.625	0.000
-1181.894	-4.625	0.000
-1181.338	-4.625	0.000
-1180.782	-4.625	0.000
-1180.227	-4.625	0.000
-1179.671	-4.625	0.000
-1179.116	-4.625	0.000
-1178.560	-4.625	0.000
-1178.005	-4.625	0.000
-1177.449	-4.625	0.000
-1176.894	-4.625	0.000
-1176.338	-4.625	0.000
-1175.782	-4.625	0.000
-1175.227	-4.625	0.000
-1174.671	-4.625	0.000
-1174.116	-4.625	0.000
-1173.560	-4.625	0.000
-1173.005	-4.625	0.000
-1172.449	-4.625	0.000
-1171.894	-4.625	0.000
-1171.338	-4.625	0.000
-1170.782	-4.625	0.000
-1170.227	-4.625	0.000
-1169.671	-4.625	0.000
-1169.116	-4.625	0.000
-1168.560	-4.625	0.000
-1168.005	-4.625	0.000
-1167.449	-4.625	0.000
-1166.894	-4.625	0.000
-1166.338	-4.625	0.000
-1165.782	-4.625	0.000
-1165.227	-4.625	0.000
-1164.671	-4.625	0.000
-1164.116	-4.625	0.000
-1163.560	-4.625	0.000
-1163.005	-4.625	0.000
-1162.449	-4.625	0.000
-1161.894	-4.625	0.000
-1161.338	-4.625	0.000
-1160.782	-4.625	0.000
-1160.227	-4.625	0.000
-1159.671	-4.625	0.000
-1159.116	-4.625	0.000
-1158.560	-4.625	0.000
-1158.005	-4.625	0.000
-1157.449	-4.625	0.000
-1156.894	-4.625	0.000
-1156.338	-4.625	0.000
-1155.782	-4.625	0.000
-1155.227	-4.625	0.000
-1154.671	-4.625	0.000
-1154.116	-4.625	0.000
-1153.560	-4.625	0.000
-1153.005	-4.625	0.000
-1152.449	-4.625	0.000
-1151.894	-4.625	0.000
-1151.338	-4.625	0.000
-1150.782	-4.625	0.000
-1150.227	-4.625	0.000
-1149.671	-4.625	0.000
-1149.116	-4.625	0.000
-1148.560	-4.625	0.000
-1148.005	-4.625	0.000
-1147.449	-4.625	0.000
-1146.894	-4.625	0.000
-1146.338	-4.625	0.000
-1145.782	-4.625	0.000
-1145.227	-4.625	0.000
-1144.671	-4.625	0.000
-1144.116	-4.625	0.000
-1143.560	-4.625	0.000
-1143.005	-4.625	0.000
-1142.449	-4.625	0.000
-1141.894	-4.625	0.000
-1141.338	-4.625	0.000
-1140.782	-4.625	0.000
-1140.227	-4.625	0.000
-1139.671	-4.625	0.000
-1139.116	-4.625	0.000
-1138.560	-4.625	0.000
-1138.005	-4.625	0.000
-1137.449	-4.625	0.000
-1136.894	-4.625	0.000
-1136.338	-4.625	0.000
-1135.782	-4.625	0.000
-1135.227	-4.625	0.000
-1134.671	-4.625	0.000
-1134.116	-4.625	0.000
-1133.560	-4.625	0.000
-1133.005	-4.625	0.000
-1132.449	-4.625	0.000
-1131.894	-4.625	0.000
-1131.338	-4.625	0.000
-1130.782	-4.625	0.000
-1130.227	-4.625	0.000
-1129.671	-4.625	0.000
-1129.116	-4.625	0.000
-1128.560	-4.625	0.000
-1128.005	-4.625	0.000
-1127.449	-4.625	0.000
-1126.894	-4.625	0.000
-1126.338	-4.625	0.000
-1125.782	-4.625	0.000
-1125.227	-4.625	0.000
-1124.671	-4.625	0.000
-1124.116	-4.625	0.000
-1123.560	-4.625	0.000
-1123.005	-4.625	0.000
-1122.449	-4.625	0.000
-1121.894	-4.625	0.000
-1121.338	-4.625	0.000
-1120.782	-4.625	0.000
-1120.227	-4.625	0.000
-1119.671	-4.625	0.000
-1119.116	-4.625	0.000
-1118.560	-4.625	0.000
-1118.005	-4.625	0.000
-1117.449	-4.625	0.000
-1116.894	-4.625	0.000
-1116.338	-4.625	0.000
-1115.782	-4.625	0.000
-1115.227	-4.625	0.000
-1114.671	-4.625	0.000
-1114.116	-4.625	0.000
-1113.560	-4.625	0.000
-1113.005	-4.625	0.000
-1112.449	-4.625	0.000
-1111.894	-4.625	0.000
-1111.338	-4.625	0.000
-1110.782	-4.625	0.000
-1110.227	-4.625	0.000
-1109.671	-4.625	0.000
-1109.116	-4.625	0.000
-1108.560	-4.625	0.000
-1108.005	-4.625	0.000
-1107.449	-4.625	0.000
-1106.894	-4.625	0.000
-1106.338	-4.625	0.000
-1105.782	-4.625	0.000
-1105.227	-4.625	0.000
-1104.671	-4.625	0.000
-1104.116	-4.625	0.000
-1103.560	-4.625	0.000
-1103.005	-4.625	0.000
-1102.449	-4.625	0.000
-1101.894	-4.625	0.000
-1101.338	-4.625	0.000
-1100.782	-4.625	0.000
-1100.227	-4.625	0.000
-1099.671	-4.625	0.000
-1099.116	-4.625	0.000
-1098.560	-4.625	0.000
-1098.005	-4.625	0.000
-1097.449	-4.625	0.000
-1096.894	-4.625	0.000
-1096.338	-4.625	0.000
-1095.782	-4.625	0.000
-1095.227	-4.625	0.000
-1094.671	-4.625	0.000
-1094.116	-4.625	0.000
-1093.560	-4.625	0.000
-1093.005	-4.625	0.000
-1092.449	-4.625	0.000
-1091.894	-4.625	0.000
-1091.338	-4.625	0.000
-1090.782	-4.625	0.000
-1090.227	-4.625	0.000
-1089.671	-4.625	0.000
-1089.116	-4.625	0.000
-1088.560	-4.625	0.000
-1088.005	-4.625	0.000
-1087.449	-4.625	0.000
-1086.894	-4.625	0.000
-1086.338	-4.625	0.000
-1085.782	-4.625	0.000
-1085.227	-4.625	0.000
-1084.671	-4.625	0.000
-1084.116	-4.625	0.000
-1083.560	-4.625	0.000
-1083.005	-4.625	0.000
-1082.449	-4.625	0.000
-1081.894	-4.625	0.000
-1081.338	-4.625	0.000
-1080.782	-4.625	0.000
-1080.227	-4.625	0.000
-1079.671	-4.625	0.000
-1079.116	-4.625	0.000
-1078.560	-4.625	0.000
-1078.005	-4.625	0.000
-1077.449	-4.625	0.000
-1076.894	-4.625	0.000
-1076.338	-4.625	0.000
-1075.782	-4.625	0.000
-1075.227	-4.625	0.000
-1074.671	-4.625	0.000
-1074.116	-4.625	0.000
-1073.560	-4.625	0.000
-1073.005	-4.625	0.000
-1072.449	-4.625	0.000
-1071.894	-4.625	0.000
-1071.338	-4.625	0.000
-1070.782	-4.625	0.000
-1070.227	-4.625	0.000
-1069.671	-4.625	0.000
-1069.116	-4.625	0.000
-1068.560	-4.625	0.000
-1068.005	-4.625	0.000
-1067.449	-4.625	0.000
-1066.894	-4.625	0.000
-1066.338	-4.625	0.000
-1065.782	-4.625	0.000
-1065.227	-4.625	0.000
-1064.671	-4.625	0.000
-1064.116	-4.625	0.000
-1063.560	-4.625	0.000
-1063.005	-4.625	0.000
-1062.449	-4.625	0.000
-1061.894	-4.625	0.000
-1061.338	-4.625	0.000
-1060.782	-4.625	0.000
-1060.227	-4.625	0.000
-1059.671	-4.625	0.000
-1059.116	-4.625	0.000
-1058.560	-4.625	0.000
-1058.005	-4.625	0.000
-1057.449	-4.625	0.000
-1056.894	-4.625	0.000
-1056.338	-4.625	0.000
-1055.782	-4.625	0.000
-1055.227	-4.625	0.000
-1054.671	-4.625	0.000
-1054.116	-4.625	0.000
-1053.560	-4.625	0.000
-1053.005	-4.625	0.000
-1052.449	-4.625	0.000
-1051.894	-4.625	0.000
-1051.338	-4.625	0.000
-1050.782	-4.625	0.000
-1050.227	-4.625	0.000
-1049.671	-4.625	0.000
-1049.116	-4.625	0.000
-1048.560	-4.625	0.000
-1048.005	-4.625	0.000
-1047.449	-4.625	0.000
-1046.894	-4.625	0.000
-1046.338	-4.625	0.000
-1045.782	-4.625	0.000
-1045.227	-4.625	0.000
-1044.671	-4.625	0.000
-1044.116	-4.625	0.000
-1043.560	-4.625	0.000
-1043.005	-4.625	0.000
-1042.449	-4.625	0.000
-1041.894	-4.625	0.000
-1041.338	-4.625	0.000
-1040.782	-4.625	0.000
-1040.227	-4.625	0.000
-1039.671	-4.625	0.000
-1039.116	-4.625	0.000
-1038.560	-4.625	0.000
-1038.005	-4.625	0.000
-1037.449	-4.625	0.000
-1036.894	-4.625	0.000
-1036.338	-4.625	0.000
-1035.782	-4.625	0.000
-1035.227	-4.625	0.000
-1034.671	-4.625	0.000
-1034.116	-4.625	0.000
-1033.560	-4.625	0.000
-1033.005	-4.625	0.000
-1032.449	-4.625	0.000
-1031.894	-4.625	0.000
-1031.338	-4.625	0.000
-1030.782	-4.625	0.000
-1030.227	-4.625	0.000
-1029.671	-4.625	0.000
-1029.116	-4.625	0.000
-1028.560	-4.625	0.000
-1028.005	-4.625	0.000
-1027.449	-4.625	0.000
-1026.894	-4.625	0.000
-1026.338	-4.625	0.000
-1025.782	-4.625	0.000
-1025.227	-4.625	0.000
-1024.671	-4.625	0.000
-1024.116	-4.625	0.000
-1023.560	-4.625	0.000
-1023.005	-4.625	0.000
-1022.449	-4.625	0.000
-1021.894	-4.625	0.000
-1021.338	-4.625	0.000
-1020.782	-4.625	0.000
-1020.227	-4.625	0.000
-1019.671	-4.625	0.000
-1019.116	-4.625	0.000
-1018.560	-4.625	0.000
-1018.005	-4.625	0.000
-1017.449	-4.625	0.000
-1016.894	-4.625	0.000
-1016.338	-4.625	0.000
-1015.782	-4.625	0.000
-1015.227	-4.625	0.000
-1014.671	-4.625	0.000
-1014.116	-4.625	0.000
-1013.560	-4.625	0.000
-1013.005	-4.625	0.000
-1012.449	-4.625	0.000
-1011.894	-4.625	0.000
-1011.338	-4.625	0.000
-1010.782	-4.625	0.000
-1010.227	-4.625	0.000
-1009.671	-4.625	0.000
-1009.116	-4.625	0.000
-1008.560	-4.625	0.000
-1008.005	-4.625	0.000
-1007.449	-4.625	0.000
-1006.894	-4.625	0.000
-1006.338	-4.625	0.000
-1005.782	-4.625	0.000
-1005.227	-4.625	0.000
-1004.671	-4.625	0.000
-1004.116	-4.625	0.000
-1003.560	-4.625	0.000
-1003.005	-4.625	0.000
-1002.449	-4.625	0.000
-1001.894	-4.625	0.000
-1001.338	-4.625	0.000
-1000.782	-4.625	0.000
-1000.227	-4.625	0.000
-999.671	-4.625	0.000
-999.116	-4.625	0.000
-998.560	-4.625	0.000
-998.005	-4.625	0.000
-997.449	-4.625	0.000
-996.894	-4.625	0.000
-996.338	-4.625	0.000
-995.782	-4.625	0.000
-995.227	-4.625	0.000
-994.671	-4.625	0.000
-994.116	-4.625	0.000
-993.560	-4.625	0.000
-993.005	-4.625	0.000
-992.449	-4.625	0.000
-991.894	-4.625	0.000
-991.338	-4.625	0.000
-990.782	-4.625	0.000
-990.227	-4.625	0.000
-989.671	-4.625	0.000
-989.116	-4.625	0.000
-988.560	-4.625	0.000
-988.005	-4.625	0.000
-987.449	-4.625	0.000
-986.894	-4.625	0.000
-986.338	-4.625	0.000
-985.782	-4.625	0.000
-985.227	-4.625	0.000
-984.671	-4.625	0.000
-984.116	-4.625	0.000
-983.560	-4.625	0.000
-983.005	-4.625	0.000
-982.449	-4.625	0.000
-981.894	-4.625	0.000
-981.338	-4.625	0.000
-980.782	-4.625	0.000
-980.227	-4.625	0.000
-979.671	-4.625	0.000
-979.116	-4.625	0.000
-978.560	-4.625	0.000
-978.005	-4.625	0.000
-977.449	-4.625	0.000
-976.894	-4.625	0.000
-976.338	-4.625	0.000
-975.782	-4.625	0.000
-975.227	-4.625	0.000
-974.671	-4.625	0.000
-974.116	-4.625	0.000
-973.560	-4.625	0.000
-973.005	-4.625	0.000
-972.449	-4.625	0.000
-971.894	-4.625	0.000
-971.338	-4.625	0.000
-970.782	-4.625	0.000
-970.227	-4.625	0.000
-969.671	-4.625	0.000
-969.116	-4.625	0.000
-968.560	-4.625	0.000
-968.005	-4.625	0.000
-967.449	-4.625	0.000
-966.894	-4.625	0.000
-966.338	-4.625	0.000
-965.782	-4.625	0.000
-965.227	-4.625	0.000
-964.671	-4.625	0.000
-964.116	-4.625	0.000
-963.560	-4.625	0.000
-963.005	-4.625	0.000
-962.449	-4.625	0.000
-961.894	-4.625	0.000
-961.338	-4.625	0.000
-960.782	-4.625	0.000
-960.227	-4.625	0.000
-959.671	-4.625	0.000
-959.116	-4.625	0.000
-958.560	-4.625	0.000
-958.005	-4.625	0.000
-957.449	-4.625	0.000
-956.894	-4.625	0.000
-956.338	-4.625	0.000
-955.782	-4.625	0.000
-955.227	-4.625	0.000
-954.671	-4.625	0.000
-954.116	-4.625	0.000
-953.560	-4.625	0.000
-953.005	-4.625	0.000
-952.449	-4.625	0.000
-951.894	-4.625	0.000
-951.338	-4.625	0.000
-950.782	-4.625	0.000
-950.227	-4.625	0.000
-949.671	-4.625	0.000
-949.116	-4.625	0.000
-948.560	-4.625	0.000
-948.005	-4.625	0.000
-947.449	-4.625	0.000
-946.894	-4.625	0.000
-946.338	-4.625	0.000
-945.782	-4.625	0.000
-945.227	-4.625	0.000
-944.671	-4.625	0.000
-944.116	-4.625	0.000
-943.560	-4.625	0.000
-943.005	-4.625	0.000
-942.449	-4.625	0.000
-941.894	-4.625	0.000
-941.338	-4.625	0.000
-940.782	-4.625	0.000
-940.227	-4.625	0.000
-939.671	-4.625	0.000
-939.116	-4.625	0.000
-938.560	-4.625	0.000
-938.005	-4.625	0.000
-937.449	-4.625	0.000
-936.894	-4.625	0.000
-936.338	-4.625	0.000
-935.782	-4.625	0.000
-935.227	-4.625	0.000
-934.671	-4.625	0.000
-934.116	-4.625	0.000
-933.560	-4.625	0.000
-933.005	-4.625	0.000
-932.449	-4.625	0.000
-931.894	-4.625	0.000
-931.338	-4.625	0.000
-930.782	-4.625	0.000
-930.227	-4.625	0.000
-929.671	-4.625	0.000
-929.116	-4.625	0.000
-928.560	-4.625	0.000
-928.005	-4.625	0.000
-927.449	-4.625	0.000
-926.894	-4.625	0.000
-926.338	-4.625	0.000
-925.782	-4.625	0.000
-925.227	-4.625	0.000
-924.671	-4.625	0.000
-924.116	-4.625	0.000
-923.560	-4.625	0.000
-923.005	-4.625	0.000
-922.449	-4.625	0.000
-921.894	-4.625	0.000
-921.338	-4.625	0.000
-920.782	-4.625	0.000
-920.227	-4.625	0.000
-919.671	-4.625	0.000
-919.116	-4.625	0.000
-918.560	-4.625	0.000
-918.005	-4.625	0.000
-917.449	-4.625	0.000
-916.894	-4.625	0.000
-916.338	-4.625	0.000
-915.782	-4.625	0.000
-915.227	-4.625	0.000
-914.671	-4.625	0.000
-914.116	-4.625	0.000
-913.560	-4.625	0.000
-913.005	-4.625	0.000
-912.449	-4.625	0.000
-911.894	-4.625	0.000
-911.338	-4.625	0.000
-910.782	-4.625	0.000
-910.227	-4.625	0.000
-909.671	-4.625	0.000
-909.116	-4.625	0.000
-908.560	-4.625	0.000
-908.005	-4.625	0.000
-907.449	-4.625	0.000
-906.894	-4.625	0.000
-906.338	-4.625	0.000
-905.782	-4.625	0.000
-905.227	-4.625	0.000
-904.671	-4.625	0.000
-904.116	-4.625	0.000
-903.560	-4.625	0.000
-903.005	-4.625	0.000
-902.449	-4.625	0.000
-901.894	-4.625	0.000
-901.338	-4.625	0.000
-900.782	-4.625	0.000
-900.227	-4.625	0.000
-899.671	-4.625	0.000
-899.116	-4.625	0.000
-898.560	-4.625	0.000
-898.005	-4.625	0.000
-897.449	-4.625	0.000
-896.894	-4.625	0.000
-896.338	-4.625	0.000
-895.782	-4.625	0.000
-895.227	-4.625	0.000
-894.671	-4.625	0.000
-894.116	-4.625	0.000
-893.560	-4.625	0.000
-893.005	-4.625	0.000
-892.449	-4.625	0.000
-891.894	-4.625	0.000
-891.338	-4.625	0.000
-890.782	-4.625	0.000
-890.227	-4.625	0.000
-889.671	-4.625	0.000
-889.116	-4.625	0.000
-888.560	-4.625	0.000
-888.005	-4.625	0.000
-887.449	-4.625	0.000
-886.894	-4.625	0.000
-886.338	-4.625	0.000
-885.782	-4.625	0.000
-885.227	-4.625	0.000
-884.671	-4.625	0.000
-884.116	-4.625	0.000
-883.560	-4.625	0.000
-883.005	-4.625	0.000
-882.449	-4.625	0.000
-881.894	-4.625	0.000
-881.338	-4.625	0.000
-880.782	-4.625	0.000
-880.227	-4.625	0.000
-879.671	-4.625	0.000
-879.116	-4.625	0.000
-878.560	-4.625	0.000
-878.005	-4.625	0.000
-877.449	-4.625	0.000
-876.894	-4.625	0.000
-876.338	-4.625	0.000
-875.782	-4.625	0.000
-875.227	-4.625	0.000
-874.671	-4.625	0.000
-874.116	-4.625	0.000
-873.560	-4.625	0.000
-873.005	-4.625	0.000
-872.449	-4.625	0.000
-871.894	-4.625	0.000
-871.338	-4.625	0.000
-870.782	-4.625	0.000
-870.227	-4.625	0.000
-869.671	-4.625	0.000
-869.116	-4.625	0.000
-868.560	-4.625	0.000
-868.005	-4.625	0.000
-867.449	-4.625	0.000
-866.894	-4.625	0.000
-866.338	-4.625	0.000
-865.782	-4.625	0.000
-865.227	-4.625	0.000
-864.671	-4.625	0.000
-864.116	-4.625	0.000
-863.560	-4.625	0.000
-863.005	-4.625	0.000
-862.449	-4.625	0.000
-861.894	-4.625	0.000
-861.338	-4.625	0.000
-860.782	-4.625	0.000
-860.227	-4.625	0.000
-859.671	-4.625	0.000
-859.116	-4.625	0.000
-858.560	-4.625	0.000
-858.005	-4.625	0.000
-857.449	-4.625	0.000
-856.894	-4.625	0.000
-856.338	-4.625	0.000
-855.782	-4.625	0.000
-855.227	-4.625	0.000
-854.671	-4.625	0.000
-854.116	-4.625	0.000
-853.560	-4.625	0.000
-853.005	-4.625	0.000
-852.449	-4.625	0.000
-851.894	-4.625	0.000
-851.338	-4.625	0.000
-850.782	-4.625	0.000
-850.227	-4.625	0.000
-849.671	-4.625	0.000
-849.116	-4.625	0.000
-848.560	-4.625	0.000
-848.005	-4.625	0.000
-847.449	-4.625	0.000
-846.894	-4.625	0.000
-846.338	-4.625	0.000
-845.782	-4.625	0.000
-845.227	-4.625	0.000
-844.671	-4.625	0.000
-844.116	-4.625	0.000
-843.560	-4.625	0.000
-843.005	-4.625	0.000
-842.449	-4.625	0.000
-841.894	-4.625	0.000
-841.338	-4.625	0.000
-840.782	-4.625	0.000
-840.227	-4.625	0.000
-839.671	-4.625	0.000
-839.116	-4.625	0.000
-838.560	-4.625	0.000
-838.005	-4.625	0.000
-837.449	-4.625	0.000
-836.894	-4.625	0.000
-836.338	-4.625	0.000
-835.782	-4.625	0.000
-835.227	-4.625	0.000
-834.671	-4.625	0.000
-834.116	-4.625	0.000
-833.560	-4.625	0.000
-833.005	-4.625	0.000
-832.449	-4.625	0.000
-831.894	-4.625	0.000
-831.338	-4.625	0.000
-830.782	-4.625	0.000
-830.227	-4.625	0.000
-829.671	-4.625	0.000
-829.116	-4.625	0.000
-828.560	-4.625	0.000
-828.005	-4.625	0.000
-827.449	-4.625	0.000
-826.894	-4.625	0.000
-826.338	-4.625	0.000
-825.782	-4.625	0.000
-825.227	-4.625	0.000
-824.671	-4.625	0.000
-824.116	-4.625	0.000
-823.560	-4.625	0.000
-823.005	-4.625	0.000
-822.449	-4.625	0.000
-821.894	-4.625	0.000
-821.338	-4.625	0.000
-820.782	-4.625	0.000
-820.227	-4.625	0.000
-819.671	-4.625	0.000
-819.116	-4.625	0.000
-818.560	-4.625	0.000
-818.005	-4.625	0.000
-817.449	-4.625	0.000
-816.894	-4.625	0.000
-816.338	-4.625	0.000
-815.782	-4.625	0.000
-815.227	-4.625	0.000
-814.671	-4.625	0.000
-814.116	-4.625	0.000
-813.560	-4.625	0.000
-813.005	-4.625	0.000
-812.449	-4.625	0.000
-811.894	-4.625	0.000
-811.338	-4.625	0.000
-810.782	-4.625	0.000
-810.227	-4.625	0.000
-809.671	-4.625	0.000
-809.116	-4.625	0.000
-808.560	-4.625	0.000
-808.005	-4.625	0.000
-807.449	-4.625	0.000
-806.894	-4.625	0.000
-806.338	-4.625	0.000
-805.782	-4.625	0.000
-805.227	-4.625	0.000
-804.671	-4.625	0.000
-804.116	-4.625	0.000
-803.560	-4.625	0.000
-803.005	-4.625	0.000
-802.449	-4.625	0.000
-801.894	-4.625	0.000
-801.338	-4.625	0.000
-800.782	-4.625	0.000
-800.227	-4.625	0.000
-799.671	-4.625	0.000
-799.116	-4.625	0.000
-798.560	-4.625	0.000
-798.005	-4.625	0.000
-797.449	-4.625	0.000
-796.894	-4.625	0.000
-796.338	-4.625	0.000
-795.782	-4.625	0.000
-795.227	-4.625	0.000
-794.671	-4.625	0.000
-794.116	-4.625	0.000
-793.560	-4.625	0.000
-793.005	-4.625	0.000
-792.449	-4.625	0.000
-791.894	-4.625	0.000
-791.338	-4.625	0.000
-790.782	-4.625	0.000
-790.227	-4.625	0.000
-789.671	-4.625	0.000
-789.116	-4.625	0.000
-788.560	-4.625	0.000
-788.005	-4.625	0.000
-787.449	-4.625	0.000
-786.894	-4.625	0.000
-786.338	-4.625	0.000
-785.782	-4.625	0.000
-785.227	-4.625	0.000
-784.671	-4.625	0.000
-784.116	-4.625	0.000
-783.560	-4.625	0.000
-783.005	-4.625	0.000
-782.449	-4.625	0.000
-781.894	-4.625	0.000
-781.338	-4.625	0.000
-780.782	-4.625	0.000
-780.227	-4.625	0.000
-779.671	-4.625	0.000
-779.116	-4.625	0.000
-778.560	-4.625	0.000
-778.005	-4.625	0.000
-777.449	-4.625	0.000
-776.894	-4.625	0.000
-776.338	-4.625	0.000
-775.782	-4.625	0.000
-775.227	-4.625	0.000
-774.671	-4.625	0.000
-774.116	-4.625	0.000
-773.560	-4.625	0.000
-773.005	-4.625	0.000
-772.449	-4.625	0.000
-771.894	-4.625	0.000
-771.338	-4.625	0.000
-770.782	-4.625	0.000
-770.227	-4.625	0.000
-769.671	-4.625	0.000
-769.116	-4.625	0.000
-768.560	-4.625	0.000
-768.005	-4.625	0.000
-767.449	-4.625	0.000
-766.894	-4.625	0.000
-766.338	-4.625	0.000
-765.782	-4.625	0.000
-765.227	-4.625	0.000
-764.671	-4.625	0.000
-764.116	-4.625	0.000
-763.560	-4.625	0.000
-763.005	-4.625	0.000
-762.449	-4.625	0.000
-761.894	-4.625	0.000
-761.338	-4.625	0.000
-760.782	-4.625	0.000
-760.227	-4.625	0.000
-759.671	-4.625	0.000
-759.116	-4.625	0.000
-758.560	-4.625	0.000
-758.005	-4.625	0.000
-757.449	-4.625	0.000
-756.894	-4.625	0.000
-756.338	-4.625	0.000
-755.782	-4.625	0.000
-755.227	-4.625	0.000
-754.671	-4.625	0.000
-754.116	-4.625	0.000
-753.560	-4.625	0.000
-753.005	-4.625	0.000
-752.449	-4.625	0.000
-751.894	-4.625	0.000
-751.338	-4.625	0.000
-750.782	-4.625	0.000
-750.227	-4.625	0.000
-749.671	-4.625	0.000
-749.116	-4.625	0.000
-748.560	-4.625	0.000
-748.005	-4.625	0.000
-747.449	-4.625	0.000
-746.894	-4.625	0.000
-746.338	-4.625	0.000
-745.782	-4.625	0.000
-745.227	-4.625	0.000
-744.671	-4.625	0.000
-744.116	-4.625	0.000
-743.560	-4.625	0.000
-743.005	-4.625	0.000
-742.449	-4.625	0.000
-741.894	-4.625	0.000
-741.338	-4.625	0.000
-740.782	-4.625	0.000
-740.227	-4.625	0.000
-739.671	-4.625	0.000
-739.116	-4.625	0.000
-738.560	-4.625	0.000
-738.005	-4.625	0.000
-737.449	-4.625	0.000
-736.894	-4.625	0.000
-736.338	-4.625	0.000
-735.782	-4.625	0.000
-735.227	-4.625	0.000
-734.671	-4.625	0.000
-734.116	-4.625	0.000
-733.560	-4.625	0.000
-733.005	-4.625	0.000
-732.449	-4.625	0.000
-731.894	-4.625	0.000
-731.338	-4.625	0.000
-730.782	-4.625	0.000
-730.227	-4.625	0.000
-729.671	-4.625	0.000
-729.116	-4.625	0.000
-728.560	-4.625	0.000
-728.005	-4.625	0.000
-727.449	-4.625	0.000
-726.894	-4.625	0.000
-726.338	-4.625	0.000
-725.782	-4.625	0.000
-725.227	-4.625	0.000
-724.671	-4.625	0.000
-724.116	-4.625	0.000
-723.560	-4.625	0.000
-723.005	-4.625	0.000
-722.449	-4.625	0.000
-721.894	-4.625	0.000
-721.338	-4.625	0.000
-720.782	-4.625	0.000
-720.227	-4.625	0.000
-719.671	-4.625	0.000
-719.116	-4.625	0.000
-718.560	-4.625	0.000
-718.005	-4.625	0.000
-717.449	-4.625	0.000
-716.894	-4.625	0.000
-716.338	-4.625	0.000
-715.782	-4.625	0.000
-715.227	-4.625	0.000
-714.671	-4.625	0.000
-714.116	-4.625	0.000
-713.560	-4.625	0.000
-713.005	-4.625	0.000
-712.449	-4.625	0.000
-711.894	-4.625	0.000
-711.338	-4.625	0.000
-710.782	-4.625	0.000
-710.227	-4.625	0.000
-709.671	-4.625	0.000
-709.116	-4.625	0.000
-708.560	-4.625	0.000
-708.005	-4.625	0.000
-707.449	-4.625	0.000
-706.894	-4.625	0.000
-706.338	-4.625	0.000
-705.782	-4.625	0.000
-705.227	-4.625	0.000
-704.671	-4.625	0.000
-704.116	-4.625	0.000
-703.560	-4.625	0.000
-703.005	-4.625	0.000
-702.449	-4.625	0.000
-701.894	-4.625	0.000
-701.338	-4.625	0.000
-700.782	-4.625	0.000
-700.227	-4.625	0.000
-699.671	-4.625	0.000
-699.116	-4.625	0.000
-698.560	-4.625	0.000
-698.005	-4.625	0.000
-697.449	-4.625	0.000
-696.894	-4.625	0.000
-696.338	-4.625	0.000
-695.782	-4.625	0.000
-695.227	-4.625	0.000
-694.671	-4.625	0.000
-694.116	-4.625	0.000
-693.560	-4.625	0.000
-693.005	-4.625	0.000
-692.449	-4.625	0.000
-691.894	-4.625	0.000
-691.338	-4.625	0.000
-690.782	-4.625	0.000
-690.227	-4.625	0.000
-689.671	-4.625	0.000
-689.116	-4.625	0.000
-688.560	-4.625	0.000
-688.005	-4.625	0.000
-687.449	-4.625	0.000
-686.894	-4.625	0.000
-686.338	-4.625	0.000
-685.782	-4.625	0.000
-685.227	-4.625	0.000
-684.671	-4.625	0.000
-684.116	-4.625	0.000
-683.560	-4.625	0.000
-683.005	-4.625	0.000
-682.449	-4.625	0.000
-681.894	-4.625	0.000
-681.338	-4.625	0.000
-680.782	-4.625	0.000
-680.227	-4.625	0.000
-679.671	-4.625	0.000
-679.116	-4.625	0.000
-678.560	-4.625	0.000
-678.005	-4.625	0.000
-677.449	-4.625	0.000
-676.894	-4.625	0.000
-676.338	-4.625	0.000
-675.782	-4.625	0.000
-675.227	-4.625	0.000
-674.671	-4.625	0.000
-674.116	-4.625	0.000
-673.560	-4.625	0.000
-673.005	-4.625	0.000
-672.449	-4.625	0.000
-671.894	-4.625	0.000
-671.338	-4.625	0.000
-670.782	-4.625	0.000
-670.227	-4.625	0.000
-669.671	-4.625	0.000
-669.116	-4.625	0.000
-668.560	-4.625	0.000
-668.005	-4.625	0.000
-667.449	-4.625	0.000
-666.894	-4.625	0.000
-666.338	-4.625	0.000
-665.782	-4.625	0.000
-665.227	-4.625	0.000
-664.671	-4.625	0.000
-664.116	-4.625	0.000
-663.560	-4.625	0.000
-663.005	-4.625	0.000
-662.449	-4.625	0.000
-661.894	-4.625	0.000
-661.338	-4.625	0.000
-660.782	-4.625	0.000
-660.227	-4.625	0.000
-659.671	-4.625	0.000
-659.116	-4.625	0.000
-658.560	-4.625	0.000
-658.005	-4.625	0.000
-657.449	-4.625	0.000
-656.894	-4.625	0.000
-656.338	-4.625	0.000
-655.782	-4.625	0.000
-655.227	-4.625	0.000
-654.671	-4.625	0.000
-654.116	-4.625	0.000
-653.560	-4.625	0.000
-653.005	-4.625	0.000
-652.449	-4.625	0.000
-651.894	-4.625	0.000
-651.338	-4.625	0.000
-650.782	-4.625	0.000
-650.227	-4.625	0.000
-649.671	-4.625	0.000
-649.116	-4.625	0.000
-648.560	-4.625	0.000
-648.005	-4.625	0.000
-647.449	-4.625	0.000
-646.894	-4.625	0.000
-646.338	-4.625	0.000
-645.782	-4.625	0.000
-645.227	-4.625	0.000
-644.671	-4.625	0.000
-644.116	-4.625	0.000
-643.560	-4.625	0.000
-643.005	-4.625	0.000
-642.449	-4.625	0.000
-641.894	-4.625	0.000
-641.338	-4.625	0.000
-640.782	-4.625	0.000
-640.227	-4.625	0.000
-639.671	-4.625	0.000
-639.116	-4.625	0.000
-638.560	-4.625	0.000
-638.005	-4.625	0.000
-637.449	-4.625	0.000
-636.894	-4.625	0.000
-636.338	-4.625	0.000
-635.782	-4.625	0.000
-635.227	-4.625	0.000
-634.671	-4.625	0.000
-634.116	-4.625	0.000
-633.560	-4.625	0.000
-633.005	-4.625	0.000
-632.449	-4.625	0.000
-631.894	-4.625	0.000
-631.338	-4.625	0.000
-630.782	-4.625	0.000
-630.227	-4.625	0.000
-629.671	-4.625	0.000
-629.116	-4.625	0.000
-628.560	-4.625	0.000
-628.005	-4.625	0.000
-627.449	-4.625	0.000
-626.894	-4.625	0.000
-626.338	-4.625	0.000
-625.782	-4.625	0.000
-625.227	-4.625	0.000
-624.671	-4.625	0.000
-624.116	-4.625	0.000
-623.560	-4.625	0.000
-623.005	-4.625	0.000
-622.449	-4.625	0.000
-621.894	-4.625	0.000
-621.338	-4.625	0.000
-620.782	-4.625	0.000
-620.227	-4.625	0.000
-619.671	-4.625	0.000
-619.116	-4.625	0.000
-618.560	-4.625	0.000
-618.005	-4.625	0.000
-617.449	-4.625	0.000
-616.894	-4.625	0.000
-616.338	-4.625	0.000
-615.782	-4.625	0.000
-615.227	-4.625	0.000
-614.671	-4.625	0.000
-614.116	-4.625	0.000
-613.560	-4.625	0.000
-613.005	-4.625	0.000
-612.449	-4.625	0.000
-611.894	-4.625	0.000
-611.338	-4.625	0.000
-610.782	-4.625	0.000
-610.227	-4.625	0.000
-609.671	-4.625	0.000
-609.116	-4.625	0.000
-608.560	-4.625	0.000
-608.005	-4.625	0.000
-607.449	-4.625	0.000
-606.894	-4.625	0.000
-606.338	-4.625	0.000
-605.782	-4.625	0.000
-605.227	-4.625	0.000
-604.671	-4.625	0.000
-604.116	-4.625	0.000
-603.560	-4.625	0.000
-603.005	-4.625	0.000
-602.449	-4.625	0.000
-601.894	-4.625	0.000
-601.338	-4.625	0.000
-600.782	-4.625	0.000
-600.227	-4.625	0.000
-599.671	-4.625	0.000
-599.116	-4.625	0.000
-598.560	-4.625	0.000
-598.005	-4.625	0.000
-597.449	-4.625	0.000
-596.894	-4.625	0.000
-596.338	-4.625	0.000
-595.782	-4.625	0.000
-595.227	-4.625	0.000
-594.671	-4.625	0.000
-594.116	-4.625	0.000
-593.560	-4.625	0.000
-593.005	-4.625	0.000
-592.449	-4.625	0.000
-591.894	-4.625	0.000
-591.338	-4.625	0.000
-590.782	-4.625	0.000
-590.227	-4.625	0.000
-589.671	-4.625	0.000
-589.116	-4.625	0.000
-588.560	-4.625	0.000
-588.005	-4.625	0.000
-587.449	-4.625	0.000
-586.894	-4.625	0.000
-586.338	-4.625	0.000
-585.782	-4.625	0.000
-585.227	-4.625	0.000
-584.671	-4.625	0.000
-584.116	-4.625	0.000
-583.560	-4.625	0.000
-583.005	-4.625	0.000
-582.449	-4.625	0.000
-581.894	-4.625	0.000
-581.338	-4.625	0.000
-580.782	-4.625	0.000
-580.227	-4.625	0.000
-579.671	-4.625	0.000
-579.116	-4.625	0.000
-578.560	-4.625	0.000
-578.005	-4.625	0.000
-577.449	-4.625	0.000
-576.894	-4.625	0.000
-576.338	-4.625	0.000
-575.782	-4.625	0.000
-575.227	-4.625	0.000
-574.671	-4.625	0.000
-574.116	-4.625	0.000
-573.560	-4.625	0.000
-573.005	-4.625	0.000
-572.449	-4.625	0.000
-571.894	-4.625	0.000
-571.338	-4.625	0.000
-570.782	-4.625	0.000
-570.227	-4.625	0.000
-569.671	-4.625	0.000
-569.116	-4.625	0.000
-568.560	-4.625	0.000
-568.005	-4.625	0.000
-567.449	-4.625	0.000
-566.894	-4.625	0.000
-566.338	-4.625	0.000
-565.782	-4.625	0.000
-565.227	-4.625	0.000
-564.671	-4.625	0.000
-564.116	-4.625	0.000
-563.560	-4.625	0.000
-563.005	-4.625	0.000
-562.449	-4.625	0.000
-561.894	-4.625	0.000
-561.338	-4.625	0.000
-560.782	-4.625	0.000
-560.227	-4.625	0.000
-559.671	-4.625	0.000
-559.116	-4.625	0.000
-558.560	-4.625	0.000
-558.005	-4.625	0.000
-557.449	-4.625	0.000
-556.894	-4.625	0.000
-556.338	-4.625	0.000
-555.782	-4.625	0.000
-555.227	-4.625	0.000
-554.671	-4.625	0.000
-554.116	-4.625	0.000
-553.560	-4.625	0.000
-553.005	-4.625	0.000
-552.449	-4.625	0.000
-551.894	-4.625	0.000
-551.338	-4.625	0.000
-550.782	-4.625	0.000
-550.227	-4.625	0.000
-549.671	-4.625	0.000
-549.116	-4.625	0.000
-548.560	-4.625	0.000
-548.005	-4.625	0.000
-547.449	-4.625	0.000
-546.894	-4.625	0.000
-546.338	-4.625	0.000
-545.782	-4.625	0.000
-545.227	-4.625	0.000
-544.671	-4.625	0.000
-544.116	-4.625	0.000
-543.560	-4.625	0.000
-543.005	-4.625	0.000
-542.449	-4.625	0.000
-541.894	-4.625	0.000
-541.338	-4.625	0.000
-540.782	-4.625	0.000
-540.227	-4.625	0.000
-539.671	-4.625	0.000
-539.116	-4.625	0.000
-538.560	-4.625	0.000
-538.005	-4.625	0.000
-537.449	-4.625	0.000
-536.894	-4.625	0.000
-536.338	-4.625	0.000
-535.782	-4.625	0.000
-535.227	-4.625	0.000
-534.671	-4.625	0.000
-534.116	-4.625	0.000
-533.560	-4.625	0.000
-533.005	-4.625	0.000
-532.449	-4.625	0.000
-531.894	-4.625	0.000
-531.338	-4.625	0.000
-530.782	-4.625	0.000
-530.227	-4.625	0.000
-529.671	-4.625	0.000
-529.116	-4.625	0.000
-528.560	-4.625	0.000
-528.005	-4.625	0.000
-527.449	-4.625	0.000
-526.894	-4.625	0.000
-526.338	-4.625	0.000
-525.782	-4.625	0.000
-525.227	-4.625	0.000
-524.671	-4.625	0.000
-524.116	-4.625	0.000
-523.560	-4.625	0.000
-523.005	-4.625	0.000
-522.449	-4.625	0.000
-521.894	-4.625	0.000
-521.338	-4.625	0.000
-520.782	-4.625	0.000
-520.227	-4.625	0.000
-519.671	-4.625	0.000
-519.116	-4.625	0.000
-518.560	-4.625	0.000
-518.005	-4.625	0.000
-517.449	-4.625	0.000
-516.894	-4.625	0.000
-516.338	-4.625	0.000
-515.782	-4.625	0.000
-515.227	-4.625	0.000
-514.671	-4.625	0.000
-514.116	-4.625	0.000
-513.560	-4.625	0.000
-513.005	-4.625	0.000
-512.449	-4.625	0.000
-511.894	-4.625	0.000
-511.338	-4.625	0.000
-510.782	-4.625	0.000
-510.227	-4.625	0.000
-509.671	-4.625	0.000
-509.116	-4.625	0.000
-508.560	-4.625	0.000
-508.005	-4.625	0.000
-507.449	-4.625	0.000
-506.894	-4.625	0.000
-506.338	-4.625	0.000
-505.782	-4.625	0.000
-505.227	-4.625	0.000
-504.671	-4.625	0.000
-504.116	-4.625	0.000
-503.560	-4.625	0.000
-503.005	-4.625	0.000
-502.449	-4.625	0.000
-501.894	-4.625	0.000
-501.338	-4.625	0.000
-500.782	-4.625	0.000
-500.227	-4.625	0.000
-499.671	-4.625	0.000
-499.116	-4.625	0.000
-498.560	-4.625	0.000
-498.005	-4.625	0.000
-497.449	-4.625	0.000
-496.894	-4.625	0.000
-496.338	-4.625	0.000
-495.782	-4.625	0.000
-495.227	-4.625	0.000
-494.671	-4.625	0.000
-494.116	-4.625	0.000
-493.560	-4.625	0.000
-493.005	-4.625	0.000
-492.449	-4.625	0.000
-491.894	-4.625	0.000
-491.338	-4.625	0.000
-490.782	-4.625	0.000
-490.227	-4.625	0.000
-489.671	-4.625	0.000
-489.116	-4.625	0.000
-488.560	-4.625	0.000
-488.005	-4.625	0.000
-487.449	-4.625	0.000
-486.894	-4.625	0.000
-486.338	-4.625	0.000
-485.782	-4.625	0.000
-485.227	-4.625	0.000
-484.671	-4.625	0.000
-484.116	-4.625	0.000
-483.560	-4.625	0.000
-483.005	-4.625	0.000
-482.449	-4.625	0.000
-481.894	-4.625	0.000
-481.338	-4.625	0.000
-480.782	-4.625	0.000
-480.227	-4.625	0.000
-479.671	-4.625	0.000
-479.116	-4.625	0.000
-478.560	-4.625	0.000
-478.005	-4.625	0.000
-477.449	-4.625	0.000
-476.894	-4.625	0.000
-476.338	-4.625	0.000
-475.782	-4.625	0.000
-475.227	-4.625	0.000
-474.671	-4.625	0.000
-474.116	-4.625	0.000
-473.560	-4.625	0.000
-473.005	-4.625	0.000
-472.449	-4.625	0.000
-471.894	-4.625	0.000
-471.338	-4.625	0.000
-470.782	-4.625	0.000
-470.227	-4.625	0.000
-469.671	-4.625	0.000
-469.116	-4.625	0.000
-468.560	-4.625	0.000
-468.005	-4.625	0.000
-467.449	-4.625	0.000
-466.894	-4.625	0.000
-466.338	-4.625	0.000
-465.782	-4.625	0.000
-465.227	-4.625	0.000
-464.671	-4.625	0.000
-464.116	-4.625	0.000
-463.560	-4.625	0.000
-463.005	-4.625	0.000
-462.449	-4.625	0.000
-461.894	-4.625	0.000
-461.338	-4.625	0.000
-460.782	-4.625	0.000
-460.227	-4.625	0.000
-459.671	-4.625	0.000
-459.116	-4.625	0.000
-458.560	-4.625	0.000
-458.005	-4.625	0.000
-457.449	-4.625	0.000
-456.894	-4.625	0.000
-456.338	-4.625	0.000
-455.782	-4.625	0.000
-455.227	-4.625	0.000
-454.671	-4.625	0.000
-454.116	-4.625	0.000
-453.560	-4.625	0.000
-453.005	-4.625	0.000
-452.449	-4.625	0.000
-451.894	-4.625	0.000
-451.338	-4.625	0.000
-450.782	-4.625	0.000
-450.227	-4.625	0.000
-449.671	-4.625	0.000
-449.116	-4.625	0.000
-448.560	-4.625	0.000
-448.005	-4.625	0.000
-447.449	-4.625	0.000
-446.894	-4.625	0.000
-446.338	-4.625	0.000
-445.782	-4.625	0.000
-445.227	-4.625	0.000
-444.671	-4.625	0.000
-444.116	-4.625	0.000
-443.560	-4.625	0.000
-443.005	-4.625	0.000
-442.449	-4.625	0.000
-441.894	-4.625	0.000
-441.338	-4.625	0.000
-440.782	-4.625	0.000
-440.227	-4.625	0.000
-439.671	-4.625	0.000
-439.116	-4.625	0.000
-438.560	-4.625	0.000
-438.005	-4.625	0.000
-437.449	-4.625	0.000
-436.894	-4.625	0.000
-436.338	-4.625	0.000
-435.782	-4.625	0.000
-435.227	-4.625	0.000
-434.671	-4.625	0.000
-434.116	-4.625	0.000
-433.560	-4.625	0.000
-433.005	-4.625	0.000
-432.449	-4.625	0.000
-431.894	-4.625	0.000
-431.338	-4.625	0.000
-430.782	-4.625	0.000
-430.227	-4.625	0.000
-429.671	-4.625	0.000
-429.116	-4.625	0.000
-428.560	-4.625	0.000
-428.005	-4.625	0.000
-427.449	-4.625	0.000
-426.894	-4.625	0.000
-426.338	-4.625	0.000
-425.782	-4.625	0.000
-425.227	-4.625	0.000
-424.671	-4.625	0.000
-424.116	-4.625	0.000
-423.560	-4.625	0.000
-423.005	-4.625	0.000
-422.449	-4.625	0.000
-421.894	-4.625	0.000
-421.338	-4.625	0.000
-420.782	-4.625	0.000
-420.227	-4.625	0.000
-419.671	-4.625	0.000
-419.116	-4.625	0.000
-418.560	-4.625	0.000
-418.005	-4.625	0.000
-417.449	-4.625	0.000
-416.894	-4.625	0.000
-416.338	-4.625	0.000
-415.782	-4.625	0.000
-415.227	-4.625	0.000
-414.671	-4.625	0.000
-414.116	-4.625	0.000
-413.560	-4.625	0.000
-413.005	-4.625	0.000
-412.449	-4.625	0.000
-411.894	-4.625	0.000
-411.338	-4.625	0.000
-410.782	-4.625	0.000
-410.227	-4.625	0.000
-409.671	-4.625	0.000
-409.116	-4.625	0.000
-408.560	-4.625	0.000
-408.005	-4.625	0.000
-407.449	-4.625	0.000
-406.894	-4.625	0.000
-406.338	-4.625	0.000
-405.782	-4.625	0.000
-405.227	-4.625	0.000
-404.671	-4.625	0.000
-404.116	-4.625	0.000
-403.560	-4.625	0.000
-403.005	-4.625	0.000
-402.449	-4.625	0.000
-401.894	-4.625	0.000
-401.338	-4.625	0.000
-400.782	-4.625	0.000
-400.227	-4.625	0.000
-399.671	-4.625	0.000
