1658088228.643446899	-2798.504	-4.875	-0.000
1658088228.663427568	-2797.949	-4.875	-0.000
1658088228.683430617	-2797.394	-4.875	-0.000
1658088228.693421068	-2796.839	-4.875	-0.000
1658088228.723424843	-2796.284	-4.875	-0.001
1658088228.743421587	-2795.729	-4.875	-0.001
1658088228.763433237	-2795.175	-4.876	-0.002
1658088228.783417520	-2794.620	-4.876	-0.004
1658088228.803424606	-2794.066	-4.876	-0.005
1658088228.823424817	-2793.511	-4.877	-0.007
1658088228.843426607	-2792.957	-4.878	-0.009
1658088228.863424538	-2792.403	-4.880	-0.010
1658088228.883424838	-2791.849	-4.882	-0.012
1658088228.903421775	-2791.295	-4.885	-0.014
1658088228.913416065	-2790.742	-4.888	-0.015
1658088228.943421003	-2790.188	-4.892	-0.017
1658088228.963438808	-2789.634	-4.897	-0.019
1658088228.983425379	-2789.081	-4.903	-0.020
1658088229.003423015	-2788.527	-4.910	-0.022
1658088229.023417695	-2787.974	-4.917	-0.023
1658088229.043421390	-2787.421	-4.925	-0.025
1658088229.063461549	-2786.868	-4.934	-0.026
1658088229.083429821	-2786.314	-4.944	-0.028
1658088229.103430278	-2785.761	-4.955	-0.029
1658088229.123421095	-2785.208	-4.966	-0.030
1658088229.133419696	-2784.655	-4.979	-0.032
1658088229.163427327	-2784.102	-4.992	-0.033
1658088229.183425563	-2783.549	-5.006	-0.034
1658088229.203421077	-2782.997	-5.020	-0.036
1658088229.223458445	-2782.444	-5.036	-0.037
1658088229.243444026	-2781.891	-5.052	-0.038
1658088229.263436294	-2781.338	-5.069	-0.039
1658088229.283424224	-2780.786	-5.087	-0.040
1658088229.303422432	-2780.233	-5.105	-0.041
1658088229.323427685	-2779.681	-5.125	-0.042
1658088229.343458969	-2779.128	-5.144	-0.043
1658088229.353420998	-2778.575	-5.165	-0.044
1658088229.383423039	-2778.023	-5.186	-0.045
1658088229.403425671	-2777.471	-5.208	-0.046
1658088229.423428144	-2776.918	-5.230	-0.046
1658088229.443394676	-2776.366	-5.253	-0.047
1658088229.463436991	-2775.813	-5.276	-0.048
1658088229.483422936	-2775.261	-5.300	-0.049
1658088229.503430498	-2774.709	-5.324	-0.049
1658088229.523430408	-2774.156	-5.349	-0.050
1658088229.543418107	-2773.604	-5.374	-0.050
1658088229.563434489	-2773.051	-5.400	-0.051
1658088229.573415753	-2772.499	-5.426	-0.051
1658088229.603424594	-2771.947	-5.453	-0.052
1658088229.623422855	-2771.395	-5.479	-0.052
1658088229.643421088	-2770.842	-5.507	-0.052
1658088229.663423872	-2770.290	-5.534	-0.053
1658088229.683426134	-2769.738	-5.562	-0.053
1658088229.703424399	-2769.185	-5.590	-0.053
1658088229.723427188	-2768.633	-5.618	-0.054
1658088229.743422623	-2768.081	-5.647	-0.054
1658088229.763451834	-2767.528	-5.675	-0.054
1658088229.783400965	-2766.976	-5.704	-0.054
1658088229.793419116	-2766.423	-5.733	-0.054
1658088229.823422456	-2765.871	-5.763	-0.054
1658088229.843421505	-2765.319	-5.792	-0.054
1658088229.863421249	-2764.766	-5.821	-0.055
1658088229.883422313	-2764.214	-5.851	-0.055
1658088229.903420651	-2763.661	-5.881	-0.055
1658088229.923426023	-2763.109	-5.911	-0.055
1658088229.943420190	-2762.556	-5.941	-0.055
1658088229.963433909	-2762.004	-5.971	-0.055
1658088229.983420247	-2761.451	-6.001	-0.054
1658088230.003422246	-2760.899	-6.031	-0.054
1658088230.013414480	-2760.346	-6.061	-0.054
1658088230.043421310	-2759.794	-6.091	-0.054
1658088230.063437377	-2759.241	-6.121	-0.054
1658088230.083433283	-2758.688	-6.151	-0.054
1658088230.103424140	-2758.136	-6.181	-0.054
1658088230.123416577	-2757.583	-6.211	-0.054
1658088230.143429750	-2757.030	-6.241	-0.053
1658088230.163422758	-2756.477	-6.271	-0.053
1658088230.183421081	-2755.925	-6.301	-0.053
1658088230.203421964	-2755.372	-6.330	-0.053
1658088230.223425704	-2754.819	-6.360	-0.052
1658088230.233421478	-2754.266	-6.390	-0.052
1658088230.263442082	-2753.713	-6.419	-0.052
1658088230.283421517	-2753.160	-6.449	-0.052
1658088230.303421243	-2752.607	-6.478	-0.051
1658088230.323423824	-2752.054	-6.507	-0.051
1658088230.343424163	-2751.501	-6.536	-0.051
1658088230.363428216	-2750.948	-6.565	-0.050
1658088230.383423073	-2750.395	-6.594	-0.050
1658088230.403423332	-2749.842	-6.622	-0.050
1658088230.423417065	-2749.289	-6.651	-0.049
1658088230.443420757	-2748.735	-6.679	-0.049
1658088230.453421947	-2748.182	-6.707	-0.049
1658088230.483420870	-2747.629	-6.735	-0.048
1658088230.503422130	-2747.076	-6.763	-0.048
1658088230.523423357	-2746.522	-6.790	-0.048
1658088230.543420316	-2745.969	-6.818	-0.047
1658088230.563423226	-2745.416	-6.845	-0.047
1658088230.583430675	-2744.862	-6.872	-0.046
1658088230.603423266	-2744.309	-6.899	-0.046
1658088230.623421302	-2743.755	-6.925	-0.045
1658088230.643423280	-2743.202	-6.952	-0.045
1658088230.663417822	-2742.648	-6.978	-0.045
1658088230.673416481	-2742.095	-7.004	-0.044
1658088230.703421580	-2741.541	-7.029	-0.044
1658088230.723422938	-2740.987	-7.055	-0.043
1658088230.743424031	-2740.434	-7.080	-0.043
1658088230.763439230	-2739.880	-7.105	-0.042
1658088230.783426937	-2739.326	-7.130	-0.042
1658088230.803423488	-2738.772	-7.154	-0.042
1658088230.823444954	-2738.219	-7.179	-0.041
1658088230.843427025	-2737.665	-7.203	-0.041
1658088230.863423460	-2737.111	-7.227	-0.040
1658088230.883417030	-2736.557	-7.250	-0.040
1658088230.893419672	-2736.003	-7.274	-0.039
1658088230.923427506	-2735.449	-7.297	-0.039
1658088230.943422258	-2734.895	-7.319	-0.038
1658088230.963435072	-2734.341	-7.342	-0.038
1658088230.983424884	-2733.787	-7.364	-0.037
1658088231.003417804	-2733.233	-7.386	-0.037
1658088231.023438706	-2732.679	-7.408	-0.036
1658088231.043420993	-2732.125	-7.430	-0.036
1658088231.063420454	-2731.571	-7.451	-0.035
1658088231.083417012	-2731.016	-7.472	-0.035
1658088231.103419289	-2730.462	-7.493	-0.035
1658088231.113422084	-2729.908	-7.513	-0.034
1658088231.143435576	-2729.354	-7.534	-0.034
1658088231.163421114	-2728.799	-7.554	-0.033
1658088231.183421528	-2728.245	-7.574	-0.033
1658088231.203428143	-2727.691	-7.593	-0.032
1658088231.223419406	-2727.136	-7.612	-0.032
1658088231.243419706	-2726.582	-7.631	-0.031
1658088231.263449581	-2726.028	-7.650	-0.031
1658088231.283419824	-2725.473	-7.668	-0.030
1658088231.303426699	-2724.919	-7.687	-0.030
1658088231.323425259	-2724.364	-7.705	-0.029
1658088231.333428628	-2723.810	-7.722	-0.029
1658088231.363425463	-2723.255	-7.740	-0.029
1658088231.383423116	-2722.701	-7.757	-0.028
1658088231.403430122	-2722.146	-7.774	-0.028
1658088231.423421318	-2721.592	-7.791	-0.027
1658088231.443425574	-2721.037	-7.807	-0.027
1658088231.463442153	-2720.482	-7.823	-0.026
1658088231.483422793	-2719.928	-7.839	-0.026
1658088231.503421033	-2719.373	-7.855	-0.025
1658088231.523437348	-2718.818	-7.870	-0.025
1658088231.543431715	-2718.264	-7.885	-0.025
1658088231.553419735	-2717.709	-7.900	-0.024
1658088231.583425079	-2717.154	-7.915	-0.024
1658088231.603430082	-2716.599	-7.929	-0.023
1658088231.623429281	-2716.045	-7.944	-0.023
1658088231.643418435	-2715.490	-7.958	-0.022
1658088231.663420328	-2714.935	-7.971	-0.022
1658088231.683422783	-2714.380	-7.985	-0.022
1658088231.703427831	-2713.825	-7.998	-0.021
1658088231.723424029	-2713.271	-8.011	-0.021
1658088231.743419023	-2712.716	-8.024	-0.020
1658088231.763428150	-2712.161	-8.037	-0.020
1658088231.773453184	-2711.606	-8.049	-0.020
1658088231.803423210	-2711.051	-8.061	-0.019
1658088231.823422625	-2710.496	-8.073	-0.019
1658088231.843438648	-2709.941	-8.085	-0.019
1658088231.863422739	-2709.386	-8.096	-0.018
1658088231.883419417	-2708.831	-8.107	-0.018
1658088231.903423000	-2708.276	-8.118	-0.017
1658088231.923425096	-2707.721	-8.129	-0.017
1658088231.943430748	-2707.166	-8.140	-0.017
1658088231.963453945	-2706.611	-8.150	-0.016
1658088231.983416886	-2706.056	-8.160	-0.016
1658088231.993418440	-2705.501	-8.170	-0.016
1658088232.023448769	-2704.946	-8.180	-0.015
1658088232.043383629	-2704.391	-8.190	-0.015
1658088232.063435817	-2703.836	-8.199	-0.015
1658088232.083423482	-2703.281	-8.208	-0.014
1658088232.103417610	-2702.726	-8.217	-0.014
1658088232.123422321	-2702.171	-8.226	-0.014
1658088232.143424443	-2701.615	-8.234	-0.013
1658088232.163426983	-2701.060	-8.243	-0.013
1658088232.183429389	-2700.505	-8.251	-0.013
1658088232.203417019	-2699.950	-8.259	-0.012
1658088232.213433114	-2699.395	-8.267	-0.012
1658088232.243446067	-2698.840	-8.275	-0.012
1658088232.263439742	-2698.284	-8.282	-0.011
1658088232.283432572	-2697.729	-8.289	-0.011
1658088232.303436399	-2697.174	-8.297	-0.011
1658088232.323415972	-2696.619	-8.304	-0.011
1658088232.343431139	-2696.064	-8.310	-0.010
1658088232.363430454	-2695.508	-8.317	-0.010
1658088232.383429297	-2694.953	-8.323	-0.010
1658088232.403385903	-2694.398	-8.330	-0.010
1658088232.423421293	-2693.843	-8.336	-0.009
1658088232.433422422	-2693.287	-8.342	-0.009
1658088232.463433910	-2692.732	-8.348	-0.009
1658088232.483421694	-2692.177	-8.353	-0.008
1658088232.503433751	-2691.622	-8.359	-0.008
1658088232.523415617	-2691.066	-8.364	-0.008
1658088232.543415469	-2690.511	-8.369	-0.008
1658088232.563448733	-2689.956	-8.374	-0.008
1658088232.583416432	-2689.400	-8.379	-0.007
1658088232.603430412	-2688.845	-8.384	-0.007
1658088232.623422694	-2688.290	-8.389	-0.007
1658088232.643439392	-2687.734	-8.393	-0.007
1658088232.653426549	-2687.179	-8.398	-0.006
1658088232.683417837	-2686.624	-8.402	-0.006
1658088232.703424396	-2686.068	-8.406	-0.006
1658088232.723427708	-2685.513	-8.410	-0.006
1658088232.743444096	-2684.958	-8.414	-0.006
1658088232.763416704	-2684.402	-8.418	-0.005
1658088232.783466466	-2683.847	-8.421	-0.005
1658088232.803422791	-2683.292	-8.425	-0.005
1658088232.823425467	-2682.736	-8.428	-0.005
1658088232.843430732	-2682.181	-8.431	-0.005
1658088232.863422467	-2681.626	-8.435	-0.004
1658088232.873416600	-2681.070	-8.438	-0.004
1658088232.903422360	-2680.515	-8.441	-0.004
1658088232.923431733	-2679.959	-8.443	-0.004
1658088232.943422669	-2679.404	-8.446	-0.004
1658088232.963427992	-2678.849	-8.449	-0.004
1658088232.983414159	-2678.293	-8.451	-0.003
1658088233.003420610	-2677.738	-8.454	-0.003
1658088233.023422254	-2677.182	-8.456	-0.003
1658088233.043440923	-2676.627	-8.458	-0.003
1658088233.063459028	-2676.072	-8.460	-0.003
1658088233.083419477	-2675.516	-8.462	-0.003
1658088233.093472831	-2674.961	-8.464	-0.003
1658088233.123433766	-2674.405	-8.466	-0.002
1658088233.143421062	-2673.850	-8.468	-0.002
1658088233.163423241	-2673.295	-8.470	-0.002
1658088233.183426884	-2672.739	-8.471	-0.002
1658088233.203423054	-2672.184	-8.473	-0.002
1658088233.223433244	-2671.628	-8.474	-0.002
1658088233.243430902	-2671.073	-8.475	-0.002
1658088233.263448070	-2670.517	-8.477	-0.001
1658088233.283420879	-2669.962	-8.478	-0.001
1658088233.303424874	-2669.406	-8.479	-0.001
1658088233.313427604	-2668.851	-8.480	-0.001
1658088233.343428620	-2668.295	-8.481	-0.001
1658088233.363420475	-2667.740	-8.482	-0.001
1658088233.383419653	-2667.185	-8.483	-0.001
1658088233.403415535	-2666.629	-8.484	-0.001
1658088233.423423727	-2666.074	-8.485	-0.001
1658088233.443423417	-2665.518	-8.485	-0.001
1658088233.463425393	-2664.963	-8.486	-0.000
1658088233.483421026	-2664.407	-8.486	-0.000
1658088233.503426321	-2663.852	-8.487	-0.000
1658088233.523420719	-2663.296	-8.487	-0.000
1658088233.533417707	-2662.741	-8.488	-0.000
1658088233.563424463	-2662.185	-8.488	-0.000
1658088233.583421462	-2661.630	-8.488	0.000
1658088233.603466956	-2661.074	-8.489	0.000
1658088233.623420890	-2660.519	-8.489	0.000
1658088233.643421764	-2659.963	-8.489	0.000
1658088233.663433919	-2659.408	-8.489	0.000
1658088233.683424480	-2658.852	-8.489	0.000
1658088233.703425532	-2658.297	-8.489	0.000
1658088233.723426661	-2657.741	-8.489	0.001
1658088233.743426856	-2657.186	-8.489	0.001
1658088233.753416727	-2656.630	-8.489	0.001
1658088233.783419285	-2656.075	-8.489	0.001
1658088233.803423011	-2655.519	-8.488	0.001
1658088233.823432957	-2654.964	-8.488	0.001
1658088233.843423728	-2654.408	-8.488	0.001
1658088233.863418712	-2653.853	-8.488	0.001
1658088233.883425219	-2653.297	-8.487	0.001
1658088233.903424890	-2652.742	-8.487	0.001
1658088233.923421856	-2652.186	-8.486	0.001
1658088233.943435760	-2651.631	-8.486	0.001
1658088233.963424110	-2651.075	-8.485	0.001
1658088233.973416342	-2650.520	-8.485	0.001
1658088234.003433110	-2649.964	-8.484	0.001
1658088234.023423081	-2649.409	-8.484	0.001
1658088234.043421526	-2648.853	-8.483	0.001
1658088234.063425342	-2648.298	-8.483	0.001
1658088234.083418541	-2647.742	-8.482	0.001
1658088234.103422521	-2647.187	-8.482	0.001
1658088234.123424168	-2646.631	-8.481	0.001
1658088234.143423910	-2646.076	-8.480	0.001
1658088234.163410592	-2645.520	-8.479	0.001
1658088234.183417056	-2644.965	-8.479	0.001
1658088234.193420846	-2644.409	-8.478	0.002
1658088234.223426792	-2643.854	-8.477	0.002
1658088234.243421240	-2643.298	-8.476	0.002
1658088234.263437752	-2642.743	-8.476	0.002
1658088234.283415109	-2642.187	-8.475	0.002
1658088234.303420847	-2641.632	-8.474	0.002
1658088234.323423711	-2641.076	-8.473	0.002
1658088234.343434368	-2640.521	-8.472	0.002
1658088234.363426373	-2639.965	-8.472	0.002
1658088234.383420226	-2639.410	-8.471	0.002
1658088234.403429638	-2638.854	-8.470	0.002
1658088234.413417216	-2638.299	-8.469	0.002
1658088234.443423317	-2637.743	-8.468	0.002
1658088234.463442318	-2637.187	-8.467	0.002
1658088234.483422340	-2636.632	-8.466	0.002
1658088234.503428813	-2636.076	-8.465	0.002
1658088234.523417191	-2635.521	-8.464	0.002
1658088234.543433692	-2634.965	-8.463	0.002
1658088234.563424285	-2634.410	-8.462	0.002
1658088234.583428180	-2633.854	-8.461	0.002
1658088234.603427406	-2633.299	-8.460	0.002
1658088234.623421480	-2632.743	-8.460	0.002
1658088234.633416432	-2632.188	-8.459	0.002
1658088234.663422601	-2631.632	-8.458	0.002
1658088234.683432470	-2631.077	-8.457	0.002
1658088234.703423578	-2630.521	-8.456	0.002
1658088234.723424453	-2629.966	-8.455	0.002
1658088234.743418798	-2629.410	-8.454	0.002
1658088234.763446907	-2628.854	-8.453	0.002
1658088234.783421363	-2628.299	-8.452	0.002
1658088234.803427808	-2627.743	-8.451	0.002
1658088234.823428511	-2627.188	-8.450	0.002
1658088234.843418169	-2626.632	-8.449	0.002
1658088234.853416178	-2626.077	-8.448	0.002
1658088234.883427145	-2625.521	-8.447	0.002
1658088234.903426517	-2624.966	-8.446	0.002
1658088234.923455740	-2624.410	-8.445	0.002
1658088234.943417734	-2623.855	-8.444	0.002
1658088234.963415431	-2623.299	-8.443	0.002
1658088234.983435694	-2622.744	-8.442	0.002
1658088235.003427925	-2622.188	-8.441	0.002
1658088235.023435141	-2621.632	-8.440	0.002
1658088235.043434722	-2621.077	-8.439	0.002
1658088235.063437350	-2620.521	-8.438	0.002
1658088235.073416992	-2619.966	-8.437	0.002
1658088235.103429491	-2619.410	-8.436	0.002
1658088235.123422777	-2618.855	-8.435	0.002
1658088235.143420450	-2618.299	-8.434	0.002
1658088235.163425554	-2617.744	-8.433	0.002
1658088235.183423134	-2617.188	-8.432	0.002
1658088235.203423251	-2616.633	-8.431	0.002
1658088235.223426694	-2616.077	-8.430	0.002
1658088235.243425198	-2615.521	-8.430	0.002
1658088235.263450690	-2614.966	-8.429	0.002
1658088235.283424953	-2614.410	-8.428	0.002
1658088235.293422712	-2613.855	-8.427	0.002
1658088235.323426210	-2613.299	-8.426	0.002
1658088235.343441011	-2612.744	-8.425	0.002
1658088235.363423622	-2612.188	-8.424	0.002
1658088235.383421347	-2611.633	-8.423	0.001
1658088235.403418974	-2611.077	-8.422	0.001
1658088235.423425097	-2610.522	-8.422	0.001
1658088235.443428211	-2609.966	-8.421	0.001
1658088235.463423208	-2609.410	-8.420	0.001
1658088235.483435868	-2608.855	-8.419	0.001
1658088235.503420705	-2608.299	-8.418	0.001
1658088235.513443524	-2607.744	-8.417	0.001
1658088235.543423914	-2607.188	-8.417	0.001
1658088235.563425846	-2606.633	-8.416	0.001
1658088235.583423875	-2606.077	-8.415	0.001
1658088235.603426875	-2605.522	-8.414	0.001
1658088235.623434162	-2604.966	-8.413	0.001
1658088235.643422305	-2604.411	-8.413	0.001
1658088235.663423348	-2603.855	-8.412	0.001
1658088235.683424216	-2603.299	-8.411	0.001
1658088235.703426070	-2602.744	-8.410	0.001
1658088235.723419360	-2602.188	-8.410	0.001
1658088235.733419121	-2601.633	-8.409	0.001
1658088235.763469366	-2601.077	-8.408	0.001
1658088235.783432582	-2600.522	-8.407	0.001
1658088235.803425630	-2599.966	-8.407	0.001
1658088235.823425980	-2599.411	-8.406	0.001
1658088235.843420867	-2598.855	-8.405	0.001
1658088235.863495029	-2598.299	-8.405	0.001
1658088235.883427356	-2597.744	-8.404	0.001
1658088235.903423371	-2597.188	-8.403	0.001
1658088235.923424410	-2596.633	-8.403	0.001
1658088235.943460882	-2596.077	-8.402	0.001
1658088235.953426278	-2595.522	-8.401	0.001
1658088235.983423897	-2594.966	-8.401	0.001
1658088236.003427252	-2594.411	-8.400	0.001
1658088236.023430482	-2593.855	-8.399	0.001
1658088236.043423390	-2593.299	-8.399	0.001
1658088236.063418153	-2592.744	-8.398	0.001
1658088236.083474321	-2592.188	-8.398	0.001
1658088236.103430557	-2591.633	-8.397	0.001
1658088236.123422643	-2591.077	-8.396	0.001
1658088236.143429502	-2590.522	-8.396	0.001
1658088236.163430269	-2589.966	-8.395	0.001
1658088236.173381842	-2589.411	-8.395	0.001
1658088236.203423579	-2588.855	-8.394	0.001
1658088236.223423929	-2588.300	-8.394	0.001
1658088236.243429854	-2587.744	-8.393	0.001
1658088236.263419919	-2587.188	-8.393	0.001
1658088236.283420985	-2586.633	-8.392	0.001
1658088236.303466277	-2586.077	-8.392	0.001
1658088236.323425679	-2585.522	-8.391	0.001
1658088236.343437624	-2584.966	-8.391	0.001
1658088236.363459059	-2584.411	-8.390	0.001
1658088236.383419032	-2583.855	-8.390	0.001
1658088236.393420833	-2583.300	-8.389	0.001
1658088236.423425108	-2582.744	-8.389	0.001
1658088236.443421872	-2582.188	-8.388	0.001
1658088236.463419912	-2581.633	-8.388	0.001
1658088236.483427273	-2581.077	-8.387	0.001
1658088236.503421892	-2580.522	-8.387	0.001
1658088236.523438220	-2579.966	-8.387	0.001
1658088236.543449333	-2579.411	-8.386	0.001
1658088236.563438039	-2578.855	-8.386	0.001
1658088236.583404442	-2578.300	-8.385	0.001
1658088236.603419851	-2577.744	-8.385	0.001
1658088236.613424029	-2577.188	-8.385	0.001
1658088236.643422985	-2576.633	-8.384	0.001
1658088236.663424367	-2576.077	-8.384	0.001
1658088236.683427174	-2575.522	-8.383	0.001
1658088236.703422805	-2574.966	-8.383	0.001
1658088236.723419582	-2574.411	-8.383	0.001
1658088236.743422424	-2573.855	-8.382	0.001
1658088236.763437983	-2573.300	-8.382	0.001
1658088236.783422176	-2572.744	-8.382	0.001
1658088236.803429501	-2572.188	-8.381	0.000
1658088236.823420364	-2571.633	-8.381	0.000
1658088236.833425437	-2571.077	-8.381	0.000
1658088236.863447417	-2570.522	-8.381	0.000
1658088236.883427033	-2569.966	-8.380	0.000
1658088236.903421291	-2569.411	-8.380	0.000
1658088236.923420159	-2568.855	-8.380	0.000
1658088236.943416680	-2568.300	-8.379	0.000
1658088236.963437445	-2567.744	-8.379	0.000
1658088236.983424348	-2567.188	-8.379	0.000
1658088237.003429545	-2566.633	-8.379	0.000
1658088237.023425849	-2566.077	-8.378	0.000
1658088237.043416669	-2565.522	-8.378	0.000
1658088237.053423755	-2564.966	-8.378	0.000
1658088237.083430416	-2564.411	-8.378	0.000
1658088237.103437606	-2563.855	-8.377	0.000
1658088237.123429391	-2563.300	-8.377	0.000
1658088237.143423465	-2562.744	-8.377	0.000
1658088237.163420857	-2562.188	-8.377	0.000
1658088237.183428224	-2561.633	-8.377	0.000
1658088237.203436285	-2561.077	-8.376	0.000
1658088237.223422713	-2560.522	-8.376	0.000
1658088237.243428988	-2559.966	-8.376	0.000
1658088237.263436169	-2559.411	-8.376	0.000
1658088237.273425926	-2558.855	-8.376	0.000
1658088237.303425028	-2558.300	-8.375	0.000
1658088237.323425802	-2557.744	-8.375	0.000
1658088237.343435243	-2557.189	-8.375	0.000
1658088237.363447170	-2556.633	-8.375	0.000
1658088237.383430755	-2556.077	-8.375	0.000
1658088237.403422715	-2555.522	-8.375	0.000
1658088237.423427999	-2554.966	-8.375	0.000
1658088237.443429171	-2554.411	-8.374	0.000
1658088237.463423487	-2553.855	-8.374	0.000
1658088237.483427499	-2553.300	-8.374	0.000
1658088237.493415294	-2552.744	-8.374	0.000
1658088237.523442440	-2552.189	-8.374	0.000
1658088237.543425761	-2551.633	-8.374	0.000
1658088237.563442650	-2551.077	-8.374	0.000
1658088237.583445472	-2550.522	-8.374	0.000
1658088237.603420243	-2549.966	-8.373	0.000
1658088237.623422760	-2549.411	-8.373	0.000
1658088237.643424267	-2548.855	-8.373	0.000
1658088237.663423685	-2548.300	-8.373	0.000
1658088237.683423666	-2547.744	-8.373	0.000
1658088237.703421285	-2547.189	-8.373	0.000
1658088237.713418115	-2546.633	-8.373	0.000
1658088237.743421758	-2546.077	-8.373	0.000
1658088237.763444617	-2545.522	-8.373	0.000
1658088237.783443737	-2544.966	-8.373	0.000
1658088237.803426069	-2544.411	-8.372	0.000
1658088237.823434930	-2543.855	-8.372	0.000
1658088237.843431528	-2543.300	-8.372	0.000
1658088237.863427248	-2542.744	-8.372	0.000
1658088237.883426988	-2542.189	-8.372	0.000
1658088237.903417188	-2541.633	-8.372	0.000
1658088237.923436426	-2541.077	-8.372	0.000
1658088237.933424172	-2540.522	-8.372	0.000
1658088237.963422572	-2539.966	-8.372	0.000
1658088237.983469435	-2539.411	-8.372	0.000
1658088238.003424293	-2538.855	-8.372	0.000
1658088238.023423520	-2538.300	-8.372	0.000
1658088238.043417333	-2537.744	-8.372	0.000
1658088238.063441670	-2537.189	-8.372	0.000
1658088238.083422720	-2536.633	-8.372	0.000
1658088238.103425965	-2536.077	-8.372	0.000
1658088238.123415660	-2535.522	-8.372	0.000
1658088238.143429330	-2534.966	-8.372	0.000
1658088238.153423621	-2534.411	-8.372	0.000
1658088238.183469700	-2533.855	-8.372	0.000
1658088238.203435236	-2533.300	-8.372	0.000
1658088238.223423210	-2532.744	-8.372	0.000
1658088238.243417018	-2532.189	-8.372	0.000
1658088238.253418272	-2531.633	-8.371	0.000
1658088238.283423687	-2531.077	-8.371	0.000
1658088238.303421654	-2530.522	-8.371	0.000
1658088238.323439692	-2529.966	-8.371	0.000
