1658126332.820547994	-148.671	-8.375	-0.000
1658126332.830507364	-148.115	-8.375	-0.000
1658126332.860506527	-147.560	-8.375	-0.000
1658126332.880505895	-147.005	-8.375	-0.000
1658126332.900513170	-146.450	-8.375	-0.000
1658126332.920513485	-145.895	-8.375	-0.000
1658126332.930537227	-145.341	-8.375	-0.000
1658126332.950514568	-144.787	-8.375	-0.000
1658126332.980515023	-144.233	-8.375	-0.000
1658126333.000531733	-143.680	-8.375	-0.000
1658126333.020513963	-143.127	-8.375	-0.000
1658126333.030535140	-142.574	-8.375	-0.000
1658126333.050509542	-142.021	-8.375	-0.000
1658126333.080511332	-141.468	-8.375	-0.000
1658126333.100545172	-140.915	-8.375	-0.000
1658126333.120515080	-140.363	-8.375	-0.000
1658126333.130511525	-139.810	-8.375	-0.000
1658126333.150484019	-139.257	-8.375	-0.000
1658126333.180516985	-138.704	-8.375	-0.000
1658126333.200514214	-138.151	-8.375	-0.000
1658126333.220509912	-137.598	-8.375	-0.000
1658126333.240521012	-137.045	-8.375	-0.000
1658126333.250512219	-136.493	-8.375	-0.000
1658126333.270509990	-135.940	-8.375	-0.000
1658126333.300516925	-135.388	-8.375	-0.000
1658126333.320516781	-134.836	-8.375	-0.000
1658126333.340533955	-134.285	-8.375	-0.000
1658126333.350513615	-133.734	-8.375	-0.000
1658126333.370511425	-133.183	-8.375	-0.000
1658126333.400509149	-132.633	-8.375	-0.000
1658126333.420517827	-132.083	-8.375	-0.000
1658126333.440512443	-131.533	-8.375	-0.000
1658126333.460520191	-130.983	-8.375	-0.000
1658126333.470512901	-130.434	-8.375	-0.000
1658126333.490484503	-129.884	-8.375	-0.000
1658126333.520517435	-129.335	-8.375	-0.000
1658126333.540509172	-128.785	-8.375	-0.000
1658126333.560513700	-128.235	-8.375	-0.000
1658126333.570510035	-127.686	-8.375	-0.000
1658126333.590514594	-127.136	-8.375	-0.000
1658126333.620510591	-126.586	-8.375	-0.000
1658126333.640511545	-126.037	-8.375	-0.000
1658126333.660508007	-125.487	-8.375	-0.000
1658126333.680508851	-124.938	-8.375	-0.000
1658126333.690518813	-124.389	-8.375	-0.000
1658126333.720524143	-123.841	-8.375	-0.000
1658126333.740509207	-123.293	-8.375	-0.000
1658126333.760508165	-122.745	-8.375	-0.000
1658126333.780517803	-122.197	-8.375	-0.000
1658126333.790519397	-121.650	-8.375	-0.000
1658126333.810513886	-121.103	-8.375	-0.000
1658126333.840510898	-120.557	-8.375	-0.000
1658126333.860508976	-120.010	-8.375	-0.000
1658126333.880511150	-119.464	-8.375	-0.000
1658126333.900509415	-118.918	-8.375	-0.000
1658126333.910512480	-118.372	-8.375	-0.000
1658126333.930519260	-117.825	-8.375	-0.000
1658126333.960508456	-117.279	-8.375	-0.000
1658126333.980510123	-116.732	-8.375	-0.000
1658126334.000512602	-116.186	-8.375	-0.000
1658126334.010522003	-115.640	-8.375	-0.000
1658126334.030505618	-115.093	-8.375	-0.000
1658126334.060510247	-114.547	-8.375	-0.000
1658126334.080511561	-114.001	-8.375	-0.000
1658126334.100517933	-113.454	-8.375	-0.000
1658126334.110512642	-112.909	-8.375	-0.000
1658126334.130517455	-112.363	-8.375	-0.000
1658126334.160514698	-111.818	-8.375	-0.000
1658126334.180487346	-111.274	-8.375	-0.000
1658126334.200508738	-110.729	-8.375	-0.000
1658126334.220505993	-110.185	-8.375	-0.000
1658126334.230524679	-109.641	-8.375	-0.000
1658126334.250504616	-109.098	-8.375	-0.000
1658126334.280514348	-108.554	-8.375	-0.000
1658126334.300511242	-108.012	-8.375	-0.000
1658126334.320511536	-107.469	-8.375	-0.000
1658126334.330513155	-106.926	-8.375	-0.000
1658126334.350504730	-106.383	-8.375	-0.000
1658126334.380514622	-105.840	-8.375	-0.000
1658126334.400510916	-105.298	-8.375	-0.000
1658126334.420512665	-104.755	-8.375	-0.000
1658126334.440530620	-104.212	-8.375	-0.000
1658126334.450506295	-103.669	-8.375	-0.000
1658126334.470552955	-103.126	-8.375	-0.000
1658126334.500513976	-102.583	-8.375	0.000
1658126334.520513342	-102.040	-8.375	0.000
1658126334.540574638	-101.497	-8.375	0.000
1658126334.550515638	-100.954	-8.375	0.000
1658126334.570506535	-100.411	-8.375	0.000
1658126334.600507756	-99.868	-8.375	0.000
1658126334.620510654	-99.325	-8.375	0.000
1658126334.640510231	-98.783	-8.375	0.000
1658126334.650507271	-98.241	-8.375	0.000
1658126334.670510522	-97.700	-8.375	0.000
1658126334.700509281	-97.159	-8.375	0.000
1658126334.720507035	-96.619	-8.375	0.000
1658126334.740567804	-96.079	-8.375	0.000
1658126334.760506785	-95.540	-8.375	0.000
1658126334.770513844	-95.001	-8.375	0.000
1658126334.790505157	-94.463	-8.375	0.000
1658126334.820470315	-93.925	-8.375	0.000
1658126334.840511489	-93.388	-8.375	0.000
1658126334.860505561	-92.851	-8.375	0.000
1658126334.870508186	-92.315	-8.375	0.000
1658126334.890519672	-91.779	-8.375	0.000
1658126334.920518598	-91.244	-8.375	0.000
1658126334.940517782	-90.709	-8.375	0.000
1658126334.960505229	-90.175	-8.375	0.000
1658126334.980525243	-89.641	-8.375	0.000
1658126334.990534230	-89.108	-8.375	0.000
1658126335.010507020	-88.576	-8.375	0.000
1658126335.040507583	-88.044	-8.375	0.000
1658126335.060512536	-87.512	-8.375	0.000
1658126335.080530251	-86.981	-8.375	0.000
1658126335.090509470	-86.451	-8.375	0.000
1658126335.110505572	-85.921	-8.375	0.000
1658126335.140533229	-85.391	-8.375	0.000
1658126335.160508741	-84.862	-8.375	0.000
1658126335.180514371	-84.334	-8.375	0.000
1658126335.200511325	-83.806	-8.375	0.000
1658126335.210515843	-83.279	-8.375	0.000
1658126335.230507434	-82.752	-8.375	0.000
1658126335.260514429	-82.226	-8.375	0.000
1658126335.280521252	-81.700	-8.375	0.000
1658126335.300511491	-81.175	-8.375	0.000
1658126335.310511666	-80.651	-8.375	0.000
1658126335.330480264	-80.127	-8.375	0.000
1658126335.360511787	-79.603	-8.375	0.000
1658126335.380507969	-79.080	-8.375	0.000
1658126335.400506621	-78.558	-8.375	0.000
1658126335.420509280	-78.036	-8.375	0.000
1658126335.430515486	-77.515	-8.375	0.000
1658126335.450516796	-76.995	-8.375	0.000
1658126335.480513754	-76.475	-8.375	0.000
1658126335.500510005	-75.956	-8.375	0.000
1658126335.520509123	-75.438	-8.375	0.000
1658126335.530511431	-74.920	-8.375	0.000
1658126335.550507694	-74.403	-8.375	0.000
1658126335.580509467	-73.886	-8.375	0.000
1658126335.600517632	-73.370	-8.375	0.000
1658126335.620508945	-72.855	-8.375	0.000
1658126335.640515700	-72.340	-8.375	0.000
1658126335.650506555	-71.826	-8.375	0.000
1658126335.670510461	-71.313	-8.375	0.000
1658126335.700523470	-70.800	-8.375	0.000
1658126335.720467413	-70.288	-8.375	0.000
1658126335.740514262	-69.776	-8.375	0.000
1658126335.750509135	-69.265	-8.375	0.000
1658126335.770510387	-68.755	-8.375	0.000
1658126335.800513569	-68.245	-8.375	0.000
1658126335.820509052	-67.736	-8.375	0.000
1658126335.840519028	-67.227	-8.375	0.000
1658126335.860496114	-66.719	-8.375	0.000
1658126335.870511122	-66.212	-8.375	0.000
1658126335.890512015	-65.705	-8.375	0.000
1658126335.920508951	-65.199	-8.375	0.000
1658126335.940562918	-64.694	-8.375	0.000
1658126335.960509676	-64.189	-8.375	0.000
1658126335.970511473	-63.685	-8.375	0.000
1658126335.990514381	-63.181	-8.375	0.000
1658126336.020514913	-62.678	-8.375	0.000
1658126336.040509760	-62.176	-8.375	0.000
1658126336.060511663	-61.675	-8.375	0.000
1658126336.080492134	-61.174	-8.375	0.000
1658126336.090507555	-60.674	-8.375	0.000
1658126336.110535096	-60.174	-8.375	0.000
1658126336.140511681	-59.675	-8.375	0.000
1658126336.160491750	-59.177	-8.375	0.000
1658126336.180516370	-58.679	-8.375	0.000
1658126336.190513496	-58.183	-8.375	0.000
1658126336.210582762	-57.686	-8.375	0.000
1658126336.240513012	-57.191	-8.375	0.000
1658126336.260508340	-56.695	-8.375	0.000
1658126336.280537207	-56.201	-8.375	0.000
1658126336.290508076	-55.707	-8.375	0.000
1658126336.310504425	-55.214	-8.375	0.000
1658126336.340510859	-54.721	-8.375	0.000
1658126336.360507854	-54.229	-8.375	0.000
1658126336.380508537	-53.738	-8.375	0.000
1658126336.390510313	-53.247	-8.375	0.000
1658126336.410507462	-52.757	-8.375	0.000
1658126336.440514632	-52.268	-8.375	0.000
1658126336.460925119	-51.779	-8.375	0.000
1658126336.480522967	-51.291	-8.375	0.000
1658126336.500510057	-50.803	-8.375	0.000
1658126336.510511392	-50.316	-8.375	0.000
1658126336.530482179	-49.830	-8.375	0.000
1658126336.560510106	-49.344	-8.375	0.000
1658126336.580530374	-48.859	-8.375	0.000
1658126336.600510891	-48.375	-8.375	0.000
1658126336.610509290	-47.891	-8.375	0.000
1658126336.630512298	-47.408	-8.375	0.000
1658126336.660514317	-46.925	-8.375	0.000
1658126336.680508971	-46.443	-8.375	0.000
1658126336.700508807	-45.962	-8.375	0.000
1658126336.720516480	-45.482	-8.375	0.000
1658126336.730528542	-45.002	-8.375	0.000
1658126336.750547765	-44.523	-8.375	0.000
1658126336.780525591	-44.044	-8.375	0.000
1658126336.800514790	-43.566	-8.375	0.000
1658126336.820526811	-43.089	-8.375	0.000
1658126336.830509213	-42.612	-8.375	0.000
1658126336.850511712	-42.135	-8.375	0.000
1658126336.880509450	-41.660	-8.375	0.000
1658126336.900506953	-41.185	-8.375	0.000
1658126336.920499499	-40.710	-8.375	0.000
1658126336.940508221	-40.236	-8.375	0.000
1658126336.950508757	-39.763	-8.375	0.000
1658126336.970508644	-39.290	-8.375	0.000
1658126337.000512549	-38.818	-8.375	0.000
1658126337.020512321	-38.346	-8.375	0.000
1658126337.040508124	-37.874	-8.375	0.000
1658126337.050514579	-37.402	-8.375	0.000
1658126337.070510265	-36.930	-8.375	0.000
1658126337.100512940	-36.458	-8.375	0.000
1658126337.120522944	-35.986	-8.375	0.000
1658126337.140523600	-35.513	-8.375	0.000
1658126337.150564630	-35.041	-8.375	0.000
1658126337.170513535	-34.569	-8.375	0.000
1658126337.200506980	-34.097	-8.375	0.000
1658126337.220510730	-33.625	-8.375	0.000
1658126337.240510938	-33.153	-8.375	0.000
1658126337.260516931	-32.681	-8.375	0.000
1658126337.270510435	-32.209	-8.375	0.000
1658126337.300498775	-31.737	-8.375	0.000
1658126337.320509144	-31.265	-8.375	0.000
1658126337.340512365	-30.793	-8.375	0.000
1658126337.360510146	-30.321	-8.375	0.000
1658126337.370508907	-29.849	-8.375	0.000
1658126337.390509123	-29.377	-8.375	0.000
1658126337.420513825	-28.905	-8.375	0.000
1658126337.440511430	-28.433	-8.375	0.000
1658126337.460525570	-27.961	-8.375	0.000
1658126337.480517717	-27.488	-8.375	0.000
1658126337.490537336	-27.015	-8.375	0.000
1658126337.510506175	-26.542	-8.375	0.000
1658126337.540508570	-26.069	-8.375	0.000
1658126337.560523567	-25.595	-8.375	0.000
1658126337.580514555	-25.121	-8.375	0.000
1658126337.590514498	-24.647	-8.375	0.000
1658126337.610485487	-24.172	-8.375	0.000
1658126337.640522931	-23.697	-8.375	0.000
1658126337.660517735	-23.222	-8.375	0.000
1658126337.680515664	-22.747	-8.375	0.000
1658126337.700507730	-22.271	-8.375	0.000
1658126337.710508149	-21.795	-8.375	0.000
1658126337.730511088	-21.319	-8.375	0.000
1658126337.760508445	-20.842	-8.375	0.000
1658126337.780518588	-20.365	-8.375	0.000
1658126337.800508998	-19.888	-8.375	0.000
1658126337.810511812	-19.411	-8.375	0.000
1658126337.830510696	-18.933	-8.375	0.000
1658126337.860512713	-18.455	-8.375	0.000
1658126337.880510949	-17.977	-8.375	0.000
1658126337.900514469	-17.498	-8.375	0.000
1658126337.920512578	-17.020	-8.375	0.000
1658126337.930511583	-16.540	-8.375	0.000
1658126337.950515733	-16.060	-8.375	0.000
1658126337.980531989	-15.580	-8.375	0.000
1658126338.000517522	-15.100	-8.375	0.000
1658126338.020514162	-14.619	-8.375	0.000
1658126338.030519249	-14.138	-8.375	0.000
1658126338.050516763	-13.656	-8.375	0.000
1658126338.080515970	-13.174	-8.375	0.000
1658126338.100510681	-12.692	-8.375	0.000
1658126338.120507975	-12.210	-8.375	0.000
1658126338.140508338	-11.728	-8.375	0.000
1658126338.150498753	-11.247	-8.375	0.000
1658126338.170511255	-10.768	-8.375	0.000
1658126338.200507584	-10.289	-8.375	0.000
1658126338.220506230	-9.812	-8.375	0.001
1658126338.240508866	-9.335	-8.375	0.001
1658126338.250510017	-8.860	-8.375	0.001
1658126338.270509120	-8.385	-8.375	0.001
1658126338.300509626	-7.912	-8.374	0.001
1658126338.320516144	-7.439	-8.374	0.002
1658126338.340514954	-6.967	-8.374	0.002
1658126338.350470659	-6.495	-8.373	0.002
1658126338.370515128	-6.022	-8.373	0.002
1658126338.400510665	-5.549	-8.372	0.002
1658126338.420510797	-5.075	-8.372	0.002
1658126338.440513649	-4.600	-8.371	0.002
1658126338.460513551	-4.125	-8.370	0.002
1658126338.470532875	-3.650	-8.370	0.002
1658126338.490509008	-3.174	-8.369	0.002
1658126338.520509044	-2.698	-8.368	0.002
1658126338.540511085	-2.221	-8.367	0.002
1658126338.560508046	-1.744	-8.366	0.002
1658126338.570513387	-1.267	-8.365	0.002
1658126338.590509771	-0.789	-8.364	0.002
1658126338.620512208	-0.312	-8.363	0.002
1658126338.640510515	0.165	-8.362	0.002
1658126338.660507965	0.641	-8.362	0.002
1658126338.680528333	1.116	-8.361	0.002
1658126338.690486852	1.591	-8.360	0.002
1658126338.710546039	2.065	-8.359	0.002
1658126338.740513059	2.538	-8.358	0.002
1658126338.760507983	3.011	-8.357	0.001
1658126338.780534217	3.483	-8.356	0.001
1658126338.790504650	3.955	-8.356	0.001
1658126338.810515764	4.427	-8.355	0.001
1658126338.840508866	4.897	-8.354	0.001
1658126338.860507657	5.368	-8.353	0.001
1658126338.880509285	5.838	-8.353	0.001
1658126338.900518398	6.309	-8.352	0.001
1658126338.910518533	6.781	-8.351	0.001
1658126338.940509551	7.253	-8.351	0.001
1658126338.960513606	7.726	-8.350	0.001
1658126338.980537392	8.199	-8.350	0.001
1658126339.000509748	8.673	-8.349	0.001
1658126339.010515470	9.147	-8.349	0.001
1658126339.030513182	9.621	-8.348	0.001
1658126339.060508458	10.096	-8.348	0.001
1658126339.080518418	10.572	-8.347	0.001
1658126339.100504146	11.048	-8.347	0.001
1658126339.110512009	11.524	-8.346	0.001
1658126339.130504366	12.000	-8.346	0.001
1658126339.160518489	12.476	-8.345	0.001
1658126339.180473818	12.952	-8.345	0.001
1658126339.200512549	13.428	-8.345	0.001
1658126339.220513450	13.903	-8.344	0.001
1658126339.230512607	14.378	-8.344	0.001
1658126339.250515706	14.853	-8.344	0.001
1658126339.280523348	15.327	-8.343	0.001
1658126339.300516542	15.801	-8.343	0.001
1658126339.320516712	16.275	-8.343	0.001
1658126339.330515713	16.749	-8.342	0.001
1658126339.350509784	17.223	-8.342	0.001
1658126339.380531243	17.696	-8.342	0.001
1658126339.400505904	18.169	-8.341	0.000
1658126339.420509701	18.643	-8.341	0.000
1658126339.440510531	19.117	-8.341	0.000
1658126339.450513861	19.592	-8.341	0.000
1658126339.470516033	20.067	-8.340	0.000
1658126339.500511719	20.543	-8.340	0.000
1658126339.520510951	21.019	-8.340	0.000
1658126339.540590317	21.495	-8.340	0.000
1658126339.550516808	21.972	-8.339	0.000
1658126339.570512932	22.449	-8.339	0.000
1658126339.600508872	22.927	-8.339	0.000
1658126339.620509297	23.405	-8.339	0.000
1658126339.640514353	23.883	-8.339	0.000
1658126339.650510187	24.362	-8.339	0.000
1658126339.670516099	24.842	-8.338	0.000
1658126339.700507675	25.321	-8.338	0.000
1658126339.720508622	25.801	-8.338	0.000
1658126339.740510399	26.282	-8.338	0.000
1658126339.760510149	26.762	-8.338	0.000
1658126339.770511085	27.242	-8.338	0.000
1658126339.790504669	27.723	-8.338	0.000
1658126339.820510229	28.204	-8.338	0.000
1658126339.840507783	28.685	-8.338	0.000
1658126339.860497739	29.166	-8.337	0.000
1658126339.870510537	29.648	-8.337	0.000
1658126339.890505737	30.129	-8.337	0.000
1658126339.920514403	30.611	-8.337	0.000
1658126339.940508075	31.093	-8.337	-0.000
1658126339.960509399	31.576	-8.337	-0.000
1658126339.980543760	32.058	-8.337	-0.000
1658126339.990535813	32.541	-8.337	-0.000
1658126340.010504614	33.025	-8.337	-0.000
1658126340.040514556	33.509	-8.337	-0.000
1658126340.060510540	33.993	-8.337	-0.000
1658126340.080516700	34.478	-8.337	-0.000
1658126340.090518277	34.962	-8.337	-0.000
1658126340.110506002	35.448	-8.337	-0.000
1658126340.140507577	35.933	-8.337	-0.000
1658126340.160509228	36.419	-8.337	-0.000
1658126340.180512169	36.906	-8.337	-0.000
1658126340.200516608	37.392	-8.337	-0.000
1658126340.210519693	37.879	-8.337	-0.000
1658126340.230506115	38.367	-8.338	-0.000
1658126340.260508496	38.854	-8.338	-0.000
1658126340.280511947	39.342	-8.338	-0.000
1658126340.300765507	39.831	-8.338	-0.000
1658126340.310511667	40.319	-8.338	-0.000
1658126340.330511305	40.808	-8.338	-0.000
1658126340.360513661	41.297	-8.338	-0.000
1658126340.380529207	41.786	-8.338	-0.000
1658126340.400508913	42.276	-8.338	-0.000
1658126340.420502882	42.766	-8.338	-0.000
1658126340.430511322	43.256	-8.339	-0.000
1658126340.450505070	43.746	-8.339	-0.000
1658126340.480528077	44.237	-8.339	-0.000
1658126340.500518246	44.728	-8.339	-0.000
1658126340.520507078	45.219	-8.339	-0.000
1658126340.530521287	45.711	-8.339	-0.000
1658126340.550513743	46.203	-8.339	-0.000
1658126340.580507686	46.695	-8.340	-0.000
1658126340.600507716	47.188	-8.340	-0.000
1658126340.620507889	47.680	-8.340	-0.000
1658126340.640508643	48.174	-8.340	-0.000
1658126340.650506822	48.667	-8.340	-0.000
1658126340.670508080	49.161	-8.340	-0.000
1658126340.700510501	49.655	-8.341	-0.000
1658126340.720507976	50.149	-8.341	-0.000
1658126340.740509192	50.644	-8.341	-0.000
1658126340.750486488	51.139	-8.341	-0.000
1658126340.770505453	51.634	-8.341	-0.000
1658126340.800511960	52.129	-8.342	-0.000
1658126340.820510733	52.625	-8.342	-0.000
1658126340.840508802	53.121	-8.342	-0.000
1658126340.860508625	53.617	-8.342	-0.000
1658126340.870512610	54.113	-8.342	-0.000
1658126340.900510396	54.610	-8.343	-0.000
1658126340.920508736	55.107	-8.343	-0.000
1658126340.940516845	55.604	-8.343	-0.000
1658126340.960512064	56.102	-8.343	-0.000
1658126340.970509585	56.599	-8.344	-0.000
1658126340.990507743	57.097	-8.344	-0.001
1658126341.020508305	57.595	-8.344	-0.001
1658126341.040513200	58.094	-8.344	-0.001
1658126341.060510698	58.593	-8.344	-0.001
1658126341.080514255	59.092	-8.345	-0.001
1658126341.090506373	59.591	-8.345	-0.001
1658126341.110519780	60.090	-8.345	-0.001
1658126341.140518502	60.590	-8.345	-0.001
1658126341.160517182	61.090	-8.346	-0.001
1658126341.180535057	61.590	-8.346	-0.001
1658126341.190516067	62.091	-8.346	-0.001
1658126341.210521337	62.592	-8.347	-0.001
1658126341.240510494	63.093	-8.347	-0.001
1658126341.260508341	63.594	-8.347	-0.001
1658126341.280514765	64.095	-8.347	-0.001
1658126341.300508690	64.597	-8.348	-0.001
1658126341.310514224	65.099	-8.348	-0.001
1658126341.330538316	65.601	-8.348	-0.001
1658126341.360507496	66.103	-8.348	-0.001
1658126341.380515495	66.606	-8.349	-0.001
1658126341.400515958	67.109	-8.349	-0.001
1658126341.410506558	67.612	-8.349	-0.001
1658126341.440508455	68.115	-8.349	-0.001
1658126341.460508915	68.619	-8.350	-0.001
1658126341.480513654	69.122	-8.350	-0.001
1658126341.500532840	69.626	-8.350	-0.001
1658126341.510480250	70.130	-8.351	-0.001
1658126341.530546123	70.635	-8.351	-0.001
1658126341.560517485	71.139	-8.351	-0.001
1658126341.580516369	71.644	-8.351	-0.001
1658126341.600497415	72.149	-8.352	-0.001
1658126341.610511761	72.654	-8.352	-0.001
1658126341.630510660	73.160	-8.352	-0.001
1658126341.660510329	73.665	-8.353	-0.001
1658126341.680524059	74.171	-8.353	-0.001
1658126341.700509413	74.677	-8.353	-0.001
1658126341.720509731	75.183	-8.353	-0.001
1658126341.730514829	75.690	-8.354	-0.001
1658126341.750507249	76.196	-8.354	-0.001
1658126341.780525307	76.703	-8.354	-0.001
1658126341.800508043	77.210	-8.355	-0.001
1658126341.820512092	77.717	-8.355	-0.001
1658126341.830512629	78.225	-8.355	-0.001
1658126341.850511151	78.733	-8.355	-0.001
1658126341.880519486	79.240	-8.356	-0.001
1658126341.900492078	79.748	-8.356	-0.001
1658126341.920506994	80.257	-8.356	-0.001
1658126341.940510165	80.765	-8.356	-0.001
1658126341.950506030	81.274	-8.357	-0.001
1658126341.970508027	81.783	-8.357	-0.001
1658126342.000507348	82.292	-8.357	-0.001
1658126342.020512257	82.801	-8.358	-0.001
1658126342.040510544	83.310	-8.358	-0.001
1658126342.050510307	83.820	-8.358	-0.001
1658126342.070521194	84.330	-8.358	-0.001
1658126342.100509590	84.840	-8.359	-0.001
1658126342.120505050	85.350	-8.359	-0.001
1658126342.140511653	85.860	-8.359	-0.001
1658126342.160507201	86.371	-8.360	-0.001
1658126342.170505942	86.881	-8.360	-0.001
1658126342.190504382	87.392	-8.360	-0.001
1658126342.220512062	87.903	-8.360	-0.001
1658126342.240507425	88.414	-8.361	-0.001
1658126342.260511244	88.926	-8.361	-0.001
1658126342.270511937	89.437	-8.361	-0.000
1658126342.290509003	89.949	-8.361	-0.000
1658126342.320514906	90.461	-8.362	-0.000
1658126342.340509928	90.973	-8.362	-0.000
1658126342.360510802	91.485	-8.362	-0.000
1658126342.380551826	91.998	-8.362	-0.000
1658126342.390517011	92.511	-8.363	-0.000
1658126342.410505874	93.023	-8.363	-0.000
1658126342.440515279	93.536	-8.363	-0.000
1658126342.460513088	94.050	-8.363	-0.000
1658126342.480523926	94.563	-8.364	-0.000
1658126342.490512599	95.076	-8.364	-0.000
1658126342.510511861	95.590	-8.364	-0.000
1658126342.540508947	96.104	-8.364	-0.000
1658126342.560514749	96.618	-8.365	-0.000
1658126342.580511817	97.132	-8.365	-0.000
1658126342.600508226	97.646	-8.365	-0.000
1658126342.610515424	98.160	-8.365	-0.000
1658126342.630513105	98.675	-8.366	-0.000
1658126342.660508533	99.190	-8.366	-0.000
1658126342.680511299	99.704	-8.366	-0.000
1658126342.700508452	100.219	-8.366	-0.000
1658126342.710518382	100.735	-8.367	-0.000
1658126342.730511271	101.250	-8.367	-0.000
1658126342.760517265	101.765	-8.367	-0.000
1658126342.780510704	102.281	-8.367	-0.000
1658126342.800505404	102.797	-8.367	-0.000
1658126342.820511411	103.313	-8.368	-0.000
1658126342.830510653	103.829	-8.368	-0.000
1658126342.850508171	104.345	-8.368	-0.000
1658126342.880522473	104.862	-8.368	-0.000
1658126342.900507906	105.378	-8.369	-0.000
1658126342.920509509	105.895	-8.369	-0.000
1658126342.930506134	106.412	-8.369	-0.000
1658126342.950511049	106.929	-8.369	-0.000
1658126342.980513059	107.446	-8.369	-0.000
1658126343.000564558	107.963	-8.370	-0.000
1658126343.020520765	108.481	-8.370	-0.000
1658126343.040514149	108.998	-8.370	-0.000
1658126343.050518952	109.516	-8.370	-0.000
1658126343.070506086	110.034	-8.370	-0.000
1658126343.100513250	110.552	-8.370	-0.000
1658126343.120514549	111.070	-8.371	-0.000
1658126343.140512475	111.588	-8.371	-0.000
1658126343.150512987	112.106	-8.371	-0.000
1658126343.170511021	112.625	-8.371	-0.000
1658126343.200514850	113.143	-8.371	-0.000
1658126343.220511068	113.662	-8.372	-0.000
1658126343.240508548	114.181	-8.372	-0.000
1658126343.260517521	114.700	-8.372	-0.000
1658126343.270505792	115.219	-8.372	-0.000
1658126343.290512566	115.738	-8.372	-0.000
1658126343.320508202	116.257	-8.372	-0.000
1658126343.340513225	116.777	-8.373	-0.000
1658126343.360509871	117.297	-8.373	-0.000
1658126343.370508227	117.816	-8.373	-0.000
1658126343.390515425	118.336	-8.373	-0.000
1658126343.420512989	118.856	-8.373	-0.000
1658126343.440515783	119.376	-8.373	-0.000
1658126343.460510957	119.897	-8.374	-0.000
1658126343.480555576	120.417	-8.374	-0.000
1658126343.490513223	120.937	-8.374	-0.000
1658126343.510510000	121.458	-8.374	-0.000
1658126343.540507834	121.979	-8.374	-0.000
1658126343.560507563	122.499	-8.374	-0.000
1658126343.580512045	123.020	-8.374	-0.000
1658126343.590510377	123.541	-8.375	-0.000
1658126343.610525990	124.063	-8.375	-0.000
1658126343.640509867	124.584	-8.375	-0.000
1658126343.660514040	125.105	-8.375	-0.000
1658126343.680546624	125.627	-8.375	-0.000
1658126343.700510585	126.148	-8.375	-0.000
1658126343.710517494	126.670	-8.375	-0.000
1658126343.730513225	127.192	-8.375	-0.000
1658126343.760513800	127.714	-8.376	-0.000
1658126343.780536645	128.236	-8.376	-0.000
1658126343.800513109	128.758	-8.376	-0.000
1658126343.810511604	129.280	-8.376	-0.000
1658126343.830481096	129.803	-8.376	-0.000
1658126343.860521483	130.325	-8.376	-0.000
1658126343.880522267	130.848	-8.376	-0.000
1658126343.900509299	131.370	-8.376	-0.000
1658126343.920507701	131.893	-8.376	-0.000
1658126343.930541407	132.416	-8.377	-0.000
1658126343.950502568	132.939	-8.377	-0.000
1658126343.980506684	133.462	-8.377	-0.000
1658126344.000466172	133.986	-8.377	-0.000
1658126344.020515221	134.509	-8.377	-0.000
1658126344.030508190	135.032	-8.377	-0.000
1658126344.050509259	135.556	-8.377	-0.000
1658126344.080510662	136.080	-8.377	-0.000
1658126344.100507414	136.603	-8.377	-0.000
1658126344.120514085	137.127	-8.377	-0.000
1658126344.140510275	137.651	-8.377	-0.000
1658126344.150510515	138.175	-8.377	-0.000
1658126344.170505215	138.699	-8.378	-0.000
1658126344.200506885	139.223	-8.378	-0.000
1658126344.220513072	139.748	-8.378	-0.000
1658126344.240513833	140.272	-8.378	-0.000
1658126344.250518048	140.797	-8.378	-0.000
1658126344.270515057	141.321	-8.378	-0.000
1658126344.300511054	141.846	-8.378	-0.000
1658126344.320507099	142.371	-8.378	-0.000
1658126344.340511855	142.896	-8.378	-0.000
1658126344.360485481	143.421	-8.378	-0.000
1658126344.370514855	143.946	-8.378	-0.000
1658126344.390505518	144.471	-8.378	-0.000
1658126344.420515435	144.996	-8.378	-0.000
1658126344.440514460	145.522	-8.378	-0.000
1658126344.460508969	146.047	-8.378	-0.000
1658126344.470513171	146.573	-8.378	-0.000
1658126344.490510737	147.098	-8.378	-0.000
1658126344.520513724	147.624	-8.379	-0.000
1658126344.540511127	148.150	-8.379	-0.000
1658126344.560515094	148.676	-8.379	-0.000
1658126344.580517760	149.202	-8.379	-0.000
1658126344.590456182	149.728	-8.379	-0.000
1658126344.620516289	150.254	-8.379	-0.000
1658126344.640529212	150.780	-8.379	-0.000
1658126344.660513333	151.307	-8.379	-0.000
1658126344.680540648	151.833	-8.379	-0.000
1658126344.690519719	152.360	-8.379	-0.000
1658126344.710509224	152.886	-8.379	-0.000
1658126344.740467509	153.413	-8.379	-0.000
1658126344.760507435	153.940	-8.379	-0.000
1658126344.780519499	154.466	-8.379	-0.000
1658126344.800508736	154.993	-8.379	-0.000
1658126344.810523987	155.520	-8.379	-0.000
1658126344.830566837	156.048	-8.379	-0.000
1658126344.860509000	156.575	-8.379	-0.000
1658126344.880521919	157.102	-8.379	-0.000
1658126344.900521881	157.629	-8.379	-0.000
1658126344.910517196	158.157	-8.379	-0.000
1658126344.930520780	158.684	-8.379	-0.000
1658126344.960911897	159.212	-8.379	-0.000
1658126344.980512744	159.740	-8.379	-0.000
1658126345.000516054	160.267	-8.379	-0.000
1658126345.010521127	160.795	-8.379	-0.000
1658126345.030527698	161.323	-8.379	-0.000
1658126345.060513191	161.851	-8.379	0.000
1658126345.080522994	162.379	-8.379	0.000
1658126345.100513279	162.907	-8.379	0.000
1658126345.110514856	163.435	-8.379	0.000
1658126345.130522065	163.964	-8.379	0.000
1658126345.160507591	164.492	-8.379	0.000
1658126345.180504656	165.021	-8.379	0.000
1658126345.200513154	165.549	-8.379	0.000
1658126345.220510641	166.078	-8.379	0.000
1658126345.230526783	166.606	-8.379	0.000
1658126345.250505993	167.135	-8.379	0.000
1658126345.280515391	167.664	-8.379	0.000
1658126345.300521398	168.193	-8.379	0.000
1658126345.320506836	168.722	-8.379	0.000
1658126345.330508810	169.251	-8.379	0.000
1658126345.350506386	169.780	-8.379	0.000
1658126345.380524712	170.309	-8.379	0.000
1658126345.400514970	170.838	-8.379	0.000
1658126345.420511583	171.368	-8.379	0.000
1658126345.440514087	171.897	-8.379	0.000
1658126345.450507599	172.427	-8.379	0.000
1658126345.470508852	172.956	-8.379	0.000
1658126345.500516271	173.486	-8.379	0.000
1658126345.520514904	174.016	-8.379	0.000
1658126345.540515104	174.545	-8.379	0.000
1658126345.550511563	175.075	-8.379	0.000
1658126345.570516857	175.605	-8.379	0.000
1658126345.600515446	176.135	-8.379	0.000
1658126345.620517640	176.665	-8.379	0.000
1658126345.640513193	177.195	-8.379	0.000
1658126345.660510295	177.725	-8.379	0.000
1658126345.670499447	178.255	-8.379	0.000
1658126345.690510992	178.786	-8.379	0.000
1658126345.720512981	179.316	-8.379	0.000
1658126345.740509384	179.846	-8.379	0.000
1658126345.760509015	180.377	-8.379	0.000
1658126345.770510311	180.907	-8.379	0.000
1658126345.790509280	181.438	-8.379	0.000
1658126345.820507469	181.969	-8.379	0.000
1658126345.840507735	182.500	-8.379	0.000
1658126345.860511400	183.030	-8.379	0.000
1658126345.880528787	183.561	-8.379	0.000
1658126345.890510943	184.092	-8.379	0.000
1658126345.910514745	184.623	-8.379	0.000
1658126345.940522030	185.154	-8.379	0.000
1658126345.960513844	185.685	-8.379	0.000
1658126345.980536649	186.217	-8.379	0.000
1658126345.990507928	186.748	-8.379	0.000
1658126346.010513805	187.279	-8.378	0.000
1658126346.040515052	187.810	-8.378	0.000
1658126346.060511683	188.342	-8.378	0.000
1658126346.080507570	188.873	-8.378	0.000
1658126346.100509720	189.405	-8.378	0.000
1658126346.110513477	189.937	-8.378	0.000
1658126346.140516185	190.468	-8.378	0.000
1658126346.160506577	191.000	-8.378	0.000
1658126346.180508100	191.532	-8.378	0.000
1658126346.200519293	192.064	-8.378	0.000
1658126346.210514613	192.595	-8.378	0.000
1658126346.230520458	193.127	-8.378	0.000
1658126346.260511634	193.659	-8.378	0.000
1658126346.280513814	194.192	-8.378	0.000
1658126346.300508471	194.724	-8.378	0.000
1658126346.320516729	195.256	-8.378	0.000
1658126346.330541322	195.788	-8.378	0.000
1658126346.350511579	196.320	-8.378	0.000
1658126346.380520121	196.853	-8.378	0.000
1658126346.400513035	197.385	-8.378	0.000
1658126346.420517171	197.918	-8.378	0.000
1658126346.430525635	198.450	-8.378	0.000
1658126346.450512818	198.983	-8.378	0.000
1658126346.480553461	199.515	-8.378	0.000
1658126346.500506790	200.048	-8.378	0.000
1658126346.520515474	200.581	-8.378	0.000
1658126346.540506303	201.114	-8.378	0.000
1658126346.550510224	201.647	-8.378	0.000
1658126346.570506628	202.180	-8.378	0.000
1658126346.600510086	202.712	-8.378	0.000
1658126346.620515619	203.246	-8.378	0.000
1658126346.640515614	203.779	-8.377	0.000
1658126346.650514390	204.312	-8.377	0.000
1658126346.670506644	204.845	-8.377	0.000
1658126346.700511687	205.378	-8.377	0.000
1658126346.720515787	205.911	-8.377	0.000
1658126346.740507988	206.445	-8.377	0.000
1658126346.760524734	206.978	-8.377	0.000
1658126346.770518616	207.512	-8.377	0.000
1658126346.790508640	208.045	-8.377	0.000
1658126346.820509191	208.579	-8.377	0.000
1658126346.840514213	209.112	-8.377	0.000
1658126346.860505832	209.646	-8.377	0.000
1658126346.870512796	210.180	-8.377	0.000
1658126346.890510481	210.713	-8.377	0.000
1658126346.920509148	211.247	-8.377	0.000
1658126346.940509750	211.781	-8.377	0.000
1658126346.960510711	212.315	-8.377	0.000
1658126346.980515679	212.849	-8.377	0.000
1658126346.990507234	213.383	-8.377	0.000
1658126347.010505541	213.917	-8.377	0.000
1658126347.040508602	214.451	-8.377	0.000
1658126347.060509428	214.985	-8.377	0.000
1658126347.080511934	215.519	-8.377	0.000
1658126347.090510357	216.053	-8.377	0.000
1658126347.110507616	216.588	-8.377	0.000
1658126347.140506774	217.122	-8.377	0.000
1658126347.160510019	217.656	-8.377	0.000
1658126347.180523555	218.191	-8.377	0.000
1658126347.200508371	218.725	-8.377	0.000
1658126347.210517887	219.260	-8.377	0.000
1658126347.240512131	219.794	-8.377	0.000
1658126347.260509962	220.329	-8.376	0.000
1658126347.280507233	220.863	-8.376	0.000
1658126347.300511529	221.398	-8.376	0.000
1658126347.310509612	221.933	-8.376	0.000
1658126347.330507769	222.468	-8.376	0.000
1658126347.360506745	223.002	-8.376	0.000
1658126347.380529453	223.537	-8.376	0.000
1658126347.400511510	224.072	-8.376	0.000
1658126347.410514772	224.607	-8.376	0.000
1658126347.430535083	225.142	-8.376	0.000
1658126347.460513546	225.677	-8.376	0.000
1658126347.480514811	226.212	-8.376	0.000
1658126347.500507863	226.747	-8.376	0.000
1658126347.520511584	227.283	-8.376	0.000
1658126347.530515926	227.818	-8.376	0.000
1658126347.550504565	228.353	-8.376	0.000
1658126347.580509717	228.888	-8.376	0.000
1658126347.600512269	229.424	-8.376	0.000
1658126347.620508757	229.959	-8.376	0.000
1658126347.630532716	230.494	-8.376	0.000
1658126347.650506117	231.030	-8.376	0.000
1658126347.680519783	231.565	-8.376	0.000
1658126347.700513819	232.101	-8.376	0.000
1658126347.720513033	232.637	-8.376	0.000
1658126347.740514426	233.172	-8.376	0.000
1658126347.750510835	233.708	-8.376	0.000
1658126347.770507803	234.244	-8.376	0.000
1658126347.800520002	234.779	-8.376	0.000
1658126347.820508838	235.315	-8.376	0.000
1658126347.840511125	235.851	-8.376	0.000
1658126347.850508121	236.387	-8.376	0.000
1658126347.870533359	236.923	-8.376	0.000
1658126347.900510930	237.459	-8.376	0.000
1658126347.920507364	237.994	-8.376	0.000
1658126347.940519366	238.530	-8.376	0.000
1658126347.960508702	239.067	-8.376	0.000
1658126347.970515527	239.603	-8.376	0.000
1658126347.990504710	240.139	-8.375	0.000
1658126348.020507377	240.675	-8.375	0.000
1658126348.040513483	241.211	-8.375	0.000
1658126348.060513528	241.747	-8.375	0.000
1658126348.070513602	242.284	-8.375	0.000
1658126348.090510097	242.820	-8.375	0.000
1658126348.120514787	243.356	-8.375	0.000
1658126348.140515939	243.893	-8.375	0.000
1658126348.160509857	244.429	-8.375	0.000
1658126348.180520297	244.965	-8.375	0.000
1658126348.190510632	245.502	-8.375	0.000
1658126348.210512161	246.038	-8.375	0.000
1658126348.240512060	246.575	-8.375	0.000
1658126348.260506489	247.112	-8.375	0.000
1658126348.280513138	247.648	-8.375	0.000
1658126348.290475484	248.185	-8.375	0.000
1658126348.310520694	248.722	-8.375	0.000
1658126348.340517018	249.258	-8.375	0.000
1658126348.360513897	249.795	-8.375	0.000
1658126348.380531138	250.332	-8.375	0.000
1658126348.400514123	250.869	-8.375	0.000
1658126348.410516386	251.406	-8.375	0.000
1658126348.430509881	251.942	-8.375	0.000
1658126348.460507569	252.479	-8.375	0.000
1658126348.480517643	253.016	-8.375	0.000
1658126348.500507710	253.553	-8.375	0.000
1658126348.510509248	254.090	-8.375	0.000
1658126348.530538728	254.627	-8.375	0.000
1658126348.560513733	255.165	-8.375	0.000
1658126348.580518453	255.702	-8.375	0.000
1658126348.600511851	256.239	-8.375	0.000
1658126348.620519684	256.776	-8.375	0.000
1658126348.630510616	257.313	-8.375	0.000
1658126348.650509291	257.850	-8.375	0.000
1658126348.680507544	258.388	-8.375	0.000
1658126348.700512067	258.925	-8.375	0.000
1658126348.720510542	259.462	-8.375	0.000
1658126348.730512281	260.000	-8.375	0.000
1658126348.750506919	260.537	-8.375	0.000
1658126348.780521550	261.075	-8.375	0.000
1658126348.800517330	261.612	-8.375	0.000
1658126348.820515855	262.150	-8.375	0.000
1658126348.840513513	262.687	-8.375	0.000
1658126348.850491425	263.225	-8.375	0.000
1658126348.870519251	263.762	-8.375	0.000
1658126348.900552279	264.300	-8.375	0.000
1658126348.920519714	264.838	-8.375	0.000
1658126348.940513881	265.375	-8.375	0.000
1658126348.950511296	265.913	-8.375	0.000
1658126348.970510727	266.451	-8.375	0.000
1658126349.000507326	266.989	-8.375	0.000
1658126349.020516882	267.526	-8.375	0.000
1658126349.040513256	268.064	-8.375	0.000
1658126349.060508874	268.602	-8.375	0.000
1658126349.070527087	269.140	-8.375	0.000
1658126349.090508514	269.678	-8.375	0.000
1658126349.120508699	270.216	-8.375	0.000
1658126349.140515108	270.754	-8.375	0.000
1658126349.160507029	271.292	-8.375	0.000
1658126349.170515250	271.830	-8.375	0.000
1658126349.190514682	272.368	-8.375	0.000
1658126349.220468324	272.906	-8.375	0.000
1658126349.240510805	273.444	-8.375	0.000
1658126349.260509451	273.982	-8.375	0.000
1658126349.280532410	274.520	-8.375	0.000
1658126349.290511573	275.058	-8.375	0.000
1658126349.310505653	275.597	-8.375	0.000
1658126349.340510661	276.135	-8.375	0.000
1658126349.360507521	276.673	-8.375	0.000
1658126349.380509050	277.212	-8.375	0.000
1658126349.390508322	277.750	-8.375	0.000
1658126349.410536152	278.288	-8.375	0.000
1658126349.440540228	278.827	-8.375	0.000
1658126349.460510023	279.365	-8.375	0.000
1658126349.480528475	279.903	-8.375	0.000
1658126349.500508616	280.442	-8.375	0.000
1658126349.510514381	280.980	-8.375	0.000
1658126349.530506342	281.519	-8.375	0.000
1658126349.560517687	282.057	-8.375	0.000
1658126349.580508681	282.596	-8.375	0.000
1658126349.600509609	283.135	-8.375	0.000
1658126349.610507324	283.673	-8.375	0.000
1658126349.630508645	284.212	-8.375	0.000
1658126349.660508437	284.751	-8.375	0.000
1658126349.680508447	285.289	-8.375	0.000
1658126349.700511001	285.828	-8.375	0.000
1658126349.720509303	286.367	-8.375	0.000
1658126349.730508225	286.905	-8.375	0.000
1658126349.750516749	287.444	-8.375	0.000
1658126349.780635444	287.983	-8.375	0.000
1658126349.800507296	288.522	-8.375	0.000
1658126349.820506577	289.061	-8.375	0.000
1658126349.830506169	289.600	-8.375	0.000
1658126349.850510202	290.139	-8.375	0.000
1658126349.880511571	290.677	-8.375	0.000
1658126349.900507707	291.216	-8.375	0.000
1658126349.920520371	291.755	-8.375	0.000
1658126349.940524428	292.294	-8.374	0.000
1658126349.950515342	292.833	-8.374	0.000
1658126349.970508840	293.372	-8.374	0.000
1658126350.000514769	293.912	-8.374	-0.000
1658126350.020506157	294.451	-8.374	-0.000
1658126350.040513732	294.990	-8.374	-0.000
1658126350.050525783	295.529	-8.374	-0.000
1658126350.070512644	296.068	-8.374	-0.000
1658126350.100506866	296.607	-8.374	-0.000
1658126350.120497568	297.146	-8.374	-0.000
1658126350.140512355	297.686	-8.374	-0.000
1658126350.160508811	298.225	-8.374	-0.000
1658126350.170512816	298.764	-8.374	-0.000
1658126350.190511892	299.303	-8.374	-0.000
1658126350.220514175	299.843	-8.374	-0.000
1658126350.240510149	300.382	-8.374	-0.000
1658126350.260506822	300.921	-8.374	-0.000
1658126350.270511402	301.461	-8.374	-0.000
1658126350.290510525	302.000	-8.374	-0.000
1658126350.320525275	302.540	-8.375	-0.000
1658126350.340508716	303.079	-8.375	-0.000
1658126350.360510482	303.619	-8.375	-0.000
1658126350.380511252	304.158	-8.375	-0.000
1658126350.390512739	304.698	-8.375	-0.000
1658126350.420512265	305.237	-8.375	-0.000
1658126350.440507913	305.777	-8.375	-0.000
1658126350.460513808	306.316	-8.375	-0.000
1658126350.480480531	306.856	-8.375	-0.000
1658126350.490528038	307.395	-8.375	-0.000
1658126350.510508515	307.935	-8.375	-0.000
1658126350.540506896	308.475	-8.375	-0.000
1658126350.560517542	309.014	-8.375	-0.000
1658126350.580508437	309.554	-8.375	-0.000
1658126350.590506285	310.094	-8.375	-0.000
1658126350.610514201	310.634	-8.375	-0.000
1658126350.640523646	311.173	-8.375	-0.000
1658126350.660507496	311.713	-8.375	-0.000
1658126350.680510158	312.253	-8.375	-0.000
1658126350.700511616	312.793	-8.375	-0.000
1658126350.710522202	313.332	-8.375	-0.000
1658126350.730521334	313.872	-8.375	-0.000
1658126350.760507345	314.412	-8.375	-0.000
1658126350.780516109	314.952	-8.375	-0.000
1658126350.800511256	315.492	-8.375	-0.000
1658126350.810514771	316.032	-8.375	-0.000
1658126350.830504894	316.572	-8.375	-0.000
1658126350.860513803	317.112	-8.375	-0.000
1658126350.880510105	317.652	-8.375	-0.000
1658126350.900507894	318.192	-8.375	-0.000
1658126350.920513043	318.732	-8.375	-0.000
1658126350.930505728	319.272	-8.375	-0.000
1658126350.950509353	319.812	-8.375	-0.000
1658126350.980517007	320.352	-8.375	-0.000
1658126351.000512015	320.892	-8.375	-0.000
1658126351.020508627	321.432	-8.375	-0.000
1658126351.030512253	321.972	-8.375	-0.000
1658126351.050504487	322.512	-8.375	-0.000
1658126351.080509780	323.052	-8.375	-0.000
1658126351.100508485	323.593	-8.375	-0.000
1658126351.120508798	324.133	-8.375	-0.000
1658126351.140502406	324.673	-8.375	-0.000
1658126351.150510553	325.213	-8.375	-0.000
1658126351.170515022	325.753	-8.375	-0.000
1658126351.200506564	326.294	-8.375	-0.000
1658126351.220514362	326.834	-8.375	-0.000
1658126351.240508483	327.374	-8.375	-0.000
1658126351.250513073	327.915	-8.375	-0.000
1658126351.270526970	328.455	-8.375	-0.000
1658126351.300506475	328.995	-8.375	-0.000
1658126351.320497585	329.536	-8.375	-0.000
1658126351.340507979	330.076	-8.375	-0.000
1658126351.350516492	330.616	-8.375	-0.000
1658126351.370518852	331.157	-8.375	-0.000
1658126351.400508081	331.697	-8.375	-0.000
1658126351.420514564	332.238	-8.375	-0.000
1658126351.440513242	332.778	-8.375	-0.000
1658126351.460600625	333.319	-8.375	-0.000
1658126351.470485287	333.859	-8.375	-0.000
1658126351.490506183	334.400	-8.375	-0.000
1658126351.520511987	334.940	-8.375	-0.000
1658126351.540515491	335.481	-8.375	-0.000
1658126351.560506466	336.021	-8.375	-0.000
1658126351.570514846	336.562	-8.375	-0.000
1658126351.590509552	337.102	-8.375	-0.000
1658126351.620523735	337.643	-8.375	-0.000
1658126351.640513326	338.183	-8.375	-0.000
1658126351.660512688	338.724	-8.375	-0.000
1658126351.670498404	339.265	-8.375	-0.000
1658126351.690515834	339.805	-8.375	-0.000
1658126351.720512024	340.346	-8.375	-0.000
1658126351.740509539	340.887	-8.375	-0.000
1658126351.760508491	341.427	-8.375	-0.000
1658126351.780507826	341.968	-8.375	-0.000
1658126351.790510762	342.509	-8.375	-0.000
1658126351.810507314	343.050	-8.375	-0.000
1658126351.840508429	343.590	-8.375	-0.000
1658126351.860510637	344.131	-8.375	-0.000
1658126351.880508145	344.672	-8.375	-0.000
1658126351.890516899	345.213	-8.375	-0.000
1658126351.910507563	345.754	-8.375	-0.000
1658126351.940511303	346.294	-8.375	-0.000
1658126351.960519930	346.835	-8.375	-0.000
1658126351.980523751	347.376	-8.375	-0.000
1658126351.990545667	347.917	-8.375	-0.000
1658126352.010509560	348.458	-8.375	-0.000
1658126352.040508142	348.999	-8.375	-0.000
1658126352.060515702	349.540	-8.375	-0.000
1658126352.080506810	350.081	-8.375	-0.000
1658126352.100509547	350.621	-8.375	-0.000
1658126352.110507250	351.162	-8.375	-0.000
1658126352.130514916	351.703	-8.375	-0.000
1658126352.160528484	352.244	-8.375	-0.000
1658126352.180513939	352.785	-8.375	-0.000
1658126352.200467022	353.326	-8.375	-0.000
1658126352.210507199	353.867	-8.375	-0.000
1658126352.230518329	354.408	-8.375	-0.000
1658126352.260507650	354.949	-8.375	-0.000
1658126352.280530032	355.490	-8.375	-0.000
1658126352.300509291	356.032	-8.375	-0.000
1658126352.320510068	356.573	-8.375	-0.000
1658126352.330512082	357.114	-8.375	-0.000
1658126352.350510255	357.655	-8.375	-0.000
1658126352.380486094	358.196	-8.375	-0.000
1658126352.400514662	358.737	-8.375	-0.000
1658126352.420506657	359.278	-8.375	-0.000
1658126352.430507736	359.819	-8.375	-0.000
1658126352.450504270	360.361	-8.375	-0.000
1658126352.480512843	360.902	-8.375	-0.000
1658126352.500515429	361.443	-8.375	-0.000
1658126352.520511986	361.984	-8.375	-0.000
1658126352.540499656	362.525	-8.375	-0.000
1658126352.550509287	363.067	-8.375	-0.000
1658126352.570505830	363.608	-8.375	-0.000
1658126352.600513930	364.149	-8.375	-0.000
1658126352.620513153	364.690	-8.375	-0.000
1658126352.640519653	365.232	-8.375	-0.000
1658126352.650523350	365.773	-8.375	-0.000
1658126352.670519808	366.314	-8.375	-0.000
1658126352.700508033	366.856	-8.375	-0.000
1658126352.720511374	367.397	-8.375	-0.000
1658126352.740519886	367.938	-8.375	-0.000
1658126352.760513499	368.480	-8.375	-0.000
1658126352.770507613	369.021	-8.375	-0.000
1658126352.790508803	369.562	-8.375	-0.000
1658126352.820510517	370.104	-8.375	-0.000
1658126352.840509067	370.645	-8.375	-0.000
1658126352.860496855	371.186	-8.375	-0.000
1658126352.870515339	371.728	-8.375	-0.000
1658126352.890512726	372.269	-8.375	-0.000
1658126352.920517637	372.811	-8.375	-0.000
1658126352.940509011	373.352	-8.375	-0.000
1658126352.960514333	373.894	-8.375	-0.000
1658126352.980515143	374.435	-8.375	-0.000
1658126352.990511065	374.977	-8.375	-0.000
1658126353.010511506	375.518	-8.375	-0.000
1658126353.040512324	376.060	-8.375	-0.000
1658126353.060514620	376.601	-8.375	-0.000
1658126353.080512285	377.143	-8.375	-0.000
1658126353.090515277	377.684	-8.375	-0.000
1658126353.110517137	378.226	-8.375	-0.000
1658126353.140512138	378.767	-8.375	-0.000
1658126353.160507262	379.309	-8.375	-0.000
1658126353.180515913	379.850	-8.375	-0.000
1658126353.200506060	380.392	-8.375	-0.000
1658126353.210510709	380.934	-8.375	-0.000
1658126353.230506854	381.475	-8.375	-0.000
1658126353.260510124	382.017	-8.375	-0.000
1658126353.280517162	382.558	-8.375	-0.000
1658126353.300469961	383.100	-8.375	-0.000
1658126353.310511403	383.642	-8.375	-0.000
1658126353.330507044	384.183	-8.375	-0.000
1658126353.360509720	384.725	-8.375	-0.000
1658126353.380512922	385.267	-8.375	-0.000
1658126353.400510220	385.808	-8.375	-0.000
1658126353.420510382	386.350	-8.375	-0.000
1658126353.430514454	386.892	-8.375	-0.000
1658126353.450544294	387.433	-8.375	-0.000
1658126353.480501286	387.975	-8.375	-0.000
1658126353.500507470	388.517	-8.375	-0.000
1658126353.520527326	389.059	-8.375	-0.000
1658126353.530509297	389.600	-8.375	-0.000
1658126353.550508494	390.142	-8.375	-0.000
1658126353.580509941	390.684	-8.375	-0.000
1658126353.600518032	391.226	-8.375	-0.000
1658126353.620490758	391.768	-8.375	-0.000
1658126353.640508643	392.309	-8.375	-0.000
1658126353.650512421	392.851	-8.375	-0.000
1658126353.670506546	393.393	-8.375	-0.000
1658126353.700507467	393.935	-8.375	-0.000
1658126353.720517811	394.477	-8.375	-0.000
1658126353.740504042	395.018	-8.375	-0.000
1658126353.750518853	395.560	-8.375	-0.000
1658126353.770505393	396.102	-8.375	-0.000
1658126353.800507266	396.644	-8.375	-0.000
1658126353.820540823	397.186	-8.375	-0.000
1658126353.840506813	397.728	-8.375	-0.000
1658126353.860516585	398.270	-8.375	-0.000
1658126353.870480440	398.812	-8.375	-0.000
1658126353.890515205	399.354	-8.375	-0.000
1658126353.920539077	399.895	-8.375	-0.000
1658126353.940508106	400.437	-8.375	-0.000
1658126353.960513420	400.979	-8.375	-0.000
1658126353.970509818	401.521	-8.375	-0.000
1658126353.990511212	402.063	-8.375	-0.000
1658126354.020505891	402.605	-8.375	-0.000
1658126354.040509784	403.147	-8.375	-0.000
1658126354.060573514	403.689	-8.375	-0.000
1658126354.070526196	404.231	-8.375	-0.000
1658126354.090507940	404.773	-8.375	-0.000
1658126354.120526438	405.315	-8.375	-0.000
1658126354.140518655	405.857	-8.375	-0.000
1658126354.160507364	406.399	-8.375	-0.000
1658126354.180505435	406.941	-8.375	-0.000
1658126354.190506759	407.483	-8.375	-0.000
1658126354.210507192	408.025	-8.375	-0.000
1658126354.240509819	408.567	-8.375	-0.000
1658126354.260514971	409.109	-8.375	-0.000
1658126354.280512773	409.651	-8.375	-0.000
1658126354.290494436	410.193	-8.375	-0.000
1658126354.310516498	410.736	-8.375	-0.000
1658126354.340514688	411.278	-8.375	-0.000
1658126354.360520777	411.820	-8.375	-0.000
1658126354.380512550	412.362	-8.375	-0.000
1658126354.400514597	412.904	-8.375	-0.000
1658126354.410488140	413.446	-8.375	-0.000
1658126354.430512993	413.988	-8.375	-0.000
1658126354.460492043	414.530	-8.375	-0.000
1658126354.480513506	415.073	-8.375	-0.000
1658126354.500515879	415.615	-8.375	-0.000
1658126354.510507656	416.157	-8.375	-0.000
1658126354.530520255	416.699	-8.375	-0.000
1658126354.560517733	417.241	-8.375	-0.000
1658126354.580513155	417.783	-8.375	-0.000
1658126354.600527883	418.326	-8.375	-0.000
1658126354.620524782	418.868	-8.375	-0.000
1658126354.630507908	419.410	-8.375	-0.000
1658126354.650510357	419.952	-8.375	-0.000
1658126354.680512218	420.494	-8.375	-0.000
1658126354.700506988	421.037	-8.375	-0.000
1658126354.720475699	421.579	-8.375	-0.000
1658126354.730520906	422.121	-8.375	-0.000
1658126354.750508702	422.663	-8.375	-0.000
1658126354.780519633	423.205	-8.375	-0.000
1658126354.800509020	423.748	-8.375	-0.000
1658126354.820493560	424.290	-8.375	-0.000
1658126354.840481673	424.832	-8.375	-0.000
1658126354.850519088	425.375	-8.375	-0.000
1658126354.870534209	425.917	-8.375	-0.000
1658126354.900510384	426.459	-8.375	-0.000
1658126354.920515741	427.001	-8.375	-0.000
1658126354.940478405	427.544	-8.375	-0.000
1658126354.950508745	428.086	-8.375	-0.000
1658126354.970510467	428.628	-8.375	-0.000
1658126355.000508585	429.171	-8.375	-0.000
1658126355.020519549	429.713	-8.375	-0.000
1658126355.040512905	430.255	-8.375	-0.000
1658126355.060512524	430.798	-8.375	-0.000
1658126355.070535717	431.340	-8.375	-0.000
1658126355.090510703	431.882	-8.375	0.000
1658126355.120508287	432.425	-8.375	0.000
1658126355.140509917	432.967	-8.375	0.000
1658126355.160485594	433.509	-8.375	0.000
1658126355.170522621	434.052	-8.375	0.000
1658126355.190506752	434.594	-8.375	0.000
1658126355.220509441	435.137	-8.375	0.000
1658126355.240506748	435.679	-8.375	0.000
1658126355.260509958	436.221	-8.375	0.000
1658126355.280513435	436.764	-8.375	0.000
1658126355.290510701	437.306	-8.375	0.000
1658126355.310507471	437.849	-8.375	0.000
1658126355.340507843	438.391	-8.375	0.000
1658126355.360509528	438.934	-8.375	0.000
1658126355.380509050	439.476	-8.375	0.000
1658126355.390511546	440.018	-8.375	0.000
1658126355.410507163	440.561	-8.375	0.000
1658126355.440508837	441.103	-8.375	0.000
1658126355.460510856	441.646	-8.375	0.000
1658126355.480512278	442.188	-8.375	0.000
1658126355.500512927	442.731	-8.375	0.000
1658126355.510511314	443.273	-8.375	0.000
1658126355.530516745	443.816	-8.375	0.000
1658126355.560519691	444.358	-8.375	0.000
1658126355.580511178	444.901	-8.375	0.000
1658126355.600509091	445.443	-8.375	0.000
1658126355.610515079	445.986	-8.375	0.000
1658126355.630507602	446.528	-8.375	0.000
1658126355.660509393	447.071	-8.375	0.000
1658126355.680508794	447.613	-8.375	0.000
1658126355.700509422	448.156	-8.375	0.000
1658126355.720506305	448.698	-8.375	0.000
1658126355.730510239	449.241	-8.375	0.000
1658126355.760510084	449.783	-8.375	0.000
1658126355.780509507	450.326	-8.375	0.000
1658126355.800518169	450.869	-8.375	0.000
1658126355.820507622	451.411	-8.375	0.000
1658126355.830512521	451.954	-8.375	0.000
1658126355.850505153	452.496	-8.375	0.000
1658126355.880515842	453.039	-8.375	0.000
1658126355.900510747	453.581	-8.375	0.000
1658126355.920506010	454.124	-8.375	0.000
1658126355.930507153	454.667	-8.375	0.000
1658126355.950507184	455.209	-8.375	0.000
1658126355.980512323	455.752	-8.375	0.000
1658126356.000512815	456.294	-8.375	0.000
1658126356.020535303	456.837	-8.375	0.000
1658126356.040507063	457.380	-8.375	0.000
1658126356.050511802	457.922	-8.375	0.000
1658126356.070538298	458.465	-8.375	0.000
1658126356.100518958	459.008	-8.375	0.000
1658126356.120511790	459.550	-8.375	0.000
1658126356.140527207	460.093	-8.375	0.000
1658126356.150510015	460.635	-8.375	0.000
1658126356.170518967	461.178	-8.375	0.000
1658126356.200520213	461.721	-8.375	0.000
1658126356.220510379	462.263	-8.375	0.000
1658126356.240508165	462.806	-8.375	0.000
1658126356.250509590	463.349	-8.375	0.000
1658126356.270523055	463.891	-8.375	0.000
1658126356.300530890	464.434	-8.375	0.000
1658126356.320509915	464.977	-8.375	0.000
1658126356.340518570	465.519	-8.375	0.000
1658126356.360509683	466.062	-8.375	0.000
1658126356.370521261	466.605	-8.375	0.000
1658126356.400508878	467.148	-8.375	0.000
1658126356.420500313	467.690	-8.375	0.000
1658126356.440519875	468.233	-8.375	0.000
1658126356.460514024	468.776	-8.375	0.000
1658126356.470510160	469.318	-8.375	0.000
1658126356.490504891	469.861	-8.375	0.000
1658126356.520512939	470.404	-8.375	0.000
1658126356.540510250	470.947	-8.375	0.000
1658126356.560513961	471.489	-8.375	0.000
1658126356.570561941	472.032	-8.375	0.000
1658126356.590508527	472.575	-8.375	0.000
1658126356.620508968	473.118	-8.375	0.000
1658126356.640506320	473.660	-8.375	0.000
1658126356.660507550	474.203	-8.375	0.000
1658126356.680514603	474.746	-8.375	0.000
1658126356.690515541	475.289	-8.375	0.000
1658126356.710506266	475.831	-8.375	0.000
1658126356.740508548	476.374	-8.375	0.000
1658126356.760511324	476.917	-8.375	0.000
1658126356.780510534	477.460	-8.375	0.000
1658126356.790514708	478.003	-8.375	0.000
1658126356.810520036	478.545	-8.375	0.000
1658126356.840505442	479.088	-8.375	0.000
1658126356.860522139	479.631	-8.375	0.000
1658126356.880507660	480.174	-8.375	0.000
1658126356.900507242	480.717	-8.375	0.000
1658126356.910506422	481.259	-8.375	0.000
1658126356.930507176	481.802	-8.375	0.000
1658126356.960519651	482.345	-8.375	0.000
1658126356.980512600	482.888	-8.375	0.000
1658126357.000508393	483.431	-8.375	0.000
1658126357.010513848	483.974	-8.375	0.000
1658126357.030507058	484.516	-8.375	0.000
1658126357.060525595	485.059	-8.375	0.000
1658126357.080513666	485.602	-8.375	0.000
1658126357.100512509	486.145	-8.375	0.000
1658126357.120523671	486.688	-8.375	0.000
1658126357.130517166	487.231	-8.375	0.000
1658126357.150506111	487.773	-8.375	0.000
1658126357.180508896	488.316	-8.375	0.000
1658126357.200511004	488.859	-8.375	0.000
1658126357.220510560	489.402	-8.375	0.000
1658126357.230514327	489.945	-8.375	0.000
1658126357.250506107	490.488	-8.375	0.000
1658126357.280508363	491.031	-8.375	0.000
1658126357.300517627	491.574	-8.375	0.000
1658126357.320509710	492.117	-8.375	0.000
1658126357.330515555	492.659	-8.375	0.000
1658126357.350506456	493.202	-8.375	0.000
1658126357.380515153	493.745	-8.375	0.000
1658126357.400507672	494.288	-8.375	0.000
1658126357.420515006	494.831	-8.375	0.000
1658126357.440511926	495.374	-8.375	0.000
1658126357.450506081	495.917	-8.375	0.000
1658126357.470516081	496.460	-8.375	0.000
1658126357.500518081	497.003	-8.375	0.000
1658126357.520518450	497.546	-8.375	0.000
1658126357.540512412	498.089	-8.375	0.000
1658126357.550522020	498.631	-8.375	0.000
1658126357.570577262	499.174	-8.375	0.000
1658126357.600509595	499.717	-8.375	0.000
1658126357.620525006	500.260	-8.375	0.000
1658126357.640538085	500.803	-8.375	0.000
1658126357.660511828	501.346	-8.375	0.000
1658126357.670512554	501.889	-8.375	0.000
1658126357.690514846	502.432	-8.375	0.000
1658126357.720516404	502.975	-8.375	0.000
1658126357.740508484	503.518	-8.375	0.000
1658126357.760508383	504.061	-8.375	0.000
1658126357.770509813	504.604	-8.375	0.000
1658126357.790506952	505.147	-8.375	0.000
1658126357.820534204	505.690	-8.375	0.000
1658126357.840509175	506.233	-8.375	0.000
1658126357.860508270	506.776	-8.375	0.000
1658126357.880509392	507.319	-8.375	0.000
1658126357.890517454	507.862	-8.375	0.000
1658126357.910509721	508.405	-8.375	0.000
1658126357.940509331	508.948	-8.375	0.000
1658126357.960511903	509.491	-8.375	0.000
1658126357.980513748	510.034	-8.375	0.000
1658126357.990514475	510.577	-8.375	0.000
1658126358.010508815	511.120	-8.375	0.000
1658126358.040510918	511.663	-8.375	0.000
1658126358.060539300	512.206	-8.375	0.000
1658126358.080507169	512.749	-8.375	0.000
1658126358.100522205	513.292	-8.375	0.000
1658126358.110512022	513.835	-8.375	0.000
1658126358.130506937	514.378	-8.375	0.000
1658126358.160481959	514.921	-8.375	0.000
1658126358.180507612	515.464	-8.375	0.000
1658126358.200509859	516.007	-8.375	0.000
1658126358.210459694	516.550	-8.375	0.000
1658126358.230515429	517.093	-8.375	0.000
1658126358.260548256	517.636	-8.375	0.000
1658126358.280508023	518.179	-8.375	0.000
1658126358.300510130	518.722	-8.375	0.000
1658126358.310518875	519.265	-8.375	0.000
1658126358.330513111	519.808	-8.375	0.000
1658126358.360510292	520.351	-8.375	0.000
1658126358.380508913	520.894	-8.375	0.000
1658126358.400513691	521.437	-8.375	0.000
1658126358.410509543	521.981	-8.375	0.000
1658126358.430512275	522.524	-8.375	0.000
1658126358.460548185	523.067	-8.375	0.000
1658126358.480507544	523.610	-8.375	0.000
1658126358.500517934	524.153	-8.375	0.000
1658126358.520513482	524.696	-8.375	0.000
1658126358.530507621	525.239	-8.375	0.000
1658126358.550512762	525.782	-8.375	0.000
1658126358.580521362	526.325	-8.375	0.000
1658126358.600513330	526.868	-8.375	0.000
1658126358.620533063	527.411	-8.375	0.000
1658126358.630519681	527.954	-8.375	0.000
1658126358.650512096	528.498	-8.375	0.000
1658126358.680517358	529.041	-8.375	0.000
1658126358.700509834	529.584	-8.375	0.000
1658126358.720507589	530.127	-8.375	0.000
1658126358.730517912	530.670	-8.375	0.000
1658126358.750506468	531.213	-8.375	0.000
1658126358.780510851	531.756	-8.375	0.000
1658126358.800544419	532.299	-8.375	0.000
1658126358.820512396	532.842	-8.375	0.000
1658126358.840510243	533.385	-8.375	0.000
1658126358.850559293	533.929	-8.375	0.000
1658126358.870505907	534.472	-8.375	0.000
1658126358.900514734	535.015	-8.375	0.000
1658126358.920508313	535.558	-8.375	0.000
1658126358.940537163	536.101	-8.375	0.000
1658126358.950518922	536.644	-8.375	0.000
1658126358.970510802	537.187	-8.375	0.000
1658126359.000516398	537.730	-8.375	0.000
1658126359.020537662	538.274	-8.375	0.000
1658126359.040511375	538.817	-8.375	0.000
1658126359.060527381	539.360	-8.375	0.000
1658126359.070513188	539.903	-8.375	0.000
1658126359.090516911	540.446	-8.375	0.000
1658126359.120509292	540.989	-8.375	0.000
1658126359.140481823	541.533	-8.375	0.000
1658126359.160517852	542.076	-8.375	0.000
1658126359.170517610	542.619	-8.375	0.000
