1657719486.523749670	-2798.671	-8.375	-0.000
1657719486.543713460	-2798.338	-8.375	-0.000
1657719486.563707035	-2798.004	-8.375	-0.000
1657719486.573703435	-2797.671	-8.375	-0.000
1657719486.593709455	-2797.338	-8.375	-0.000
1657719486.623728389	-2797.006	-8.375	-0.000
1657719486.643740900	-2796.673	-8.375	-0.000
1657719486.663713148	-2796.341	-8.375	-0.000
1657719486.673712693	-2796.009	-8.375	-0.000
1657719486.703714891	-2795.677	-8.375	-0.000
1657719486.723714199	-2795.345	-8.375	-0.000
1657719486.743780852	-2795.014	-8.375	-0.000
1657719486.763716212	-2794.683	-8.375	-0.000
1657719486.773715356	-2794.352	-8.375	-0.000
1657719486.793741990	-2794.021	-8.375	-0.000
1657719486.823718668	-2793.690	-8.375	-0.000
1657719486.843733596	-2793.359	-8.375	-0.000
1657719486.863714685	-2793.029	-8.375	-0.000
1657719486.873748667	-2792.698	-8.375	-0.000
1657719486.893739954	-2792.367	-8.375	-0.000
1657719486.923721669	-2792.036	-8.375	-0.000
1657719486.943714109	-2791.706	-8.375	-0.000
1657719486.963714988	-2791.375	-8.375	-0.000
1657719486.973714362	-2791.044	-8.375	-0.000
1657719486.993749608	-2790.713	-8.375	-0.000
1657719487.023722401	-2790.382	-8.375	-0.000
1657719487.043720859	-2790.051	-8.375	-0.000
1657719487.063725790	-2789.721	-8.375	-0.000
1657719487.073713867	-2789.390	-8.375	-0.000
1657719487.093718994	-2789.059	-8.375	-0.000
1657719487.123718621	-2788.728	-8.375	-0.000
1657719487.143722351	-2788.398	-8.375	-0.000
1657719487.163718980	-2788.068	-8.375	-0.000
1657719487.183721302	-2787.738	-8.375	-0.000
1657719487.193823377	-2787.408	-8.375	-0.000
1657719487.213712697	-2787.079	-8.375	-0.000
1657719487.243729087	-2786.750	-8.375	-0.000
1657719487.263727676	-2786.421	-8.375	-0.000
1657719487.283712404	-2786.092	-8.375	-0.000
1657719487.293716618	-2785.764	-8.375	-0.000
1657719487.313710362	-2785.435	-8.375	-0.000
1657719487.343664574	-2785.107	-8.375	-0.000
1657719487.363712701	-2784.780	-8.375	-0.000
1657719487.383741314	-2784.452	-8.375	-0.000
1657719487.393708811	-2784.124	-8.375	-0.000
1657719487.413714034	-2783.795	-8.375	-0.000
1657719487.443791635	-2783.467	-8.375	-0.000
1657719487.463715169	-2783.139	-8.375	-0.000
1657719487.483716460	-2782.811	-8.376	-0.000
1657719487.493710436	-2782.483	-8.376	-0.000
1657719487.513715277	-2782.155	-8.376	-0.000
1657719487.543712482	-2781.827	-8.376	-0.000
1657719487.563712823	-2781.498	-8.376	-0.000
1657719487.583731832	-2781.170	-8.376	-0.000
1657719487.603727347	-2780.842	-8.376	-0.000
1657719487.613721282	-2780.513	-8.376	-0.000
1657719487.633714266	-2780.185	-8.376	-0.000
1657719487.663720167	-2779.857	-8.376	-0.000
1657719487.683711264	-2779.529	-8.376	-0.000
1657719487.703708576	-2779.201	-8.376	-0.000
1657719487.713709596	-2778.873	-8.376	-0.000
1657719487.733717664	-2778.546	-8.376	-0.000
1657719487.763751204	-2778.219	-8.376	-0.000
1657719487.783801116	-2777.892	-8.376	-0.000
1657719487.803715553	-2777.565	-8.376	-0.000
1657719487.813716913	-2777.239	-8.376	-0.000
1657719487.833691333	-2776.913	-8.376	-0.000
1657719487.863710711	-2776.587	-8.376	-0.000
1657719487.883734142	-2776.261	-8.376	-0.000
1657719487.903720296	-2775.935	-8.376	-0.000
1657719487.923718637	-2775.610	-8.376	-0.000
1657719487.933717324	-2775.285	-8.376	-0.000
1657719487.953711631	-2774.960	-8.376	-0.000
1657719487.983719239	-2774.635	-8.376	-0.000
1657719488.003725436	-2774.310	-8.376	-0.000
1657719488.023798260	-2773.985	-8.376	-0.000
1657719488.033717824	-2773.660	-8.376	-0.000
1657719488.053712762	-2773.335	-8.376	-0.000
1657719488.083739342	-2773.009	-8.376	-0.000
1657719488.103719673	-2772.684	-8.376	-0.000
1657719488.123725928	-2772.359	-8.376	-0.000
1657719488.133716316	-2772.033	-8.376	-0.000
1657719488.153713991	-2771.708	-8.376	-0.000
1657719488.183715877	-2771.382	-8.376	-0.000
1657719488.203719850	-2771.057	-8.376	-0.000
1657719488.213712543	-2770.731	-8.376	-0.000
1657719488.233713733	-2770.406	-8.376	-0.000
1657719488.263751195	-2770.080	-8.376	-0.000
1657719488.283670148	-2769.755	-8.376	-0.000
1657719488.303714001	-2769.429	-8.376	-0.000
1657719488.323729880	-2769.104	-8.376	-0.000
1657719488.333777026	-2768.780	-8.376	-0.000
1657719488.363716012	-2768.455	-8.376	-0.000
1657719488.383732422	-2768.131	-8.376	-0.000
1657719488.403717724	-2767.807	-8.376	-0.000
1657719488.413711226	-2767.483	-8.376	-0.000
1657719488.433717459	-2767.159	-8.376	-0.000
1657719488.463719045	-2766.836	-8.376	-0.000
1657719488.483711508	-2766.512	-8.376	-0.000
1657719488.503732233	-2766.189	-8.376	-0.000
1657719488.513999736	-2765.866	-8.376	-0.000
1657719488.533735056	-2765.544	-8.376	-0.000
1657719488.563740910	-2765.221	-8.376	-0.000
1657719488.583964980	-2764.899	-8.376	-0.000
1657719488.603711480	-2764.577	-8.376	-0.000
1657719488.623716922	-2764.256	-8.376	-0.000
1657719488.633716156	-2763.934	-8.376	-0.000
1657719488.663719978	-2763.614	-8.376	-0.000
1657719488.683720961	-2763.293	-8.376	-0.000
1657719488.703719627	-2762.973	-8.376	-0.000
1657719488.713725058	-2762.653	-8.376	-0.000
1657719488.733715499	-2762.334	-8.376	-0.000
1657719488.763714758	-2762.015	-8.376	-0.000
1657719488.783677674	-2761.696	-8.376	-0.000
1657719488.803710364	-2761.378	-8.376	-0.000
1657719488.823727356	-2761.060	-8.376	-0.000
1657719488.833731015	-2760.743	-8.376	-0.000
1657719488.853716297	-2760.426	-8.376	-0.000
1657719488.883729303	-2760.109	-8.376	-0.000
1657719488.903716211	-2759.793	-8.376	-0.000
1657719488.923715954	-2759.477	-8.376	-0.000
1657719488.934188060	-2759.161	-8.376	-0.000
1657719488.953715174	-2758.846	-8.376	-0.000
1657719488.983708095	-2758.531	-8.376	-0.000
1657719489.003740789	-2758.217	-8.376	-0.000
1657719489.023713813	-2757.903	-8.376	-0.000
1657719489.033776692	-2757.589	-8.376	-0.000
1657719489.063722865	-2757.276	-8.376	-0.000
1657719489.083724551	-2756.964	-8.376	-0.000
1657719489.103742816	-2756.651	-8.376	-0.000
1657719489.123713349	-2756.339	-8.376	-0.000
1657719489.133716240	-2756.028	-8.376	-0.000
1657719489.153715435	-2755.716	-8.376	-0.000
1657719489.183718114	-2755.406	-8.376	-0.000
1657719489.203721794	-2755.095	-8.376	-0.000
1657719489.223718733	-2754.785	-8.376	-0.000
1657719489.243728545	-2754.476	-8.376	-0.000
1657719489.253711168	-2754.167	-8.376	-0.000
1657719489.273755565	-2753.858	-8.376	-0.000
1657719489.303714270	-2753.550	-8.376	-0.000
1657719489.323742696	-2753.241	-8.376	-0.000
1657719489.343718753	-2752.934	-8.376	-0.000
1657719489.353713713	-2752.626	-8.376	-0.000
1657719489.373722337	-2752.319	-8.376	-0.000
1657719489.403728982	-2752.013	-8.376	-0.000
1657719489.423717361	-2751.706	-8.376	-0.000
1657719489.443712147	-2751.400	-8.376	-0.000
1657719489.463715803	-2751.095	-8.376	-0.000
1657719489.473714025	-2750.789	-8.376	-0.000
1657719489.493713607	-2750.484	-8.376	-0.000
1657719489.523729006	-2750.180	-8.376	-0.000
1657719489.543712449	-2749.876	-8.376	0.000
1657719489.563777930	-2749.572	-8.376	0.000
1657719489.573792982	-2749.268	-8.376	0.000
1657719489.593715998	-2748.965	-8.376	0.000
1657719489.623758828	-2748.662	-8.376	0.000
1657719489.643712069	-2748.359	-8.376	0.000
1657719489.663719408	-2748.057	-8.376	0.000
1657719489.683717246	-2747.755	-8.376	0.000
1657719489.693712419	-2747.453	-8.376	0.000
1657719489.723714184	-2747.152	-8.376	0.000
1657719489.743800414	-2746.850	-8.376	0.000
1657719489.763747747	-2746.550	-8.376	0.000
1657719489.783736874	-2746.249	-8.376	0.000
1657719489.793711608	-2745.949	-8.376	0.000
1657719489.813711597	-2745.649	-8.376	0.000
1657719489.843711808	-2745.349	-8.376	0.000
1657719489.863748941	-2745.050	-8.376	0.000
1657719489.883730229	-2744.751	-8.376	0.000
1657719489.893707808	-2744.452	-8.376	0.000
1657719489.913709185	-2744.154	-8.376	0.000
1657719489.943714866	-2743.856	-8.376	0.000
1657719489.963720689	-2743.558	-8.376	0.000
1657719489.983719506	-2743.260	-8.376	0.000
1657719490.003720719	-2742.963	-8.376	0.000
1657719490.013746910	-2742.665	-8.376	0.000
1657719490.033961477	-2742.369	-8.376	0.000
1657719490.063742910	-2742.072	-8.376	0.000
1657719490.083713648	-2741.776	-8.376	0.000
1657719490.103712954	-2741.480	-8.376	0.000
1657719490.113717353	-2741.184	-8.376	0.000
1657719490.143723958	-2740.888	-8.376	0.000
1657719490.163693249	-2740.593	-8.376	0.000
1657719490.183721565	-2740.298	-8.376	0.000
1657719490.203717337	-2740.003	-8.376	0.000
1657719490.213739927	-2739.709	-8.376	0.000
1657719490.243718798	-2739.414	-8.376	0.000
1657719490.263724226	-2739.120	-8.376	0.000
1657719490.283712943	-2738.827	-8.376	0.000
1657719490.293715497	-2738.534	-8.376	0.000
1657719490.313792906	-2738.241	-8.376	0.000
1657719490.343715522	-2737.949	-8.376	0.000
1657719490.363728095	-2737.657	-8.376	0.000
1657719490.383735061	-2737.365	-8.376	0.000
1657719490.393717002	-2737.074	-8.376	0.000
1657719490.413703739	-2736.784	-8.376	0.000
1657719490.443713338	-2736.493	-8.376	0.000
1657719490.463712525	-2736.203	-8.376	0.000
1657719490.483721124	-2735.914	-8.376	0.000
1657719490.503715631	-2735.625	-8.376	0.000
1657719490.513763537	-2735.336	-8.376	0.000
1657719490.533710183	-2735.048	-8.376	0.000
1657719490.563723707	-2734.760	-8.376	0.000
1657719490.583766019	-2734.472	-8.376	0.000
1657719490.603709828	-2734.185	-8.376	0.000
1657719490.613713208	-2733.898	-8.376	0.000
1657719490.633717590	-2733.612	-8.376	0.000
1657719490.663763034	-2733.326	-8.376	0.000
1657719490.683774306	-2733.040	-8.376	0.000
1657719490.703728473	-2732.755	-8.376	0.000
1657719490.713716148	-2732.470	-8.376	0.000
1657719490.733668751	-2732.185	-8.376	0.000
1657719490.763747769	-2731.900	-8.376	0.000
1657719490.783721874	-2731.616	-8.376	0.000
1657719490.803714268	-2731.333	-8.376	0.000
1657719490.823715308	-2731.050	-8.376	0.000
1657719490.833709538	-2730.767	-8.376	0.000
1657719490.853708862	-2730.484	-8.376	0.000
1657719490.883712109	-2730.202	-8.376	0.000
1657719490.903725941	-2729.920	-8.376	0.000
1657719490.923712777	-2729.638	-8.376	0.000
1657719490.933712614	-2729.357	-8.376	0.000
1657719490.953711733	-2729.076	-8.376	0.000
1657719490.983716870	-2728.795	-8.376	0.000
1657719491.003724665	-2728.515	-8.376	0.000
1657719491.023755885	-2728.235	-8.376	0.000
1657719491.033712219	-2727.955	-8.376	0.000
1657719491.053674726	-2727.676	-8.376	0.000
1657719491.083725469	-2727.396	-8.376	0.000
1657719491.103792017	-2727.118	-8.376	0.000
1657719491.123717897	-2726.839	-8.376	0.000
1657719491.143725818	-2726.561	-8.376	0.000
1657719491.153709253	-2726.283	-8.376	0.000
1657719491.183734848	-2726.005	-8.376	0.000
1657719491.203720340	-2725.728	-8.376	0.000
1657719491.223713328	-2725.451	-8.376	0.000
1657719491.243760343	-2725.174	-8.376	0.000
1657719491.253707338	-2724.898	-8.376	0.000
1657719491.283672498	-2724.622	-8.376	0.000
1657719491.303715847	-2724.346	-8.376	0.000
1657719491.323715766	-2724.071	-8.376	0.000
1657719491.343715823	-2723.796	-8.376	0.000
1657719491.353711814	-2723.521	-8.376	0.000
1657719491.373723026	-2723.246	-8.376	0.000
1657719491.403711739	-2722.972	-8.376	0.000
1657719491.423715792	-2722.698	-8.376	0.000
1657719491.443688817	-2722.425	-8.376	0.000
1657719491.453717304	-2722.152	-8.376	0.000
1657719491.473737362	-2721.879	-8.376	0.000
1657719491.503719284	-2721.606	-8.376	0.000
1657719491.523713077	-2721.334	-8.376	0.000
1657719491.543721501	-2721.062	-8.376	0.000
1657719491.553729170	-2720.791	-8.376	0.000
1657719491.573700642	-2720.520	-8.376	0.000
1657719491.603711168	-2720.249	-8.376	0.000
1657719491.623719584	-2719.978	-8.376	0.000
1657719491.643716065	-2719.708	-8.376	0.000
1657719491.663719917	-2719.437	-8.376	0.000
1657719491.673716248	-2719.168	-8.376	0.000
1657719491.693737427	-2718.898	-8.376	0.000
1657719491.723714408	-2718.629	-8.376	0.000
1657719491.743710117	-2718.360	-8.376	0.000
1657719491.763717032	-2718.091	-8.376	0.000
1657719491.773726845	-2717.822	-8.376	0.000
1657719491.793718033	-2717.554	-8.376	0.000
1657719491.823709100	-2717.286	-8.376	0.000
1657719491.843733163	-2717.018	-8.376	0.000
1657719491.863714474	-2716.751	-8.376	0.000
1657719491.883713847	-2716.484	-8.376	0.000
1657719491.893713597	-2716.217	-8.376	0.000
1657719491.913815706	-2715.950	-8.376	0.000
1657719491.943709238	-2715.684	-8.376	0.000
1657719491.963712261	-2715.418	-8.376	0.000
1657719491.983713993	-2715.152	-8.376	0.000
1657719491.993719676	-2714.886	-8.376	0.000
1657719492.013710458	-2714.621	-8.376	0.000
1657719492.043732720	-2714.356	-8.376	0.000
1657719492.063718572	-2714.091	-8.376	0.000
1657719492.083719768	-2713.826	-8.376	0.000
1657719492.093713638	-2713.561	-8.376	0.000
1657719492.113709985	-2713.297	-8.376	0.000
1657719492.143713818	-2713.033	-8.376	0.000
1657719492.163720892	-2712.770	-8.376	0.000
1657719492.183715056	-2712.506	-8.376	0.000
1657719492.203713377	-2712.243	-8.376	0.000
1657719492.213709600	-2711.980	-8.376	0.000
1657719492.243737943	-2711.717	-8.376	0.000
1657719492.263864491	-2711.455	-8.376	0.000
1657719492.283783825	-2711.192	-8.376	0.000
1657719492.303710675	-2710.930	-8.376	0.000
1657719492.323723866	-2710.668	-8.376	0.000
1657719492.343720497	-2710.407	-8.376	0.000
1657719492.363727323	-2710.145	-8.376	0.000
1657719492.383716729	-2709.884	-8.376	0.000
1657719492.393713090	-2709.623	-8.376	0.000
1657719492.413727849	-2709.362	-8.376	0.000
1657719492.443716172	-2709.101	-8.376	0.000
1657719492.463720742	-2708.841	-8.376	0.000
1657719492.483714916	-2708.580	-8.376	0.000
1657719492.493719992	-2708.320	-8.376	0.000
1657719492.513711289	-2708.060	-8.376	0.000
1657719492.543728521	-2707.800	-8.376	0.000
1657719492.563693673	-2707.541	-8.376	0.000
1657719492.583721435	-2707.281	-8.376	0.000
1657719492.603717907	-2707.022	-8.376	0.000
1657719492.613713254	-2706.762	-8.376	0.000
1657719492.643723339	-2706.502	-8.376	0.000
1657719492.663713450	-2706.243	-8.376	0.000
1657719492.683715292	-2705.983	-8.376	0.000
1657719492.703720136	-2705.724	-8.376	0.000
1657719492.713712148	-2705.464	-8.376	0.000
1657719492.733716890	-2705.205	-8.376	0.000
1657719492.763718513	-2704.945	-8.376	0.000
1657719492.783718999	-2704.686	-8.376	0.000
1657719492.803741695	-2704.426	-8.376	0.000
1657719492.813716562	-2704.166	-8.376	0.000
1657719492.833716069	-2703.907	-8.376	0.000
1657719492.863720433	-2703.647	-8.376	0.000
1657719492.883714110	-2703.388	-8.376	0.000
1657719492.903757278	-2703.128	-8.376	0.000
1657719492.913719694	-2702.869	-8.376	0.000
1657719492.933722945	-2702.609	-8.376	0.000
1657719492.963722689	-2702.350	-8.376	0.000
1657719492.983706445	-2702.091	-8.376	0.000
1657719493.003720266	-2701.831	-8.376	0.000
1657719493.023728109	-2701.572	-8.376	0.000
1657719493.033713385	-2701.312	-8.376	0.000
1657719493.053712340	-2701.053	-8.376	0.000
1657719493.083731607	-2700.793	-8.376	0.000
1657719493.103726187	-2700.534	-8.376	0.000
1657719493.123728954	-2700.274	-8.376	0.000
1657719493.133710767	-2700.015	-8.376	0.000
1657719493.163751660	-2699.755	-8.376	0.000
1657719493.183729260	-2699.496	-8.376	0.000
1657719493.193716488	-2699.236	-8.376	0.000
1657719493.213730973	-2698.977	-8.376	0.000
1657719493.243711548	-2698.717	-8.376	0.000
1657719493.263715696	-2698.458	-8.376	0.000
1657719493.283714342	-2698.199	-8.376	0.000
1657719493.293714146	-2697.941	-8.376	0.000
1657719493.313735788	-2697.683	-8.376	0.000
1657719493.343711682	-2697.425	-8.376	0.000
1657719493.363711105	-2697.168	-8.376	0.000
1657719493.383713740	-2696.912	-8.376	0.000
1657719493.403715009	-2696.655	-8.376	0.000
1657719493.413711221	-2696.400	-8.376	0.000
1657719493.443714470	-2696.145	-8.376	0.000
1657719493.463774146	-2695.890	-8.376	0.000
1657719493.483721247	-2695.636	-8.376	0.000
1657719493.493709535	-2695.382	-8.376	0.000
1657719493.513707499	-2695.129	-8.375	0.000
1657719493.543710268	-2694.876	-8.375	0.000
1657719493.563707334	-2694.624	-8.375	0.000
1657719493.583724656	-2694.372	-8.375	0.000
1657719493.593718015	-2694.121	-8.375	0.000
1657719493.613710779	-2693.870	-8.375	0.000
1657719493.643701341	-2693.619	-8.375	0.000
1657719493.663721387	-2693.369	-8.375	0.000
1657719493.683720513	-2693.119	-8.375	0.000
1657719493.703714016	-2692.870	-8.375	0.000
1657719493.713707054	-2692.621	-8.375	0.000
1657719493.733737705	-2692.372	-8.375	0.000
1657719493.763718863	-2692.124	-8.375	0.000
1657719493.783773880	-2691.877	-8.375	0.000
1657719493.803755222	-2691.629	-8.375	0.000
1657719493.813713237	-2691.383	-8.375	0.000
1657719493.833714028	-2691.136	-8.375	0.000
1657719493.863716708	-2690.890	-8.375	0.000
1657719493.883720072	-2690.644	-8.375	0.000
1657719493.903723823	-2690.399	-8.375	0.000
1657719493.923714233	-2690.154	-8.375	0.000
1657719493.933714300	-2689.909	-8.375	0.000
1657719493.963713004	-2689.663	-8.375	0.000
1657719493.983934499	-2689.418	-8.375	0.000
1657719494.003712518	-2689.172	-8.375	0.000
1657719494.023715180	-2688.926	-8.375	0.000
1657719494.033711741	-2688.680	-8.375	0.000
1657719494.053703961	-2688.434	-8.375	0.000
1657719494.083714287	-2688.188	-8.375	0.000
1657719494.103723885	-2687.941	-8.375	0.000
1657719494.123764645	-2687.695	-8.375	0.000
1657719494.133712073	-2687.448	-8.375	0.000
1657719494.153742250	-2687.201	-8.375	0.000
1657719494.183715432	-2686.954	-8.375	0.000
1657719494.203723891	-2686.707	-8.375	0.000
1657719494.223714722	-2686.459	-8.375	0.000
1657719494.243697901	-2686.212	-8.375	0.000
1657719494.253712697	-2685.964	-8.375	0.000
1657719494.273875754	-2685.717	-8.375	0.000
1657719494.303728253	-2685.469	-8.375	0.000
1657719494.323755100	-2685.221	-8.375	0.000
1657719494.343716405	-2684.973	-8.375	0.000
1657719494.353711664	-2684.724	-8.375	0.000
1657719494.373665637	-2684.476	-8.375	0.000
1657719494.403714026	-2684.227	-8.375	0.000
1657719494.423728476	-2683.979	-8.375	0.000
1657719494.443717809	-2683.730	-8.375	0.000
1657719494.453708047	-2683.481	-8.375	0.000
1657719494.473715863	-2683.232	-8.375	0.000
1657719494.503718906	-2682.983	-8.375	0.000
1657719494.523724962	-2682.734	-8.375	0.000
1657719494.543724921	-2682.484	-8.375	0.000
1657719494.553709846	-2682.234	-8.375	0.000
1657719494.583721565	-2681.985	-8.375	0.000
1657719494.603719588	-2681.735	-8.375	0.000
1657719494.623720353	-2681.485	-8.375	0.000
1657719494.633721866	-2681.236	-8.375	0.000
1657719494.653718995	-2680.986	-8.375	0.000
1657719494.683767879	-2680.738	-8.375	0.000
1657719494.703716299	-2680.489	-8.375	0.000
1657719494.723720629	-2680.241	-8.375	0.000
1657719494.743723078	-2679.994	-8.375	0.000
1657719494.753709647	-2679.746	-8.375	0.000
1657719494.773716665	-2679.499	-8.375	0.000
1657719494.803709923	-2679.253	-8.375	0.000
1657719494.823715943	-2679.006	-8.375	0.000
1657719494.843711696	-2678.760	-8.375	0.000
1657719494.853721835	-2678.515	-8.375	0.000
1657719494.873734959	-2678.270	-8.375	0.000
1657719494.903703111	-2678.025	-8.375	0.000
1657719494.923701600	-2677.780	-8.375	0.000
1657719494.943713061	-2677.536	-8.375	0.000
1657719494.953692744	-2677.293	-8.375	0.000
1657719494.973715437	-2677.049	-8.375	0.000
1657719495.003712488	-2676.806	-8.375	0.000
1657719495.023661832	-2676.562	-8.375	0.000
1657719495.043715352	-2676.317	-8.375	0.001
1657719495.063714514	-2676.072	-8.375	0.001
1657719495.073717373	-2675.826	-8.375	0.002
1657719495.103711794	-2675.579	-8.375	0.003
1657719495.123715814	-2675.332	-8.375	0.003
1657719495.143713761	-2675.084	-8.374	0.004
1657719495.163723093	-2674.835	-8.374	0.005
1657719495.173711131	-2674.586	-8.373	0.005
1657719495.193777207	-2674.336	-8.372	0.006
1657719495.223714871	-2674.085	-8.371	0.007
1657719495.243752582	-2673.834	-8.370	0.007
1657719495.263717808	-2673.582	-8.368	0.008
1657719495.273726503	-2673.330	-8.367	0.009
1657719495.293728350	-2673.077	-8.365	0.010
1657719495.323712279	-2672.823	-8.363	0.010
1657719495.343718085	-2672.569	-8.361	0.011
1657719495.363714733	-2672.314	-8.358	0.012
1657719495.383713582	-2672.059	-8.356	0.012
1657719495.393707527	-2671.803	-8.353	0.013
1657719495.413709967	-2671.547	-8.350	0.013
1657719495.443715418	-2671.291	-8.347	0.013
1657719495.463719338	-2671.034	-8.343	0.014
1657719495.483780134	-2670.776	-8.340	0.014
1657719495.493711580	-2670.519	-8.336	0.014
1657719495.513713886	-2670.260	-8.333	0.015
1657719495.543698787	-2670.002	-8.329	0.015
1657719495.563746472	-2669.742	-8.325	0.015
1657719495.583717613	-2669.483	-8.321	0.015
1657719495.593721304	-2669.223	-8.317	0.016
1657719495.613722616	-2668.962	-8.313	0.016
1657719495.643711552	-2668.702	-8.309	0.016
1657719495.663717100	-2668.440	-8.305	0.016
1657719495.683715619	-2668.178	-8.301	0.017
1657719495.703740833	-2667.916	-8.297	0.017
1657719495.713728862	-2667.653	-8.293	0.017
1657719495.733708617	-2667.390	-8.288	0.017
1657719495.763713767	-2667.126	-8.284	0.018
1657719495.783719047	-2666.862	-8.279	0.018
1657719495.803680754	-2666.596	-8.275	0.018
1657719495.813727254	-2666.331	-8.270	0.019
1657719495.833713689	-2666.064	-8.265	0.019
1657719495.863720500	-2665.797	-8.261	0.019
1657719495.883775120	-2665.529	-8.256	0.020
1657719495.903718734	-2665.261	-8.250	0.020
1657719495.913705463	-2664.992	-8.245	0.020
1657719495.933717598	-2664.723	-8.240	0.021
1657719495.963748547	-2664.453	-8.235	0.021
1657719495.983721591	-2664.182	-8.229	0.021
1657719496.003715780	-2663.911	-8.224	0.022
1657719496.023714752	-2663.639	-8.218	0.022
1657719496.033711628	-2663.367	-8.212	0.022
1657719496.063731836	-2663.094	-8.206	0.023
1657719496.083717857	-2662.820	-8.200	0.023
1657719496.103714695	-2662.546	-8.194	0.023
1657719496.113712116	-2662.271	-8.188	0.024
1657719496.133711131	-2661.996	-8.182	0.024
1657719496.163727740	-2661.721	-8.175	0.024
1657719496.183713622	-2661.445	-8.169	0.025
1657719496.203778750	-2661.169	-8.162	0.025
1657719496.223714218	-2660.892	-8.156	0.025
1657719496.233711918	-2660.615	-8.149	0.025
1657719496.253732694	-2660.337	-8.142	0.026
1657719496.283719350	-2660.059	-8.135	0.026
1657719496.303714230	-2659.781	-8.128	0.026
1657719496.323697680	-2659.502	-8.121	0.027
1657719496.333712959	-2659.222	-8.114	0.027
1657719496.353716262	-2658.943	-8.106	0.027
1657719496.383869454	-2658.662	-8.099	0.028
1657719496.403725263	-2658.382	-8.091	0.028
1657719496.423769886	-2658.100	-8.084	0.028
1657719496.443718727	-2657.819	-8.076	0.029
1657719496.453751574	-2657.536	-8.068	0.029
1657719496.473921928	-2657.254	-8.060	0.029
1657719496.503740878	-2656.970	-8.052	0.029
1657719496.523669219	-2656.687	-8.044	0.030
1657719496.543721474	-2656.402	-8.035	0.030
1657719496.553739406	-2656.118	-8.027	0.030
1657719496.573726002	-2655.832	-8.018	0.030
1657719496.603750437	-2655.547	-8.010	0.031
1657719496.623714271	-2655.261	-8.001	0.031
1657719496.643716587	-2654.974	-7.993	0.031
1657719496.663788940	-2654.687	-7.984	0.031
1657719496.673728758	-2654.399	-7.975	0.031
1657719496.703726043	-2654.111	-7.966	0.032
1657719496.723714792	-2653.822	-7.957	0.032
1657719496.743789062	-2653.533	-7.948	0.032
1657719496.753714583	-2653.243	-7.939	0.032
1657719496.773721660	-2652.953	-7.930	0.033
1657719496.803739771	-2652.663	-7.920	0.033
1657719496.823716855	-2652.372	-7.911	0.033
1657719496.843716583	-2652.081	-7.902	0.033
1657719496.863720427	-2651.789	-7.892	0.034
1657719496.873708726	-2651.497	-7.882	0.034
1657719496.894076299	-2651.205	-7.873	0.034
1657719496.923718163	-2650.912	-7.863	0.034
1657719496.943717409	-2650.620	-7.853	0.034
1657719496.963722452	-2650.326	-7.843	0.035
1657719496.973720593	-2650.033	-7.833	0.035
1657719496.993714822	-2649.738	-7.823	0.035
1657719497.023717221	-2649.444	-7.813	0.035
1657719497.043722467	-2649.149	-7.803	0.036
1657719497.063739390	-2648.854	-7.792	0.036
1657719497.073698811	-2648.559	-7.782	0.036
1657719497.093706003	-2648.263	-7.771	0.036
1657719497.123709876	-2647.967	-7.761	0.037
1657719497.143705085	-2647.670	-7.750	0.037
1657719497.163744094	-2647.373	-7.739	0.037
1657719497.183734904	-2647.076	-7.729	0.037
1657719497.193724079	-2646.778	-7.718	0.038
1657719497.223725049	-2646.480	-7.707	0.038
1657719497.243717474	-2646.181	-7.696	0.038
1657719497.263724441	-2645.882	-7.684	0.038
1657719497.283715699	-2645.583	-7.673	0.039
1657719497.293723936	-2645.284	-7.662	0.039
1657719497.313735246	-2644.984	-7.650	0.039
1657719497.343720652	-2644.683	-7.639	0.039
1657719497.363714605	-2644.383	-7.627	0.040
1657719497.383715933	-2644.081	-7.615	0.040
1657719497.393711697	-2643.780	-7.603	0.040
1657719497.413711412	-2643.478	-7.591	0.041
1657719497.443717504	-2643.176	-7.579	0.041
1657719497.463709905	-2642.874	-7.567	0.041
1657719497.483716327	-2642.571	-7.555	0.041
1657719497.503711897	-2642.269	-7.543	0.042
1657719497.513712832	-2641.965	-7.530	0.042
1657719497.533706157	-2641.662	-7.518	0.042
1657719497.563718063	-2641.358	-7.505	0.043
1657719497.583713828	-2641.055	-7.493	0.043
1657719497.603731240	-2640.750	-7.480	0.043
1657719497.613708979	-2640.446	-7.467	0.044
1657719497.633717795	-2640.141	-7.454	0.044
1657719497.663716991	-2639.836	-7.441	0.044
1657719497.683710459	-2639.531	-7.427	0.045
1657719497.703741082	-2639.225	-7.414	0.045
1657719497.723719274	-2638.919	-7.400	0.045
1657719497.733713942	-2638.613	-7.387	0.046
1657719497.753730444	-2638.307	-7.373	0.046
1657719497.783759715	-2638.000	-7.359	0.046
1657719497.803723172	-2637.693	-7.345	0.046
1657719497.823718941	-2637.386	-7.331	0.047
1657719497.833710138	-2637.079	-7.317	0.047
1657719497.853723056	-2636.771	-7.303	0.047
1657719497.883735418	-2636.463	-7.288	0.047
1657719497.903722177	-2636.155	-7.274	0.047
1657719497.923718364	-2635.846	-7.259	0.048
1657719497.943719579	-2635.538	-7.245	0.048
1657719497.953713487	-2635.228	-7.230	0.048
1657719497.973741816	-2634.919	-7.215	0.048
1657719498.003725329	-2634.610	-7.201	0.048
1657719498.023711178	-2634.300	-7.186	0.049
1657719498.043733069	-2633.990	-7.171	0.049
1657719498.053713932	-2633.679	-7.156	0.049
1657719498.073720007	-2633.369	-7.141	0.049
1657719498.103771889	-2633.058	-7.126	0.049
1657719498.123714010	-2632.747	-7.110	0.049
1657719498.143747085	-2632.435	-7.095	0.050
1657719498.163713753	-2632.124	-7.080	0.050
1657719498.173718508	-2631.812	-7.065	0.050
1657719498.203693195	-2631.500	-7.049	0.050
1657719498.223725739	-2631.188	-7.034	0.050
1657719498.243714046	-2630.876	-7.018	0.050
1657719498.263714858	-2630.563	-7.003	0.050
1657719498.273716298	-2630.250	-6.987	0.050
1657719498.293712755	-2629.937	-6.971	0.051
1657719498.323721411	-2629.624	-6.955	0.051
1657719498.343712658	-2629.310	-6.940	0.051
1657719498.363718108	-2628.997	-6.924	0.051
1657719498.373721844	-2628.683	-6.908	0.051
1657719498.403722013	-2628.369	-6.892	0.051
1657719498.423713516	-2628.054	-6.876	0.051
1657719498.443738296	-2627.740	-6.860	0.052
1657719498.463715833	-2627.425	-6.844	0.052
1657719498.473685783	-2627.110	-6.828	0.052
1657719498.493705861	-2626.795	-6.811	0.053
1657719498.523712562	-2626.480	-6.795	0.054
1657719498.543727167	-2626.165	-6.779	0.054
1657719498.563717974	-2625.849	-6.762	0.055
1657719498.583713764	-2625.533	-6.745	0.056
1657719498.593732292	-2625.218	-6.728	0.057
1657719498.613709790	-2624.901	-6.711	0.057
1657719498.643712202	-2624.585	-6.694	0.058
1657719498.663714343	-2624.269	-6.676	0.059
1657719498.683718291	-2623.952	-6.658	0.060
1657719498.693711434	-2623.636	-6.640	0.061
1657719498.723712714	-2623.319	-6.621	0.061
1657719498.743718030	-2623.002	-6.603	0.062
1657719498.763718817	-2622.684	-6.584	0.063
1657719498.783712411	-2622.367	-6.564	0.064
1657719498.793713116	-2622.050	-6.545	0.065
1657719498.813665116	-2621.732	-6.525	0.066
1657719498.843711557	-2621.414	-6.505	0.068
1657719498.863714964	-2621.097	-6.484	0.069
1657719498.883728249	-2620.779	-6.463	0.070
1657719498.903713571	-2620.461	-6.442	0.072
1657719498.913717806	-2620.142	-6.421	0.073
1657719498.933717563	-2619.824	-6.399	0.074
1657719498.963715262	-2619.506	-6.376	0.075
1657719498.983795916	-2619.187	-6.353	0.077
1657719499.003714185	-2618.869	-6.330	0.078
1657719499.013716048	-2618.550	-6.306	0.079
1657719499.033712151	-2618.231	-6.282	0.081
1657719499.063743009	-2617.912	-6.258	0.081
1657719499.083709947	-2617.593	-6.233	0.081
1657719499.103734003	-2617.274	-6.208	0.081
1657719499.123720903	-2616.955	-6.182	0.081
1657719499.133715371	-2616.635	-6.156	0.080
1657719499.153734321	-2616.316	-6.130	0.079
1657719499.183714395	-2615.997	-6.104	0.079
1657719499.203721441	-2615.677	-6.078	0.078
1657719499.223720004	-2615.357	-6.052	0.077
1657719499.233714185	-2615.037	-6.027	0.076
1657719499.253716008	-2614.717	-6.001	0.075
1657719499.283715970	-2614.397	-5.976	0.074
1657719499.303736920	-2614.077	-5.951	0.074
1657719499.323722422	-2613.756	-5.926	0.073
1657719499.333710499	-2613.435	-5.902	0.072
1657719499.353740016	-2613.115	-5.878	0.072
1657719499.383723699	-2612.794	-5.854	0.071
1657719499.403716619	-2612.473	-5.831	0.071
1657719499.423790851	-2612.152	-5.807	0.070
1657719499.433678569	-2611.831	-5.784	0.070
1657719499.453721700	-2611.509	-5.762	0.069
1657719499.483681243	-2611.188	-5.739	0.069
1657719499.503715327	-2610.867	-5.716	0.068
1657719499.523722022	-2610.545	-5.694	0.068
1657719499.543718901	-2610.223	-5.672	0.068
1657719499.553723884	-2609.901	-5.650	0.067
1657719499.573710886	-2609.579	-5.628	0.067
1657719499.603749797	-2609.257	-5.606	0.066
1657719499.623706826	-2608.935	-5.584	0.066
1657719499.643719206	-2608.613	-5.563	0.066
1657719499.653709372	-2608.291	-5.541	0.066
1657719499.673716864	-2607.968	-5.520	0.065
1657719499.703714892	-2607.646	-5.498	0.065
1657719499.723738956	-2607.323	-5.477	0.065
1657719499.743809126	-2607.000	-5.456	0.065
1657719499.763720717	-2606.678	-5.435	0.064
1657719499.773715238	-2606.355	-5.414	0.064
1657719499.793737619	-2606.032	-5.393	0.064
1657719499.823717698	-2605.709	-5.372	0.064
1657719499.843722580	-2605.386	-5.351	0.064
1657719499.863763540	-2605.063	-5.331	0.063
1657719499.873714817	-2604.739	-5.310	0.063
1657719499.893717301	-2604.416	-5.289	0.063
1657719499.923715694	-2604.093	-5.269	0.062
1657719499.943714819	-2603.769	-5.248	0.062
1657719499.963777987	-2603.446	-5.228	0.061
1657719499.983722858	-2603.122	-5.207	0.061
1657719499.993720143	-2602.798	-5.187	0.060
1657719500.013721617	-2602.474	-5.167	0.060
1657719500.043671669	-2602.151	-5.147	0.059
1657719500.063721282	-2601.827	-5.128	0.059
1657719500.083729972	-2601.503	-5.108	0.059
1657719500.093725080	-2601.179	-5.089	0.058
1657719500.113710394	-2600.854	-5.069	0.058
1657719500.143712756	-2600.530	-5.050	0.057
1657719500.163709218	-2600.206	-5.031	0.057
1657719500.183711195	-2599.881	-5.012	0.056
1657719500.203719854	-2599.557	-4.994	0.056
1657719500.213707332	-2599.233	-4.975	0.055
1657719500.233717052	-2598.908	-4.957	0.055
1657719500.263713691	-2598.583	-4.938	0.054
1657719500.283761218	-2598.259	-4.920	0.054
1657719500.303725211	-2597.934	-4.902	0.054
1657719500.313715755	-2597.609	-4.884	0.053
1657719500.333748023	-2597.284	-4.867	0.053
1657719500.363713116	-2596.959	-4.849	0.052
1657719500.383720483	-2596.634	-4.832	0.052
1657719500.403745468	-2596.309	-4.815	0.051
1657719500.413716678	-2595.984	-4.797	0.051
1657719500.433718587	-2595.659	-4.781	0.050
1657719500.463686642	-2595.334	-4.764	0.050
1657719500.483714108	-2595.008	-4.747	0.049
1657719500.503736320	-2594.683	-4.731	0.049
1657719500.523716915	-2594.358	-4.714	0.048
1657719500.533712761	-2594.032	-4.698	0.048
1657719500.553762262	-2593.707	-4.682	0.047
1657719500.583731200	-2593.381	-4.666	0.046
1657719500.603713299	-2593.055	-4.651	0.046
1657719500.623782211	-2592.730	-4.635	0.045
1657719500.633714257	-2592.404	-4.620	0.045
1657719500.653713082	-2592.078	-4.605	0.044
1657719500.683716881	-2591.752	-4.590	0.044
1657719500.703730924	-2591.427	-4.575	0.043
1657719500.723777820	-2591.101	-4.560	0.043
1657719500.743715322	-2590.775	-4.546	0.043
1657719500.753724020	-2590.449	-4.531	0.042
1657719500.773713500	-2590.122	-4.517	0.042
1657719500.803715963	-2589.796	-4.503	0.042
1657719500.823716430	-2589.470	-4.489	0.041
1657719500.843717710	-2589.144	-4.476	0.041
1657719500.853710630	-2588.818	-4.462	0.041
1657719500.873742973	-2588.491	-4.448	0.041
1657719500.903710596	-2588.165	-4.435	0.041
1657719500.923727286	-2587.839	-4.421	0.040
1657719500.943724413	-2587.512	-4.408	0.040
1657719500.963714312	-2587.186	-4.395	0.040
1657719500.973708746	-2586.859	-4.382	0.040
1657719501.003722329	-2586.533	-4.368	0.039
1657719501.023715476	-2586.206	-4.355	0.039
1657719501.043744745	-2585.879	-4.342	0.039
1657719501.063713202	-2585.553	-4.329	0.038
1657719501.073717422	-2585.226	-4.317	0.038
1657719501.093711248	-2584.899	-4.304	0.038
1657719501.123681117	-2584.573	-4.291	0.038
1657719501.143764166	-2584.246	-4.279	0.037
1657719501.163713757	-2583.919	-4.266	0.037
1657719501.173711029	-2583.592	-4.254	0.037
1657719501.193718929	-2583.265	-4.241	0.036
1657719501.223725879	-2582.938	-4.229	0.036
1657719501.243724121	-2582.611	-4.217	0.036
1657719501.263711995	-2582.284	-4.205	0.036
1657719501.273715622	-2581.957	-4.193	0.035
1657719501.293711607	-2581.630	-4.181	0.035
1657719501.323728067	-2581.303	-4.170	0.035
1657719501.343724221	-2580.976	-4.158	0.034
1657719501.363704976	-2580.649	-4.146	0.034
1657719501.383787596	-2580.321	-4.135	0.034
1657719501.393724105	-2579.994	-4.124	0.033
1657719501.413717767	-2579.667	-4.112	0.033
1657719501.443713821	-2579.340	-4.101	0.033
1657719501.463720535	-2579.012	-4.090	0.032
1657719501.483728962	-2578.685	-4.079	0.032
1657719501.493710823	-2578.357	-4.069	0.032
1657719501.513714526	-2578.030	-4.058	0.031
1657719501.543738169	-2577.703	-4.047	0.031
1657719501.563713722	-2577.375	-4.037	0.031
1657719501.583743543	-2577.048	-4.026	0.030
1657719501.603710420	-2576.720	-4.016	0.030
1657719501.613717206	-2576.393	-4.006	0.030
1657719501.643713147	-2576.065	-3.996	0.030
1657719501.663713155	-2575.737	-3.986	0.029
1657719501.683729754	-2575.410	-3.976	0.029
1657719501.703717224	-2575.082	-3.966	0.029
1657719501.713881148	-2574.754	-3.957	0.028
1657719501.733718710	-2574.427	-3.947	0.028
1657719501.763718373	-2574.099	-3.938	0.028
1657719501.783713102	-2573.771	-3.928	0.027
1657719501.803712262	-2573.443	-3.919	0.027
1657719501.823711492	-2573.115	-3.910	0.027
1657719501.833714610	-2572.788	-3.901	0.027
1657719501.863717321	-2572.460	-3.892	0.026
1657719501.883718340	-2572.132	-3.883	0.025
1657719501.903717267	-2571.804	-3.874	0.025
1657719501.923715183	-2571.476	-3.865	0.024
1657719501.933708134	-2571.148	-3.857	0.022
1657719501.953721953	-2570.820	-3.849	0.021
1657719501.983735434	-2570.492	-3.841	0.020
1657719502.003710532	-2570.164	-3.833	0.019
1657719502.023727963	-2569.836	-3.825	0.017
1657719502.043726205	-2569.508	-3.818	0.016
1657719502.053712289	-2569.180	-3.812	0.015
1657719502.083718431	-2568.852	-3.806	0.013
1657719502.103723387	-2568.523	-3.800	0.012
1657719502.123716007	-2568.195	-3.794	0.011
1657719502.143711826	-2567.867	-3.789	0.009
1657719502.153726869	-2567.539	-3.785	0.008
1657719502.173704085	-2567.211	-3.781	0.007
1657719502.203763185	-2566.882	-3.777	0.006
1657719502.223712842	-2566.554	-3.774	0.005
1657719502.243726168	-2566.226	-3.772	0.004
1657719502.253713112	-2565.897	-3.769	0.003
1657719502.273712762	-2565.569	-3.768	0.002
1657719502.303729874	-2565.241	-3.766	0.001
1657719502.323713562	-2564.912	-3.765	0.000
1657719502.343930374	-2564.584	-3.764	-0.001
1657719502.353715629	-2564.256	-3.764	-0.002
1657719502.373714661	-2563.927	-3.763	-0.002
1657719502.403734584	-2563.599	-3.763	-0.003
1657719502.423723247	-2563.270	-3.764	-0.004
1657719502.443747153	-2562.942	-3.764	-0.005
1657719502.463720608	-2562.613	-3.765	-0.006
1657719502.473681378	-2562.285	-3.766	-0.006
1657719502.493709439	-2561.956	-3.768	-0.007
1657719502.523724506	-2561.628	-3.769	-0.008
1657719502.543735196	-2561.299	-3.771	-0.009
1657719502.563713577	-2560.971	-3.773	-0.009
1657719502.573715753	-2560.642	-3.776	-0.010
1657719502.593719223	-2560.313	-3.778	-0.011
1657719502.623713741	-2559.985	-3.781	-0.012
1657719502.643712320	-2559.656	-3.784	-0.012
1657719502.663718728	-2559.328	-3.788	-0.013
1657719502.673712234	-2558.999	-3.791	-0.014
1657719502.693730344	-2558.670	-3.795	-0.014
1657719502.723720929	-2558.342	-3.799	-0.015
1657719502.743733874	-2558.013	-3.804	-0.016
1657719502.763720142	-2557.685	-3.808	-0.017
1657719502.783777112	-2557.356	-3.813	-0.017
1657719502.793744697	-2557.027	-3.818	-0.018
1657719502.813709891	-2556.699	-3.823	-0.019
1657719502.843719525	-2556.370	-3.828	-0.019
1657719502.863715245	-2556.041	-3.834	-0.020
1657719502.883736572	-2555.712	-3.840	-0.021
1657719502.893709995	-2555.384	-3.846	-0.021
1657719502.923719652	-2555.055	-3.853	-0.022
1657719502.943750665	-2554.726	-3.859	-0.023
1657719502.963764012	-2554.398	-3.866	-0.023
1657719502.983738801	-2554.069	-3.873	-0.024
1657719502.993677194	-2553.740	-3.880	-0.025
1657719503.013715124	-2553.411	-3.888	-0.025
1657719503.043713170	-2553.083	-3.895	-0.026
1657719503.063710750	-2552.754	-3.903	-0.027
1657719503.083718246	-2552.425	-3.911	-0.027
1657719503.104081054	-2552.096	-3.920	-0.028
1657719503.113706395	-2551.768	-3.928	-0.029
1657719503.143684736	-2551.439	-3.937	-0.029
1657719503.163714530	-2551.110	-3.946	-0.030
1657719503.183717625	-2550.781	-3.955	-0.030
1657719503.193740519	-2550.452	-3.965	-0.031
1657719503.213710739	-2550.124	-3.974	-0.031
1657719503.243719842	-2549.795	-3.984	-0.032
1657719503.263720141	-2549.466	-3.994	-0.033
1657719503.283714398	-2549.137	-4.004	-0.033
1657719503.293768754	-2548.808	-4.015	-0.034
1657719503.313684754	-2548.480	-4.025	-0.034
1657719503.343746541	-2548.151	-4.036	-0.035
1657719503.363741775	-2547.822	-4.047	-0.035
1657719503.383721266	-2547.493	-4.058	-0.036
1657719503.403716349	-2547.164	-4.069	-0.036
1657719503.413729049	-2546.835	-4.081	-0.037
1657719503.443676832	-2546.507	-4.092	-0.037
1657719503.463720089	-2546.178	-4.104	-0.038
1657719503.483816091	-2545.849	-4.116	-0.038
1657719503.493714301	-2545.520	-4.128	-0.039
1657719503.513708730	-2545.191	-4.140	-0.039
1657719503.543734148	-2544.863	-4.153	-0.039
1657719503.563722979	-2544.534	-4.165	-0.040
1657719503.583716668	-2544.205	-4.178	-0.040
1657719503.603713244	-2543.876	-4.191	-0.041
1657719503.613715099	-2543.547	-4.204	-0.041
1657719503.633726528	-2543.218	-4.217	-0.041
1657719503.663770914	-2542.889	-4.230	-0.042
1657719503.683727210	-2542.561	-4.244	-0.042
1657719503.703721210	-2542.232	-4.257	-0.042
1657719503.713711599	-2541.903	-4.271	-0.043
1657719503.733779709	-2541.574	-4.284	-0.043
1657719503.763720970	-2541.245	-4.298	-0.043
1657719503.783783644	-2540.916	-4.312	-0.044
1657719503.803719537	-2540.588	-4.326	-0.044
1657719503.813714444	-2540.259	-4.340	-0.044
1657719503.833718076	-2539.930	-4.355	-0.045
1657719503.863694601	-2539.601	-4.369	-0.045
1657719503.883712582	-2539.272	-4.384	-0.045
1657719503.903724597	-2538.943	-4.398	-0.046
1657719503.923715540	-2538.614	-4.413	-0.046
1657719503.933715459	-2538.286	-4.428	-0.046
1657719503.953710740	-2537.957	-4.443	-0.047
1657719503.983729234	-2537.628	-4.458	-0.047
1657719504.003772566	-2537.299	-4.473	-0.047
1657719504.023710896	-2536.970	-4.488	-0.048
1657719504.033715889	-2536.641	-4.504	-0.048
1657719504.053711773	-2536.313	-4.519	-0.048
1657719504.083717545	-2535.984	-4.535	-0.048
1657719504.103714919	-2535.655	-4.550	-0.049
1657719504.123702294	-2535.326	-4.566	-0.049
1657719504.143720433	-2534.997	-4.582	-0.049
1657719504.153721072	-2534.668	-4.598	-0.049
1657719504.173710699	-2534.339	-4.614	-0.050
1657719504.203716788	-2534.011	-4.630	-0.050
1657719504.223722485	-2533.682	-4.646	-0.050
1657719504.243710867	-2533.353	-4.662	-0.050
1657719504.253707230	-2533.024	-4.679	-0.050
1657719504.273714035	-2532.695	-4.695	-0.051
1657719504.303710603	-2532.366	-4.711	-0.051
1657719504.323720792	-2532.038	-4.728	-0.051
1657719504.343749998	-2531.709	-4.744	-0.051
1657719504.353718089	-2531.380	-4.761	-0.052
1657719504.373711747	-2531.051	-4.778	-0.052
1657719504.403715742	-2530.722	-4.795	-0.052
1657719504.423712729	-2530.393	-4.812	-0.052
1657719504.443713055	-2530.065	-4.829	-0.052
1657719504.453723668	-2529.736	-4.846	-0.052
1657719504.473710417	-2529.407	-4.863	-0.052
1657719504.503714247	-2529.078	-4.880	-0.053
1657719504.523713468	-2528.749	-4.897	-0.053
1657719504.543751819	-2528.420	-4.914	-0.053
1657719504.553710879	-2528.092	-4.932	-0.053
1657719504.573704888	-2527.763	-4.949	-0.053
1657719504.603726775	-2527.434	-4.966	-0.053
1657719504.623709518	-2527.105	-4.984	-0.053
1657719504.643729530	-2526.776	-5.001	-0.054
1657719504.663714912	-2526.448	-5.019	-0.054
1657719504.673714666	-2526.119	-5.036	-0.054
1657719504.703712290	-2525.790	-5.054	-0.054
1657719504.723780713	-2525.461	-5.071	-0.054
1657719504.743716921	-2525.132	-5.089	-0.054
1657719504.764061933	-2524.804	-5.107	-0.054
1657719504.773713870	-2524.475	-5.125	-0.054
1657719504.793705778	-2524.146	-5.142	-0.054
1657719504.823749817	-2523.817	-5.160	-0.054
1657719504.843708553	-2523.488	-5.178	-0.054
1657719504.863677698	-2523.160	-5.196	-0.054
1657719504.873754732	-2522.831	-5.214	-0.054
1657719504.893740616	-2522.502	-5.231	-0.055
1657719504.923712437	-2522.173	-5.249	-0.055
1657719504.943721326	-2521.844	-5.267	-0.055
1657719504.963711672	-2521.516	-5.285	-0.055
1657719504.973720035	-2521.187	-5.303	-0.055
1657719504.993715949	-2520.858	-5.321	-0.055
1657719505.023703728	-2520.529	-5.339	-0.055
1657719505.043725268	-2520.200	-5.357	-0.055
1657719505.063719782	-2519.872	-5.375	-0.055
1657719505.083736958	-2519.543	-5.393	-0.055
1657719505.093708216	-2519.214	-5.411	-0.055
1657719505.113659408	-2518.885	-5.429	-0.055
1657719505.143728854	-2518.556	-5.447	-0.055
1657719505.163689003	-2518.228	-5.465	-0.055
1657719505.183721361	-2517.899	-5.483	-0.055
1657719505.193722801	-2517.570	-5.501	-0.055
1657719505.213712733	-2517.241	-5.519	-0.055
1657719505.243720272	-2516.913	-5.537	-0.055
1657719505.263721908	-2516.584	-5.555	-0.055
1657719505.283724240	-2516.255	-5.573	-0.055
1657719505.303708602	-2515.926	-5.591	-0.055
1657719505.313661186	-2515.598	-5.609	-0.055
1657719505.333714586	-2515.269	-5.627	-0.055
1657719505.363710276	-2514.940	-5.645	-0.055
1657719505.383715012	-2514.611	-5.663	-0.055
1657719505.403725173	-2514.282	-5.681	-0.055
1657719505.413710056	-2513.954	-5.699	-0.054
1657719505.433710602	-2513.625	-5.717	-0.054
1657719505.463714421	-2513.296	-5.735	-0.054
1657719505.483719919	-2512.967	-5.753	-0.054
1657719505.503787381	-2512.639	-5.771	-0.054
1657719505.523844219	-2512.310	-5.789	-0.054
1657719505.533748648	-2511.981	-5.807	-0.054
1657719505.563718822	-2511.652	-5.825	-0.054
1657719505.583734104	-2511.324	-5.843	-0.054
1657719505.603715451	-2510.995	-5.861	-0.054
1657719505.623719400	-2510.666	-5.879	-0.054
1657719505.633714001	-2510.337	-5.896	-0.054
1657719505.653718592	-2510.008	-5.914	-0.054
1657719505.683715049	-2509.680	-5.932	-0.054
1657719505.703713677	-2509.351	-5.950	-0.053
1657719505.723728550	-2509.022	-5.967	-0.053
1657719505.743692377	-2508.693	-5.985	-0.053
1657719505.753716677	-2508.364	-6.003	-0.053
1657719505.773712950	-2508.036	-6.020	-0.053
1657719505.803714265	-2507.707	-6.038	-0.053
1657719505.823716163	-2507.378	-6.055	-0.053
1657719505.843717410	-2507.049	-6.073	-0.053
1657719505.853717121	-2506.720	-6.090	-0.053
1657719505.873704351	-2506.392	-6.108	-0.053
1657719505.903726922	-2506.063	-6.125	-0.052
1657719505.923711759	-2505.734	-6.142	-0.052
1657719505.943711916	-2505.405	-6.160	-0.052
1657719505.963738017	-2505.076	-6.177	-0.052
1657719505.973715845	-2504.747	-6.194	-0.052
1657719505.993706696	-2504.419	-6.212	-0.052
1657719506.023724321	-2504.090	-6.229	-0.052
1657719506.043723686	-2503.761	-6.246	-0.052
1657719506.063726752	-2503.432	-6.263	-0.051
1657719506.073709703	-2503.103	-6.280	-0.051
1657719506.093708718	-2502.774	-6.297	-0.051
1657719506.123754248	-2502.445	-6.314	-0.051
1657719506.143711051	-2502.117	-6.331	-0.051
1657719506.163715425	-2501.788	-6.348	-0.051
1657719506.183717715	-2501.459	-6.365	-0.051
1657719506.193713355	-2501.130	-6.381	-0.050
1657719506.223717504	-2500.801	-6.398	-0.050
1657719506.243719069	-2500.472	-6.415	-0.050
1657719506.263712472	-2500.143	-6.431	-0.050
1657719506.283738065	-2499.814	-6.448	-0.050
1657719506.293743761	-2499.485	-6.465	-0.050
1657719506.313791098	-2499.156	-6.481	-0.049
1657719506.343711139	-2498.827	-6.497	-0.049
1657719506.363694587	-2498.498	-6.514	-0.049
1657719506.383740329	-2498.170	-6.530	-0.049
1657719506.393722003	-2497.841	-6.546	-0.049
1657719506.413707096	-2497.512	-6.563	-0.049
1657719506.443708932	-2497.183	-6.579	-0.049
1657719506.463729771	-2496.854	-6.595	-0.049
1657719506.483712414	-2496.525	-6.611	-0.049
1657719506.503714527	-2496.196	-6.627	-0.049
1657719506.513712007	-2495.867	-6.643	-0.049
1657719506.543712305	-2495.538	-6.659	-0.049
1657719506.563727035	-2495.209	-6.676	-0.049
1657719506.583722318	-2494.880	-6.692	-0.049
1657719506.593716382	-2494.551	-6.708	-0.049
1657719506.613705472	-2494.222	-6.724	-0.049
1657719506.643813109	-2493.893	-6.740	-0.048
1657719506.663754517	-2493.564	-6.756	-0.048
1657719506.683773872	-2493.235	-6.772	-0.048
1657719506.693720120	-2492.906	-6.788	-0.048
1657719506.713716571	-2492.577	-6.804	-0.048
1657719506.743719864	-2492.248	-6.820	-0.049
1657719506.763847066	-2491.919	-6.836	-0.049
1657719506.783715251	-2491.590	-6.852	-0.049
1657719506.793715438	-2491.261	-6.867	-0.049
1657719506.813714985	-2490.932	-6.883	-0.049
1657719506.843719100	-2490.603	-6.899	-0.049
1657719506.863713490	-2490.274	-6.915	-0.049
1657719506.883718391	-2489.945	-6.931	-0.049
1657719506.903712384	-2489.616	-6.947	-0.049
1657719506.913708188	-2489.287	-6.963	-0.049
1657719506.933722238	-2488.958	-6.979	-0.048
1657719506.963731317	-2488.629	-6.995	-0.048
1657719506.983713922	-2488.300	-7.011	-0.048
1657719507.003717400	-2487.971	-7.027	-0.048
1657719507.013752033	-2487.642	-7.043	-0.048
1657719507.033720383	-2487.313	-7.059	-0.048
1657719507.063711906	-2486.984	-7.075	-0.048
1657719507.083673339	-2486.655	-7.091	-0.048
1657719507.103716531	-2486.326	-7.107	-0.048
1657719507.113683831	-2485.997	-7.123	-0.048
1657719507.133714218	-2485.668	-7.139	-0.048
1657719507.163708629	-2485.339	-7.154	-0.048
1657719507.183729468	-2485.010	-7.170	-0.048
1657719507.203718852	-2484.681	-7.186	-0.048
1657719507.223716767	-2484.352	-7.202	-0.047
1657719507.233718775	-2484.023	-7.218	-0.047
1657719507.263710643	-2483.694	-7.233	-0.047
1657719507.283717038	-2483.365	-7.249	-0.047
1657719507.303692172	-2483.036	-7.265	-0.047
1657719507.323778092	-2482.707	-7.280	-0.047
1657719507.333714517	-2482.378	-7.296	-0.047
1657719507.363727214	-2482.049	-7.311	-0.047
1657719507.383730886	-2481.720	-7.327	-0.047
1657719507.403717776	-2481.391	-7.342	-0.047
1657719507.423726347	-2481.062	-7.358	-0.046
1657719507.433713634	-2480.733	-7.373	-0.046
1657719507.453706936	-2480.404	-7.388	-0.046
1657719507.483722856	-2480.075	-7.404	-0.046
1657719507.503758042	-2479.746	-7.419	-0.046
1657719507.523730600	-2479.417	-7.434	-0.046
1657719507.543714632	-2479.088	-7.449	-0.046
1657719507.553720468	-2478.759	-7.465	-0.046
1657719507.583720228	-2478.430	-7.480	-0.045
1657719507.603709970	-2478.101	-7.495	-0.045
1657719507.623706884	-2477.771	-7.510	-0.045
1657719507.643798928	-2477.442	-7.525	-0.045
1657719507.653724957	-2477.113	-7.540	-0.045
1657719507.683712815	-2476.784	-7.555	-0.045
1657719507.703713046	-2476.455	-7.570	-0.045
1657719507.723734011	-2476.126	-7.584	-0.044
1657719507.733683877	-2475.797	-7.599	-0.044
1657719507.753671434	-2475.468	-7.614	-0.044
1657719507.783721398	-2475.139	-7.629	-0.044
1657719507.803760047	-2474.810	-7.643	-0.044
1657719507.823714417	-2474.480	-7.658	-0.044
1657719507.833709463	-2474.151	-7.672	-0.044
1657719507.853709284	-2473.822	-7.687	-0.043
1657719507.883716844	-2473.493	-7.701	-0.043
1657719507.903719205	-2473.164	-7.716	-0.043
1657719507.923723968	-2472.835	-7.730	-0.043
1657719507.943716321	-2472.506	-7.744	-0.043
1657719507.953712321	-2472.176	-7.759	-0.043
1657719507.983718427	-2471.847	-7.773	-0.042
1657719508.003714986	-2471.518	-7.787	-0.042
1657719508.023714186	-2471.189	-7.801	-0.042
1657719508.043716365	-2470.860	-7.815	-0.042
1657719508.053718556	-2470.530	-7.829	-0.042
1657719508.073722525	-2470.201	-7.843	-0.042
1657719508.103725438	-2469.872	-7.857	-0.041
1657719508.123741024	-2469.543	-7.871	-0.041
1657719508.143811238	-2469.214	-7.885	-0.041
1657719508.153720844	-2468.884	-7.898	-0.041
1657719508.173708197	-2468.555	-7.912	-0.040
1657719508.203724377	-2468.226	-7.926	-0.040
1657719508.223741298	-2467.897	-7.939	-0.040
1657719508.243720886	-2467.568	-7.952	-0.040
1657719508.263712222	-2467.238	-7.966	-0.039
1657719508.273714554	-2466.909	-7.979	-0.039
1657719508.303714368	-2466.580	-7.992	-0.039
1657719508.323733869	-2466.251	-8.005	-0.038
1657719508.343717509	-2465.922	-8.018	-0.038
1657719508.363708683	-2465.592	-8.031	-0.038
1657719508.373714607	-2465.263	-8.044	-0.037
1657719508.393713805	-2464.934	-8.056	-0.037
1657719508.423707660	-2464.605	-8.069	-0.037
1657719508.443769310	-2464.275	-8.081	-0.037
1657719508.463712657	-2463.946	-8.093	-0.036
1657719508.473708283	-2463.617	-8.106	-0.036
1657719508.493701135	-2463.288	-8.118	-0.036
1657719508.523720215	-2462.958	-8.130	-0.035
1657719508.543782485	-2462.629	-8.142	-0.035
1657719508.563715699	-2462.300	-8.154	-0.035
1657719508.573717306	-2461.970	-8.165	-0.035
1657719508.593686261	-2461.641	-8.177	-0.034
1657719508.623731184	-2461.312	-8.189	-0.034
1657719508.643711284	-2460.983	-8.200	-0.034
1657719508.663717078	-2460.653	-8.211	-0.033
1657719508.683712245	-2460.324	-8.223	-0.033
1657719508.693713095	-2459.995	-8.234	-0.033
1657719508.713707990	-2459.665	-8.245	-0.033
1657719508.743721483	-2459.336	-8.256	-0.032
1657719508.763710655	-2459.007	-8.267	-0.032
1657719508.783730128	-2458.677	-8.278	-0.032
1657719508.793713072	-2458.348	-8.289	-0.032
1657719508.813709922	-2458.019	-8.299	-0.031
1657719508.843817311	-2457.689	-8.310	-0.031
1657719508.863733333	-2457.360	-8.320	-0.031
1657719508.883720510	-2457.031	-8.331	-0.031
1657719508.893725982	-2456.701	-8.341	-0.030
1657719508.913772468	-2456.372	-8.351	-0.030
1657719508.943709855	-2456.042	-8.361	-0.030
1657719508.963714539	-2455.713	-8.372	-0.030
1657719508.983724906	-2455.384	-8.382	-0.029
1657719508.993715786	-2455.054	-8.391	-0.029
1657719509.013710151	-2454.725	-8.401	-0.029
1657719509.043690642	-2454.395	-8.411	-0.028
1657719509.063715672	-2454.066	-8.421	-0.028
1657719509.083715460	-2453.737	-8.430	-0.028
1657719509.103717644	-2453.407	-8.440	-0.028
1657719509.113714674	-2453.078	-8.449	-0.028
1657719509.133841818	-2452.748	-8.458	-0.027
1657719509.163733957	-2452.419	-8.468	-0.027
1657719509.183722999	-2452.090	-8.477	-0.027
1657719509.203783773	-2451.760	-8.486	-0.027
1657719509.213712636	-2451.431	-8.495	-0.026
1657719509.233709325	-2451.101	-8.504	-0.026
1657719509.263717660	-2450.772	-8.512	-0.026
1657719509.283720259	-2450.442	-8.521	-0.026
1657719509.303718529	-2450.113	-8.530	-0.026
1657719509.323717186	-2449.784	-8.539	-0.025
1657719509.333708537	-2449.454	-8.547	-0.025
1657719509.353711064	-2449.125	-8.556	-0.025
1657719509.383715630	-2448.795	-8.564	-0.025
1657719509.403715374	-2448.466	-8.572	-0.025
1657719509.423729803	-2448.136	-8.581	-0.025
1657719509.433717459	-2447.807	-8.589	-0.024
1657719509.453717485	-2447.477	-8.597	-0.024
1657719509.483755796	-2447.148	-8.605	-0.024
1657719509.503723971	-2446.819	-8.613	-0.024
1657719509.523773035	-2446.489	-8.621	-0.024
1657719509.533718874	-2446.160	-8.629	-0.024
1657719509.553717606	-2445.830	-8.637	-0.024
1657719509.583711591	-2445.501	-8.645	-0.023
1657719509.603719571	-2445.171	-8.653	-0.023
1657719509.623737695	-2444.842	-8.661	-0.023
1657719509.643722017	-2444.512	-8.669	-0.023
1657719509.653710244	-2444.183	-8.677	-0.023
1657719509.673750941	-2443.853	-8.684	-0.023
1657719509.703717223	-2443.524	-8.692	-0.023
1657719509.723729825	-2443.195	-8.699	-0.022
1657719509.743718358	-2442.865	-8.707	-0.022
1657719509.753715075	-2442.536	-8.714	-0.022
1657719509.773716861	-2442.206	-8.722	-0.022
1657719509.803715233	-2441.877	-8.729	-0.022
1657719509.823713444	-2441.547	-8.737	-0.022
1657719509.843721960	-2441.218	-8.744	-0.021
1657719509.863719384	-2440.888	-8.751	-0.021
1657719509.873723406	-2440.559	-8.758	-0.021
1657719509.893722848	-2440.229	-8.765	-0.021
1657719509.923737199	-2439.900	-8.772	-0.021
1657719509.943720097	-2439.570	-8.779	-0.021
1657719509.963717267	-2439.241	-8.786	-0.020
1657719509.973731570	-2438.911	-8.793	-0.020
1657719509.993710900	-2438.582	-8.800	-0.020
1657719510.023713844	-2438.252	-8.807	-0.020
1657719510.043725208	-2437.923	-8.813	-0.020
1657719510.063721049	-2437.594	-8.820	-0.019
1657719510.073756875	-2437.264	-8.827	-0.019
1657719510.093721722	-2436.935	-8.833	-0.019
1657719510.123718489	-2436.605	-8.840	-0.019
1657719510.143720062	-2436.276	-8.846	-0.019
1657719510.163702299	-2435.946	-8.852	-0.019
1657719510.183746470	-2435.617	-8.859	-0.018
1657719510.193716375	-2435.287	-8.865	-0.018
1657719510.213717123	-2434.958	-8.871	-0.018
1657719510.243710656	-2434.628	-8.877	-0.018
1657719510.263718346	-2434.299	-8.883	-0.018
1657719510.283752156	-2433.969	-8.889	-0.018
1657719510.293738069	-2433.640	-8.895	-0.017
1657719510.313678577	-2433.310	-8.901	-0.017
1657719510.343716292	-2432.981	-8.907	-0.017
1657719510.363713779	-2432.651	-8.913	-0.017
1657719510.383725454	-2432.322	-8.919	-0.017
1657719510.393709658	-2431.992	-8.924	-0.017
1657719510.413720797	-2431.663	-8.930	-0.016
1657719510.443714224	-2431.333	-8.936	-0.016
1657719510.463722247	-2431.004	-8.941	-0.016
1657719510.483720783	-2430.674	-8.947	-0.016
1657719510.503715903	-2430.345	-8.952	-0.016
1657719510.513709503	-2430.015	-8.957	-0.016
1657719510.533722995	-2429.686	-8.963	-0.015
1657719510.563711614	-2429.356	-8.968	-0.015
1657719510.583713784	-2429.027	-8.973	-0.015
1657719510.603700678	-2428.697	-8.978	-0.015
1657719510.613724393	-2428.368	-8.983	-0.015
1657719510.633713312	-2428.038	-8.989	-0.015
1657719510.663714927	-2427.709	-8.993	-0.015
1657719510.683714022	-2427.379	-8.998	-0.014
1657719510.703719010	-2427.050	-9.003	-0.014
1657719510.723740076	-2426.720	-9.008	-0.014
1657719510.733731906	-2426.391	-9.013	-0.014
1657719510.763718459	-2426.061	-9.018	-0.014
1657719510.783726851	-2425.732	-9.022	-0.014
1657719510.803735001	-2425.402	-9.027	-0.013
1657719510.813722618	-2425.073	-9.032	-0.013
1657719510.833709127	-2424.743	-9.036	-0.013
1657719510.863719875	-2424.414	-9.041	-0.013
1657719510.883714205	-2424.084	-9.045	-0.013
1657719510.903716712	-2423.755	-9.050	-0.013
1657719510.913716490	-2423.425	-9.054	-0.013
1657719510.933710068	-2423.096	-9.058	-0.012
1657719510.963711975	-2422.766	-9.062	-0.012
1657719510.983713465	-2422.437	-9.067	-0.012
1657719511.003697105	-2422.107	-9.071	-0.012
1657719511.023719926	-2421.778	-9.075	-0.012
1657719511.033741593	-2421.448	-9.079	-0.012
1657719511.053710223	-2421.119	-9.083	-0.011
1657719511.083723361	-2420.789	-9.087	-0.011
1657719511.103715471	-2420.460	-9.091	-0.011
1657719511.123712223	-2420.130	-9.094	-0.011
1657719511.133714186	-2419.801	-9.098	-0.011
1657719511.153715238	-2419.471	-9.102	-0.011
1657719511.183730035	-2419.142	-9.106	-0.011
1657719511.203710951	-2418.812	-9.109	-0.010
1657719511.223719955	-2418.483	-9.113	-0.010
1657719511.243708669	-2418.153	-9.116	-0.010
1657719511.253710478	-2417.824	-9.120	-0.010
1657719511.283712393	-2417.494	-9.123	-0.010
1657719511.303718539	-2417.165	-9.127	-0.010
1657719511.323709420	-2416.835	-9.130	-0.010
1657719511.343769536	-2416.506	-9.133	-0.009
1657719511.353717706	-2416.176	-9.137	-0.009
1657719511.373671086	-2415.847	-9.140	-0.009
1657719511.403709692	-2415.517	-9.143	-0.009
1657719511.423724296	-2415.188	-9.146	-0.009
1657719511.443715561	-2414.858	-9.149	-0.009
1657719511.463718993	-2414.529	-9.152	-0.009
1657719511.473789915	-2414.199	-9.155	-0.008
1657719511.493705456	-2413.870	-9.158	-0.008
1657719511.523774757	-2413.540	-9.161	-0.008
1657719511.543720516	-2413.211	-9.164	-0.008
1657719511.563752285	-2412.881	-9.167	-0.008
1657719511.573714568	-2412.552	-9.169	-0.008
1657719511.593739081	-2412.222	-9.172	-0.008
1657719511.623718537	-2411.893	-9.175	-0.008
1657719511.643715977	-2411.563	-9.177	-0.007
1657719511.663716933	-2411.234	-9.180	-0.007
1657719511.673711595	-2410.904	-9.183	-0.007
1657719511.693709903	-2410.575	-9.185	-0.007
1657719511.723712271	-2410.245	-9.187	-0.007
1657719511.743715074	-2409.916	-9.190	-0.007
1657719511.763773118	-2409.586	-9.192	-0.007
1657719511.783716472	-2409.257	-9.195	-0.007
1657719511.793716407	-2408.927	-9.197	-0.006
1657719511.813716008	-2408.598	-9.199	-0.006
1657719511.843713255	-2408.268	-9.201	-0.006
1657719511.863719980	-2407.939	-9.203	-0.006
1657719511.883716105	-2407.609	-9.206	-0.006
1657719511.893712254	-2407.279	-9.208	-0.006
1657719511.923718166	-2406.950	-9.210	-0.006
1657719511.943707307	-2406.620	-9.212	-0.006
1657719511.963716920	-2406.291	-9.214	-0.005
1657719511.973708974	-2405.961	-9.215	-0.005
1657719511.993706017	-2405.632	-9.217	-0.005
1657719512.023712774	-2405.302	-9.219	-0.005
1657719512.043730031	-2404.973	-9.221	-0.005
1657719512.063712151	-2404.643	-9.223	-0.005
1657719512.073738614	-2404.314	-9.224	-0.005
1657719512.093711197	-2403.984	-9.226	-0.005
1657719512.123719358	-2403.655	-9.228	-0.004
1657719512.143842642	-2403.325	-9.229	-0.004
1657719512.163713832	-2402.996	-9.231	-0.004
1657719512.183720211	-2402.666	-9.232	-0.004
1657719512.193711257	-2402.337	-9.234	-0.004
1657719512.213735627	-2402.007	-9.235	-0.004
1657719512.243715256	-2401.678	-9.237	-0.004
1657719512.263723481	-2401.348	-9.238	-0.004
1657719512.283716926	-2401.019	-9.239	-0.004
1657719512.293720086	-2400.689	-9.241	-0.003
1657719512.323715961	-2400.359	-9.242	-0.003
1657719512.343736431	-2400.030	-9.243	-0.003
1657719512.363746219	-2399.700	-9.244	-0.003
1657719512.373711573	-2399.371	-9.246	-0.003
1657719512.393722783	-2399.041	-9.247	-0.003
1657719512.423721460	-2398.712	-9.248	-0.003
1657719512.443718029	-2398.382	-9.249	-0.003
1657719512.463729725	-2398.053	-9.250	-0.003
1657719512.483711930	-2397.723	-9.251	-0.003
1657719512.493711057	-2397.394	-9.252	-0.002
1657719512.513728067	-2397.064	-9.253	-0.002
1657719512.543717993	-2396.735	-9.253	-0.002
1657719512.563756546	-2396.405	-9.254	-0.002
1657719512.583746913	-2396.076	-9.255	-0.002
1657719512.593711360	-2395.746	-9.256	-0.002
1657719512.613723591	-2395.417	-9.257	-0.002
1657719512.643726876	-2395.087	-9.257	-0.002
1657719512.663715332	-2394.757	-9.258	-0.002
1657719512.683722681	-2394.428	-9.259	-0.002
1657719512.703739547	-2394.098	-9.259	-0.001
1657719512.713740174	-2393.769	-9.260	-0.001
1657719512.733707896	-2393.439	-9.260	-0.001
1657719512.763896674	-2393.110	-9.261	-0.001
1657719512.783714010	-2392.780	-9.261	-0.001
1657719512.803717840	-2392.451	-9.262	-0.001
1657719512.813717502	-2392.121	-9.262	-0.001
1657719512.843712236	-2391.792	-9.263	-0.001
1657719512.863729805	-2391.462	-9.263	-0.001
1657719512.883710958	-2391.133	-9.263	-0.001
1657719512.903729298	-2390.803	-9.264	-0.001
1657719512.913717007	-2390.473	-9.264	-0.001
1657719512.943713178	-2390.144	-9.264	-0.000
1657719512.963750536	-2389.814	-9.265	-0.000
1657719512.983723024	-2389.485	-9.265	-0.000
1657719513.003728444	-2389.155	-9.265	-0.000
1657719513.013734623	-2388.826	-9.265	-0.000
1657719513.033714283	-2388.496	-9.265	-0.000
1657719513.063723707	-2388.167	-9.265	0.000
1657719513.083731619	-2387.837	-9.265	0.000
1657719513.103715914	-2387.508	-9.265	0.000
1657719513.113727977	-2387.178	-9.265	0.000
1657719513.133714082	-2386.849	-9.265	0.000
1657719513.163738216	-2386.519	-9.265	0.000
1657719513.183716218	-2386.189	-9.265	0.001
1657719513.203730989	-2385.860	-9.265	0.001
1657719513.223719662	-2385.530	-9.265	0.001
1657719513.233710847	-2385.201	-9.265	0.001
1657719513.253768181	-2384.871	-9.265	0.001
1657719513.283711770	-2384.542	-9.265	0.001
1657719513.303767389	-2384.212	-9.264	0.001
1657719513.323718307	-2383.883	-9.264	0.001
1657719513.333713788	-2383.553	-9.264	0.001
1657719513.363733127	-2383.224	-9.263	0.001
1657719513.383699160	-2382.894	-9.263	0.001
1657719513.403722467	-2382.564	-9.263	0.001
1657719513.423716359	-2382.235	-9.262	0.001
1657719513.433710870	-2381.905	-9.262	0.001
1657719513.463746758	-2381.576	-9.262	0.002
1657719513.483715204	-2381.246	-9.261	0.002
1657719513.503736019	-2380.917	-9.261	0.002
1657719513.523711674	-2380.587	-9.260	0.002
1657719513.533709924	-2380.258	-9.260	0.002
1657719513.563719702	-2379.928	-9.259	0.002
1657719513.583718239	-2379.598	-9.259	0.002
1657719513.603724540	-2379.269	-9.258	0.002
1657719513.623715352	-2378.939	-9.258	0.002
1657719513.633715393	-2378.610	-9.257	0.002
1657719513.653719722	-2378.280	-9.256	0.002
1657719513.683714432	-2377.951	-9.256	0.002
1657719513.703751100	-2377.621	-9.255	0.002
1657719513.723723125	-2377.292	-9.254	0.002
1657719513.733710309	-2376.962	-9.254	0.002
1657719513.753714895	-2376.632	-9.253	0.002
1657719513.783731224	-2376.303	-9.252	0.002
1657719513.803717454	-2375.973	-9.251	0.003
1657719513.823810410	-2375.644	-9.251	0.003
1657719513.833722643	-2375.314	-9.250	0.003
1657719513.853696428	-2374.985	-9.249	0.003
1657719513.883722923	-2374.655	-9.248	0.003
1657719513.903722786	-2374.326	-9.247	0.003
1657719513.923709722	-2373.996	-9.246	0.003
1657719513.933739699	-2373.666	-9.245	0.003
1657719513.953729460	-2373.337	-9.245	0.003
1657719513.983717615	-2373.007	-9.244	0.003
1657719514.003716792	-2372.678	-9.243	0.003
1657719514.023711034	-2372.348	-9.242	0.003
1657719514.033713214	-2372.019	-9.241	0.003
1657719514.053708760	-2371.689	-9.240	0.003
1657719514.083722650	-2371.360	-9.239	0.003
1657719514.103710825	-2371.030	-9.238	0.003
1657719514.123743000	-2370.700	-9.237	0.003
1657719514.133713901	-2370.371	-9.236	0.003
1657719514.153746861	-2370.041	-9.235	0.003
1657719514.183716818	-2369.712	-9.233	0.003
1657719514.203713376	-2369.382	-9.232	0.003
1657719514.223723194	-2369.053	-9.231	0.004
1657719514.243717076	-2368.723	-9.230	0.004
1657719514.253778303	-2368.394	-9.229	0.004
1657719514.273712933	-2368.064	-9.228	0.004
1657719514.303719879	-2367.734	-9.227	0.004
1657719514.323720576	-2367.405	-9.225	0.004
1657719514.343715592	-2367.075	-9.224	0.004
1657719514.353716480	-2366.746	-9.223	0.004
1657719514.373709775	-2366.416	-9.222	0.004
1657719514.403748383	-2366.087	-9.221	0.004
1657719514.423711478	-2365.757	-9.219	0.004
1657719514.443722936	-2365.428	-9.218	0.004
1657719514.463719891	-2365.098	-9.217	0.004
1657719514.473712362	-2364.768	-9.216	0.004
1657719514.493730551	-2364.439	-9.214	0.004
1657719514.523751857	-2364.109	-9.213	0.004
1657719514.543717686	-2363.780	-9.212	0.004
1657719514.563744110	-2363.450	-9.210	0.004
1657719514.573762965	-2363.121	-9.209	0.004
1657719514.593703930	-2362.791	-9.208	0.004
1657719514.623719376	-2362.461	-9.206	0.004
1657719514.643729217	-2362.132	-9.205	0.004
1657719514.663745438	-2361.802	-9.204	0.004
1657719514.673713945	-2361.473	-9.202	0.004
1657719514.693717421	-2361.143	-9.201	0.004
1657719514.723724550	-2360.814	-9.199	0.004
1657719514.743714109	-2360.484	-9.198	0.004
1657719514.763720057	-2360.154	-9.197	0.004
1657719514.783731480	-2359.825	-9.195	0.004
1657719514.793713904	-2359.495	-9.194	0.004
1657719514.813714916	-2359.166	-9.192	0.004
1657719514.843716282	-2358.836	-9.191	0.005
1657719514.863716236	-2358.507	-9.189	0.005
1657719514.883718985	-2358.177	-9.188	0.005
1657719514.893714968	-2357.848	-9.186	0.005
1657719514.913733680	-2357.518	-9.185	0.005
1657719514.943716045	-2357.188	-9.183	0.005
1657719514.963726753	-2356.859	-9.182	0.005
1657719514.983711742	-2356.529	-9.180	0.005
1657719515.003727803	-2356.200	-9.179	0.005
1657719515.013715353	-2355.870	-9.177	0.005
1657719515.043713574	-2355.541	-9.176	0.005
1657719515.063712313	-2355.211	-9.174	0.005
1657719515.083720314	-2354.881	-9.173	0.005
1657719515.103714901	-2354.552	-9.171	0.005
1657719515.113712467	-2354.222	-9.170	0.005
1657719515.143738669	-2353.893	-9.168	0.005
1657719515.163728093	-2353.563	-9.167	0.005
1657719515.183717364	-2353.234	-9.165	0.005
1657719515.203723677	-2352.904	-9.163	0.005
1657719515.213715605	-2352.574	-9.162	0.005
1657719515.233706737	-2352.245	-9.160	0.005
1657719515.263716479	-2351.915	-9.159	0.005
1657719515.283721934	-2351.586	-9.157	0.005
1657719515.303715047	-2351.256	-9.155	0.005
1657719515.313715606	-2350.927	-9.154	0.005
1657719515.333716925	-2350.597	-9.152	0.005
1657719515.363717296	-2350.267	-9.151	0.005
1657719515.383762796	-2349.938	-9.149	0.005
1657719515.403716317	-2349.608	-9.147	0.005
1657719515.413689676	-2349.279	-9.146	0.005
1657719515.433711866	-2348.949	-9.144	0.005
1657719515.463727327	-2348.620	-9.142	0.005
1657719515.483717774	-2348.290	-9.141	0.005
1657719515.503766322	-2347.960	-9.139	0.005
1657719515.513717637	-2347.631	-9.137	0.005
1657719515.533707604	-2347.301	-9.136	0.005
1657719515.563714287	-2346.972	-9.134	0.005
1657719515.583723090	-2346.642	-9.132	0.005
1657719515.613713675	-2346.313	-9.131	0.005
1657719515.623719790	-2345.983	-9.129	0.005
1657719515.643743647	-2345.653	-9.127	0.005
1657719515.663716349	-2345.324	-9.126	0.005
1657719515.673712363	-2344.994	-9.124	0.005
1657719515.693721104	-2344.665	-9.122	0.005
1657719515.723732637	-2344.335	-9.121	0.005
1657719515.743719555	-2344.006	-9.119	0.005
1657719515.763722647	-2343.676	-9.117	0.005
1657719515.773721210	-2343.346	-9.116	0.005
1657719515.793717732	-2343.017	-9.114	0.005
1657719515.823760428	-2342.687	-9.112	0.005
1657719515.843746999	-2342.358	-9.111	0.005
1657719515.863720887	-2342.028	-9.109	0.005
1657719515.873712359	-2341.698	-9.107	0.005
1657719515.893722060	-2341.369	-9.106	0.005
1657719515.923680962	-2341.039	-9.104	0.005
1657719515.943715505	-2340.710	-9.102	0.005
1657719515.963718505	-2340.380	-9.101	0.005
1657719515.983736620	-2340.051	-9.099	0.005
1657719515.993713567	-2339.721	-9.097	0.005
1657719516.013748952	-2339.391	-9.096	0.005
1657719516.043743932	-2339.062	-9.094	0.005
1657719516.063736995	-2338.732	-9.092	0.005
1657719516.083728050	-2338.403	-9.091	0.005
1657719516.093710585	-2338.073	-9.089	0.005
1657719516.113731511	-2337.744	-9.087	0.005
1657719516.143748014	-2337.414	-9.085	0.005
1657719516.163714177	-2337.084	-9.084	0.005
1657719516.183714255	-2336.755	-9.082	0.005
1657719516.193711607	-2336.425	-9.080	0.005
1657719516.213709839	-2336.096	-9.079	0.005
1657719516.243728600	-2335.766	-9.077	0.005
1657719516.263770505	-2335.437	-9.075	0.005
1657719516.283715110	-2335.107	-9.074	0.005
1657719516.293719002	-2334.777	-9.072	0.005
1657719516.313716131	-2334.448	-9.070	0.005
1657719516.343714671	-2334.118	-9.069	0.005
1657719516.363667517	-2333.789	-9.067	0.005
1657719516.383724787	-2333.459	-9.065	0.005
1657719516.393736484	-2333.130	-9.064	0.005
1657719516.413707680	-2332.800	-9.062	0.005
1657719516.443724478	-2332.470	-9.060	0.005
1657719516.463714201	-2332.141	-9.059	0.005
1657719516.483714973	-2331.811	-9.057	0.005
1657719516.493712174	-2331.482	-9.055	0.005
1657719516.513714633	-2331.152	-9.054	0.005
1657719516.543719698	-2330.822	-9.052	0.005
1657719516.563722803	-2330.493	-9.050	0.005
1657719516.583713279	-2330.163	-9.049	0.005
1657719516.603748016	-2329.834	-9.047	0.005
1657719516.613714908	-2329.504	-9.046	0.005
1657719516.633711275	-2329.175	-9.044	0.005
1657719516.663741965	-2328.845	-9.042	0.005
1657719516.683714078	-2328.515	-9.041	0.005
1657719516.703710872	-2328.186	-9.039	0.005
1657719516.713714295	-2327.856	-9.037	0.005
1657719516.743733650	-2327.527	-9.036	0.005
1657719516.763723773	-2327.197	-9.034	0.005
1657719516.783716387	-2326.868	-9.033	0.005
1657719516.803717454	-2326.538	-9.031	0.005
1657719516.813710918	-2326.208	-9.029	0.005
1657719516.833710200	-2325.879	-9.028	0.005
1657719516.863716849	-2325.549	-9.026	0.005
1657719516.883678663	-2325.220	-9.025	0.005
1657719516.903730407	-2324.890	-9.023	0.005
1657719516.913707480	-2324.560	-9.021	0.005
1657719516.943719120	-2324.231	-9.020	0.005
1657719516.963789726	-2323.901	-9.018	0.005
1657719516.983753728	-2323.572	-9.017	0.005
1657719517.003711478	-2323.242	-9.015	0.005
1657719517.013712461	-2322.913	-9.014	0.005
1657719517.033720106	-2322.583	-9.012	0.005
1657719517.063720715	-2322.253	-9.010	0.005
1657719517.083717228	-2321.924	-9.009	0.005
1657719517.103812050	-2321.594	-9.007	0.005
1657719517.123710320	-2321.265	-9.006	0.005
1657719517.133711989	-2320.935	-9.004	0.005
1657719517.153705481	-2320.605	-9.003	0.005
1657719517.183715686	-2320.276	-9.001	0.005
1657719517.203728203	-2319.946	-9.000	0.005
1657719517.223718816	-2319.617	-8.998	0.005
1657719517.233717375	-2319.287	-8.997	0.005
1657719517.253711708	-2318.958	-8.995	0.004
1657719517.283714408	-2318.628	-8.994	0.004
1657719517.303717103	-2318.298	-8.992	0.004
1657719517.323716634	-2317.969	-8.991	0.004
1657719517.343713614	-2317.639	-8.989	0.004
1657719517.353714265	-2317.310	-8.988	0.004
1657719517.374013014	-2316.980	-8.986	0.004
1657719517.403716524	-2316.651	-8.985	0.004
1657719517.423714335	-2316.321	-8.983	0.004
1657719517.443711634	-2315.991	-8.982	0.004
1657719517.453709487	-2315.662	-8.981	0.004
1657719517.473733147	-2315.332	-8.979	0.004
1657719517.503712959	-2315.003	-8.978	0.004
1657719517.523711790	-2314.673	-8.976	0.004
1657719517.543721307	-2314.343	-8.975	0.004
1657719517.563715956	-2314.014	-8.973	0.004
1657719517.573711283	-2313.684	-8.972	0.004
1657719517.593712119	-2313.355	-8.971	0.004
1657719517.623715651	-2313.025	-8.969	0.004
1657719517.643743780	-2312.696	-8.968	0.004
1657719517.663722985	-2312.366	-8.966	0.004
1657719517.673687652	-2312.036	-8.965	0.004
1657719517.693738470	-2311.707	-8.964	0.004
1657719517.723673533	-2311.377	-8.962	0.004
