-41.2568
-41.0796
-40.9024
-40.7251
-40.3952
-40.3952
-40.2158
-40.0365
-39.8571
-39.6777
-39.4983
-39.1648
-38.9816
-38.7984
-38.6152
-38.432
-38.1061
-37.9217
-37.7373
-37.5529
-37.3139
-37.1316
-36.9494
-36.7671
-36.492
-36.0954
-35.7258
-35.5131
-35.3176
-35.1222
-34.9267
-34.6972
-34.4695
-34.0846
-33.6809
-33.2793
-32.9722
-32.7761
-32.4269
-32.1495
-31.7333
-31.3984
-31.2144
-30.9059
-30.4899
-30.2335
-29.9735
-29.8241
-29.6748
-29.5254
-29.376
-29.2138
-28.9385
-28.6796
-28.5109
-28.2335
-28.0081
-27.8388
-27.6373
-27.4535
-27.2976
-27.0995
-26.9109
-26.8154
-26.7199
-26.6245
-26.529
-26.4335
-26.338
-26.2425
-26.1037
-26.0082
-25.9128
-25.8173
-25.7218
-25.6264
