16.299
16.2063
16.1136
16.0209
15.8484
15.8484
15.7599
15.6715
15.583
15.4946
15.4061
15.2417
15.1614
15.0811
15.0008
14.9206
14.7778
14.7004
14.623
14.5456
14.4454
14.3631
14.2808
14.1985
14.0743
13.9157
13.7894
13.7265
13.6841
13.6416
13.5992
13.5494
13.5182
13.5056
13.5245
13.5673
13.6022
13.6415
13.7114
13.7708
13.8976
14.0248
14.1032
14.2348
14.481
14.6422
14.7937
14.9267
15.0597
15.1927
15.3257
15.4702
15.705
15.998
16.1976
16.5757
16.8854
17.1267
17.4149
17.7108
17.9627
18.2921
18.6056
18.7813
18.957
19.1327
19.3085
19.4842
19.6599
19.8357
20.0911
20.2668
20.4426
20.6183
20.7941
20.9698
