-42.1505
-41.8847
-41.6188
-41.353
-41.0872
-40.8214
-40.3952
-40.3952
-40.1287
-39.8622
-39.5956
-39.3291
-39.0626
-38.796
-38.5295
-38.263
-37.9964
-37.7299
-37.4634
-37.1968
-36.9303
-36.6638
-36.3972
-36.1307
-35.8642
-35.5976
-35.3311
-35.0646
-34.798
-34.5315
-34.265
-33.9984
-33.7319
-33.4654
-33.1988
-32.9323
-32.6658
-32.3992
-32.1327
-31.6103
-31.3444
-31.0785
-30.8127
-30.5468
-30.2809
-30.0151
-29.7492
-29.4833
-29.2174
-28.9516
-28.6857
-28.4198
-28.1539
-27.8881
-27.6222
-27.3563
-27.0904
-26.8246
-26.5587
-26.2928
-26.0269
