273.743	335.490	-0.000
273.981	335.468	-0.016
274.252	335.441	-0.031
274.594	335.419	-0.039
274.998	335.394	-0.045
275.220	335.380	-0.048
275.457	335.365	-0.050
275.708	335.349	-0.053
275.971	335.331	-0.056
276.239	335.313	-0.058
276.510	335.295	-0.060
276.788	335.276	-0.062
277.075	335.256	-0.064
277.374	335.235	-0.065
277.686	335.213	-0.067
278.014	335.190	-0.068
278.352	335.165	-0.069
278.704	335.140	-0.070
279.067	335.113	-0.071
279.441	335.086	-0.072
279.821	335.061	-0.069
280.201	335.040	-0.064
280.578	335.021	-0.059
280.952	335.004	-0.055
281.321	334.987	-0.051
281.685	334.972	-0.047
282.044	334.957	-0.045
282.399	334.943	-0.042
282.753	334.930	-0.041
283.108	334.917	-0.039
283.465	334.905	-0.038
283.826	334.892	-0.037
284.190	334.880	-0.036
284.557	334.869	-0.033
284.926	334.860	-0.030
285.294	334.852	-0.028
285.662	334.844	-0.025
286.028	334.837	-0.023
286.391	334.830	-0.021
286.754	334.824	-0.020
287.114	334.818	-0.019
287.474	334.812	-0.018
287.835	334.806	-0.017
288.196	334.801	-0.016
288.558	334.795	-0.016
288.922	334.790	-0.015
289.286	334.785	-0.015
289.651	334.781	-0.014
290.017	334.777	-0.013
290.382	334.773	-0.011
290.746	334.770	-0.011
291.110	334.767	-0.010
291.473	334.764	-0.009
291.835	334.762	-0.008
292.197	334.759	-0.008
292.560	334.757	-0.008
292.922	334.754	-0.007
293.285	334.752	-0.007
293.649	334.750	-0.007
294.013	334.748	-0.006
294.376	334.745	-0.006
294.741	334.743	-0.006
295.104	334.742	-0.005
295.468	334.740	-0.005
295.832	334.739	-0.005
296.195	334.738	-0.004
296.558	334.736	-0.004
296.921	334.735	-0.004
297.284	334.734	-0.003
297.647	334.733	-0.003
298.010	334.732	-0.003
298.374	334.731	-0.003
298.737	334.730	-0.003
299.101	334.729	-0.003
299.464	334.728	-0.003
299.827	334.727	-0.003
300.188	334.726	-0.003
300.545	334.726	-0.002
300.899	334.725	-0.002
301.248	334.724	-0.002
301.592	334.724	-0.002
301.932	334.723	-0.002
302.268	334.723	-0.002
302.600	334.722	-0.002
302.929	334.721	-0.002
303.256	334.721	-0.002
303.581	334.720	-0.002
303.904	334.720	-0.002
304.225	334.719	-0.002
304.544	334.719	-0.002
304.861	334.719	-0.001
305.175	334.718	-0.001
305.486	334.718	-0.001
305.794	334.717	-0.001
306.098	334.717	-0.001
306.399	334.717	-0.001
306.697	334.716	-0.001
306.992	334.716	-0.001
307.285	334.715	-0.001
307.576	334.715	-0.001
307.864	334.715	-0.001
308.151	334.715	-0.001
308.435	334.714	-0.001
308.717	334.714	-0.001
308.996	334.714	-0.001
309.274	334.714	-0.001
309.548	334.713	-0.001
309.820	334.713	-0.001
310.089	334.713	-0.001
310.356	334.713	-0.001
310.620	334.713	-0.001
310.882	334.712	-0.001
311.142	334.712	-0.001
311.399	334.712	-0.001
311.655	334.712	-0.001
311.908	334.712	-0.001
312.160	334.711	-0.001
312.412	334.711	-0.001
312.659	334.711	-0.001
312.886	334.711	-0.001
313.117	334.711	-0.001
313.353	334.711	-0.001
313.596	334.710	-0.001
313.843	334.710	-0.001
314.089	334.710	-0.001
314.330	334.710	-0.001
314.566	334.712	0.001
314.801	334.716	0.004
315.037	334.721	0.007
315.280	334.725	0.009
315.531	334.730	0.011
315.793	334.736	0.013
316.057	334.742	0.015
316.325	334.748	0.017
316.598	334.754	0.018
316.880	334.761	0.020
317.172	334.769	0.021
317.476	334.776	0.022
317.792	334.789	0.027
318.120	334.807	0.035
318.464	334.829	0.044
318.820	334.855	0.053
319.189	334.883	0.060
319.568	334.914	0.067
319.949	334.946	0.074
320.329	334.980	0.079
320.705	335.019	0.088
321.073	335.068	0.104
321.433	335.125	0.123
321.787	335.188	0.142
322.135	335.260	0.164
322.476	335.344	0.191
322.813	335.439	0.220
323.151	335.544	0.247
323.489	335.661	0.277
323.827	335.790	0.308
324.164	335.933	0.340
324.497	336.087	0.373
324.828	336.250	0.404
325.153	336.423	0.435
325.469	336.606	0.468
325.777	336.798	0.501
326.075	336.999	0.535
326.363	337.210	0.569
326.643	337.431	0.605
326.917	337.661	0.637
327.183	337.901	0.671
327.443	338.151	0.705
327.693	338.412	0.741
327.935	338.682	0.776
328.167	338.962	0.813
328.388	339.250	0.850
328.602	339.545	0.884
328.804	339.847	0.919
328.995	340.155	0.954
329.174	340.468	0.989
329.340	340.787	1.025
329.498	341.111	1.058
329.643	341.440	1.093
329.769	341.774	1.134
329.879	342.114	1.177
329.977	342.459	1.219
330.064	342.810	1.257
330.143	343.166	1.292
330.214	343.525	1.322
330.278	343.887	1.349
330.335	344.249	1.373
330.383	344.611	1.398
330.422	344.972	1.422
330.455	345.332	1.443
330.482	345.692	1.462
330.506	346.052	1.478
330.525	346.413	1.492
330.542	346.774	1.504
330.556	347.137	1.514
330.569	347.500	1.523
330.579	347.864	1.530
330.587	348.229	1.537
330.594	348.593	1.543
330.599	348.958	1.548
330.604	349.322	1.552
330.607	349.685	1.555
330.610	350.048	1.558
330.612	350.411	1.561
330.614	350.773	1.563
330.615	351.136	1.564
330.616	351.499	1.566
330.617	351.862	1.567
330.618	352.226	1.568
330.618	352.589	1.569
330.618	352.953	1.569
330.618	353.317	1.570
330.618	353.681	1.570
330.618	354.044	1.571
330.618	354.408	1.571
330.618	354.771	1.571
330.618	355.134	1.571
330.617	355.497	1.571
330.617	355.861	1.571
330.617	356.224	1.571
330.617	356.587	1.571
330.616	356.950	1.571
330.616	357.314	1.571
330.616	357.677	1.572
330.615	358.041	1.572
330.615	358.405	1.572
330.615	358.768	1.572
330.615	359.131	1.572
330.615	359.495	1.572
330.614	359.858	1.572
330.614	360.222	1.572
330.614	360.585	1.572
330.614	360.948	1.572
330.614	361.312	1.572
330.613	361.675	1.572
330.613	362.038	1.572
330.613	362.402	1.572
330.613	362.765	1.572
330.613	363.129	1.571
330.612	363.492	1.571
330.612	363.855	1.571
330.612	364.219	1.571
330.612	364.582	1.571
330.612	364.945	1.571
330.612	365.309	1.571
330.611	365.672	1.571
330.611	366.036	1.571
330.611	366.399	1.571
330.611	366.762	1.571
330.611	367.126	1.571
330.611	367.489	1.571
330.611	367.852	1.571
330.611	368.216	1.571
330.611	368.579	1.571
330.611	368.943	1.571
330.611	369.306	1.571
330.611	369.669	1.571
330.611	370.033	1.571
330.611	370.396	1.571
330.611	370.760	1.571
330.611	371.123	1.571
330.611	371.486	1.571
330.611	371.850	1.571
330.611	372.213	1.571
330.611	372.577	1.571
330.611	372.940	1.571
330.611	373.303	1.571
330.611	373.667	1.571
330.611	374.030	1.571
330.611	374.393	1.571
330.611	374.757	1.571
330.611	375.120	1.571
330.611	375.484	1.571
330.611	375.847	1.571
330.611	376.210	1.571
330.611	376.574	1.571
330.611	376.937	1.571
330.611	377.300	1.571
330.611	377.664	1.571
330.611	378.027	1.571
330.609	378.391	1.573
330.606	378.754	1.575
330.602	379.117	1.577
330.598	379.480	1.579
330.593	379.844	1.581
330.588	380.207	1.583
330.582	380.571	1.584
330.576	380.934	1.585
330.570	381.298	1.586
330.564	381.661	1.587
330.558	382.024	1.587
330.551	382.388	1.588
330.545	382.751	1.588
330.534	383.114	1.592
330.514	383.475	1.604
330.486	383.836	1.619
330.452	384.196	1.635
330.415	384.556	1.649
330.373	384.917	1.662
330.329	385.278	1.674
330.281	385.640	1.684
330.228	386.000	1.696
330.167	386.358	1.711
330.102	386.715	1.725
330.029	387.070	1.743
329.948	387.422	1.762
329.860	387.773	1.781
329.764	388.122	1.802
329.659	388.468	1.825
329.543	388.810	1.850
329.418	389.150	1.876
329.286	389.487	1.900
329.144	389.821	1.927
328.992	390.150	1.954
328.832	390.476	1.980
328.664	390.797	2.007
328.485	391.112	2.035
328.296	391.420	2.066
328.097	391.721	2.097
327.891	392.017	2.127
327.674	392.306	2.159
327.447	392.587	2.191
327.210	392.859	2.225
326.963	393.122	2.260
326.706	393.376	2.297
326.440	393.618	2.335
326.165	393.854	2.370
325.881	394.079	2.406
325.589	394.292	2.443
325.290	394.494	2.481
324.982	394.682	2.520
324.669	394.862	2.557
324.349	395.034	2.590
324.025	395.199	2.619
323.696	395.352	2.650
323.363	395.493	2.683
323.026	395.625	2.714
322.686	395.745	2.746
322.341	395.852	2.780
321.994	395.949	2.811
321.643	396.034	2.845
321.290	396.102	2.882
320.934	396.159	2.918
320.575	396.207	2.951
320.214	396.246	2.980
319.850	396.280	3.006
319.485	396.307	3.028
319.121	396.330	3.048
318.756	396.348	3.064
318.393	396.362	3.078
318.030	396.374	3.090
317.667	396.383	3.100
317.306	396.389	3.109
316.944	396.394	3.116
316.582	396.398	3.122
316.219	396.401	3.127
315.856	396.402	3.131
315.492	396.403	3.134
315.128	396.402	3.137
314.764	396.402	3.140
314.400	396.400	-3.141
314.036	396.399	-3.140
313.672	396.397	-3.138
313.309	396.394	-3.137
312.946	396.392	-3.137
312.583	396.390	-3.136
312.220	396.388	-3.136
311.857	396.386	-3.136
311.494	396.384	-3.136
311.131	396.382	-3.136
310.767	396.380	-3.136
310.403	396.379	-3.136
310.040	396.377	-3.136
309.676	396.375	-3.136
309.312	396.373	-3.136
308.949	396.371	-3.137
308.586	396.370	-3.137
308.222	396.368	-3.137
307.859	396.366	-3.137
307.496	396.365	-3.137
307.133	396.364	-3.137
306.769	396.362	-3.138
306.406	396.361	-3.138
306.043	396.360	-3.138
305.679	396.359	-3.138
305.316	396.358	-3.139
304.952	396.357	-3.139
304.589	396.356	-3.139
304.225	396.355	-3.139
303.862	396.354	-3.139
303.498	396.353	-3.139
303.134	396.352	-3.139
302.765	396.352	-3.139
302.390	396.351	-3.140
302.006	396.351	-3.140
301.612	396.350	-3.140
301.207	396.349	-3.140
300.789	396.349	-3.140
300.359	396.348	-3.140
299.916	396.347	-3.140
299.459	396.347	-3.140
298.990	396.346	-3.140
298.506	396.346	-3.140
298.010	396.345	-3.140
297.499	396.345	-3.140
296.975	396.344	-3.141
296.436	396.343	-3.141
295.885	396.343	-3.141
295.320	396.342	-3.141
294.743	396.342	-3.141
294.154	396.341	-3.141
293.553	396.341	-3.141
292.939	396.340	-3.141
292.315	396.340	-3.141
291.678	396.339	-3.141
291.031	396.339	-3.141
290.372	396.339	-3.141
289.701	396.338	-3.141
289.020	396.338	-3.141
288.327	396.338	-3.141
287.624	396.337	-3.141
286.909	396.337	-3.141
286.183	396.336	-3.141
285.446	396.336	-3.141
284.699	396.336	-3.141
283.941	396.335	-3.141
283.172	396.335	-3.141
282.392	396.335	-3.141
281.602	396.335	-3.141
280.802	396.335	-3.141
279.990	396.334	-3.141
279.169	396.334	-3.141
278.337	396.334	-3.141
277.494	396.334	-3.141
276.642	396.333	-3.141
275.779	396.333	-3.141
274.906	396.333	-3.141
274.023	396.333	-3.141
273.129	396.333	-3.141
272.226	396.333	-3.141
271.313	396.332	-3.141
270.390	396.332	-3.141
269.457	396.332	-3.141
268.514	396.331	-3.141
267.562	396.331	-3.141
266.600	396.331	-3.141
265.628	396.330	-3.141
264.647	396.330	-3.141
263.656	396.330	-3.141
262.655	396.329	-3.141
261.645	396.329	-3.141
260.626	396.328	-3.141
259.597	396.328	-3.141
258.560	396.328	-3.141
257.512	396.327	-3.141
256.456	396.327	-3.141
255.391	396.326	-3.141
254.316	396.326	-3.141
253.232	396.326	-3.141
252.140	396.325	-3.141
251.041	396.325	-3.141
249.938	396.324	-3.141
248.835	396.324	-3.141
247.734	396.324	-3.141
246.636	396.323	-3.141
245.544	396.323	-3.141
244.455	396.322	-3.141
243.370	396.322	-3.141
242.286	396.322	-3.141
241.203	396.321	-3.141
240.118	396.321	-3.141
239.032	396.321	-3.141
237.943	396.320	-3.141
236.852	396.320	-3.141
235.759	396.319	-3.141
234.666	396.319	-3.141
233.572	396.319	-3.141
232.480	396.318	-3.141
231.389	396.318	-3.141
230.298	396.317	-3.141
229.209	396.317	-3.141
228.120	396.317	-3.141
227.032	396.316	-3.141
225.944	396.316	-3.141
224.855	396.315	-3.141
223.765	396.315	-3.141
222.675	396.315	-3.141
221.585	396.314	-3.141
220.494	396.314	-3.141
219.403	396.314	-3.141
218.313	396.313	-3.141
217.222	396.313	-3.141
216.132	396.312	-3.141
215.042	396.312	-3.141
213.952	396.312	-3.141
212.863	396.311	-3.141
211.773	396.311	-3.141
210.683	396.310	-3.141
209.594	396.310	-3.141
208.504	396.310	-3.141
207.414	396.309	-3.141
206.323	396.309	-3.141
205.233	396.309	-3.141
204.143	396.309	-3.142
203.053	396.308	-3.142
201.963	396.308	-3.142
200.873	396.308	3.142
199.783	396.308	3.142
198.693	396.308	3.142
197.603	396.308	3.142
196.513	396.308	3.141
195.423	396.308	3.141
194.333	396.308	3.141
193.243	396.308	3.141
192.153	396.308	3.141
191.063	396.308	3.141
189.973	396.308	3.142
188.883	396.308	3.142
187.793	396.308	3.142
186.703	396.308	3.142
185.613	396.308	3.142
184.523	396.308	3.142
183.433	396.309	-3.142
182.343	396.309	-3.142
181.253	396.309	-3.141
180.163	396.308	-3.141
179.073	396.308	-3.141
177.983	396.308	-3.141
176.893	396.308	-3.141
175.803	396.308	-3.141
174.713	396.307	-3.141
173.623	396.307	-3.141
172.533	396.307	-3.141
171.443	396.307	-3.141
170.353	396.306	-3.141
169.263	396.306	-3.141
168.173	396.305	-3.141
167.083	396.305	-3.141
165.993	396.305	-3.141
164.903	396.305	-3.141
163.813	396.304	-3.141
162.723	396.304	-3.141
161.633	396.304	-3.141
160.543	396.303	-3.141
159.453	396.303	-3.141
158.363	396.303	-3.141
157.273	396.303	-3.141
156.183	396.302	-3.141
155.093	396.302	-3.141
154.003	396.302	-3.141
152.913	396.302	-3.141
151.823	396.302	-3.141
150.733	396.301	-3.141
149.643	396.301	-3.141
148.553	396.301	-3.141
147.463	396.301	-3.141
146.373	396.301	-3.141
145.283	396.300	-3.141
144.193	396.300	-3.141
143.103	396.300	-3.141
142.013	396.300	-3.141
140.923	396.300	-3.141
139.833	396.299	-3.141
138.743	396.299	-3.141
137.653	396.299	-3.141
136.563	396.298	-3.141
135.473	396.298	-3.141
134.383	396.298	-3.141
133.293	396.298	-3.141
132.203	396.298	-3.141
131.113	396.297	-3.141
130.023	396.297	-3.141
128.933	396.297	-3.141
127.843	396.297	-3.141
126.753	396.297	-3.141
125.663	396.296	-3.141
124.573	396.296	-3.141
123.483	396.296	-3.141
122.393	396.296	-3.141
121.303	396.296	-3.141
120.213	396.295	-3.141
119.123	396.295	-3.141
118.033	396.295	-3.141
116.943	396.295	-3.141
115.853	396.294	-3.141
114.763	396.294	-3.141
113.673	396.294	-3.141
112.583	396.294	-3.141
111.493	396.294	-3.141
110.403	396.293	-3.141
109.313	396.293	-3.141
108.223	396.292	-3.141
107.133	396.292	-3.141
106.043	396.292	-3.141
104.953	396.291	-3.141
103.863	396.291	-3.141
102.773	396.290	-3.141
101.683	396.290	-3.141
100.594	396.290	-3.141
99.507	396.289	-3.141
98.424	396.289	-3.141
97.348	396.289	-3.141
96.280	396.288	-3.141
95.222	396.288	-3.141
94.173	396.288	-3.142
93.135	396.288	3.142
92.105	396.288	3.142
91.083	396.288	3.141
90.068	396.288	3.141
89.059	396.288	3.141
88.055	396.289	3.141
87.056	396.289	3.141
86.062	396.289	3.141
85.074	396.290	3.141
84.091	396.291	3.141
83.115	396.291	3.141
82.145	396.292	3.141
81.182	396.293	3.141
80.226	396.294	3.141
79.277	396.295	3.141
78.335	396.296	3.140
77.399	396.297	3.140
76.474	396.298	3.140
75.562	396.299	3.140
74.664	396.300	3.140
73.779	396.301	3.140
72.904	396.302	3.140
72.034	396.303	3.140
71.169	396.304	3.140
70.308	396.305	3.140
69.451	396.306	3.140
68.596	396.307	3.140
67.745	396.308	3.140
66.901	396.309	3.140
66.070	396.310	3.140
65.252	396.311	3.140
64.449	396.312	3.140
63.659	396.313	3.140
62.882	396.314	3.140
62.118	396.315	3.140
61.365	396.316	3.140
60.623	396.317	3.140
59.891	396.318	3.140
59.168	396.319	3.140
58.453	396.320	3.140
57.747	396.321	3.140
57.050	396.322	3.140
56.360	396.323	3.140
55.679	396.324	3.140
55.006	396.325	3.140
54.342	396.325	3.140
53.687	396.326	3.140
53.041	396.327	3.140
52.403	396.328	3.140
51.774	396.329	3.140
51.153	396.330	3.140
50.540	396.330	3.140
49.935	396.331	3.140
49.338	396.332	3.140
48.749	396.333	3.140
48.171	396.333	3.140
47.606	396.334	3.140
47.056	396.335	3.140
46.521	396.335	3.140
45.999	396.336	3.141
45.488	396.337	3.140
44.989	396.337	3.141
44.499	396.338	3.140
44.018	396.338	3.141
43.544	396.339	3.140
43.075	396.340	3.141
42.610	396.340	3.140
42.148	396.341	3.141
41.688	396.341	3.140
41.231	396.342	3.141
40.776	396.342	3.140
40.325	396.343	3.141
39.877	396.343	3.140
39.434	396.344	3.141
38.996	396.344	3.140
38.563	396.345	3.141
38.135	396.346	3.140
37.712	396.346	3.141
37.294	396.347	3.140
36.880	396.348	3.141
36.471	396.348	3.140
36.065	396.349	3.141
35.662	396.349	3.140
35.263	396.350	3.141
34.868	396.350	3.140
34.476	396.351	3.141
34.091	396.351	3.140
33.714	396.352	3.141
33.344	396.352	3.140
32.981	396.352	3.141
32.624	396.353	3.140
32.271	396.353	3.141
31.920	396.354	3.140
31.568	396.354	3.141
31.212	396.354	3.140
30.852	396.355	3.141
30.486	396.355	3.140
30.117	396.356	3.141
29.746	396.356	3.140
29.375	396.356	3.141
29.006	396.357	3.140
28.639	396.357	3.141
28.276	396.358	3.140
27.914	396.358	3.141
27.555	396.358	3.140
27.196	396.359	3.141
26.837	396.359	3.140
26.476	396.360	3.141
26.114	396.360	3.140
25.751	396.361	3.141
25.385	396.361	3.140
25.020	396.362	3.141
24.653	396.362	3.140
24.288	396.363	3.141
23.923	396.363	3.140
23.559	396.364	3.141
23.197	396.364	3.140
22.834	396.365	3.141
22.473	396.365	3.140
22.111	396.366	3.141
21.748	396.366	3.140
21.386	396.366	3.141
21.022	396.367	3.140
20.658	396.367	3.141
20.294	396.367	3.140
19.930	396.368	3.141
19.566	396.368	3.140
19.202	396.369	3.141
18.838	396.369	3.140
18.475	396.370	3.141
18.112	396.370	3.140
17.749	396.370	3.141
17.386	396.371	3.140
17.023	396.371	3.141
16.660	396.371	3.140
16.297	396.372	3.141
15.933	396.372	3.140
15.570	396.373	3.141
15.206	396.373	3.140
14.842	396.374	3.141
14.479	396.374	3.140
14.115	396.375	3.140
13.752	396.375	3.140
13.389	396.376	3.141
13.026	396.373	-3.140
12.664	396.363	-3.131
12.301	396.349	-3.122
11.939	396.333	-3.112
11.576	396.314	-3.105
11.213	396.294	-3.097
10.850	396.272	-3.092
10.487	396.249	-3.086
10.124	396.224	-3.082
9.761	396.199	-3.078
9.398	396.173	-3.075
9.036	396.146	-3.072
8.674	396.115	-3.066
8.314	396.078	-3.057
7.954	396.037	-3.048
7.595	395.991	-3.034
7.237	395.935	-3.019
6.881	395.872	-2.999
6.528	395.797	-2.977
6.175	395.717	-2.955
5.824	395.625	-2.931
5.477	395.524	-2.904
5.133	395.411	-2.876
4.793	395.287	-2.845
4.459	395.150	-2.813
4.130	395.003	-2.779
3.804	394.845	-2.748
3.483	394.677	-2.715
3.169	394.498	-2.682
2.862	394.307	-2.647
2.562	394.106	-2.612
2.271	393.893	-2.575
1.987	393.670	-2.539
1.710	393.438	-2.504
1.441	393.195	-2.470
1.181	392.944	-2.434
0.931	392.683	-2.398
0.692	392.413	-2.361
0.464	392.133	-2.323
0.248	391.845	-2.283
0.040	391.550	-2.248
-0.158	391.247	-2.211
-0.343	390.936	-2.175
-0.520	390.620	-2.140
-0.690	390.299	-2.109
-0.853	389.973	-2.081
-1.005	389.643	-2.052
-1.144	389.309	-2.021
-1.271	388.972	-1.988
-1.385	388.631	-1.953
-1.489	388.286	-1.921
-1.580	387.937	-1.886
-1.654	387.586	-1.849
-1.717	387.231	-1.811
-1.769	386.873	-1.777
-1.814	386.512	-1.746
-1.852	386.148	-1.720
-1.884	385.784	-1.696
-1.910	385.419	-1.677
-1.933	385.054	-1.659
-1.951	384.691	-1.645
-1.966	384.328	-1.632
-1.978	383.966	-1.621
-1.988	383.605	-1.612
-1.995	383.243	-1.604
-2.001	382.882	-1.597
-2.005	382.519	-1.592
-2.009	382.156	-1.587
-2.011	381.792	-1.584
-2.013	381.428	-1.580
-2.014	381.064	-1.578
-2.015	380.699	-1.575
-2.015	380.335	-1.574
-2.014	379.971	-1.572
-2.014	379.608	-1.571
-2.013	379.245	-1.570
-2.012	378.882	-1.569
-2.011	378.520	-1.569
-2.010	378.157	-1.569
-2.009	377.794	-1.568
-2.008	377.431	-1.569
-2.008	377.067	-1.568
-2.007	376.703	-1.569
-2.006	376.340	-1.568
-2.005	375.976	-1.569
-2.004	375.612	-1.568
-2.003	375.249	-1.569
-2.002	374.885	-1.568
-2.001	374.522	-1.569
-2.001	374.159	-1.568
-2.000	373.796	-1.569
-1.999	373.433	-1.569
-1.999	373.070	-1.569
-1.998	372.706	-1.569
-1.998	372.343	-1.570
-1.997	371.979	-1.569
-1.997	371.616	-1.570
-1.997	371.252	-1.569
-1.996	370.889	-1.570
-1.996	370.525	-1.569
-1.995	370.162	-1.570
-1.995	369.799	-1.569
-1.994	369.435	-1.570
-1.994	369.072	-1.570
-1.994	368.709	-1.570
-1.994	368.346	-1.570
-1.994	367.982	-1.570
-1.994	367.619	-1.570
-1.993	367.256	-1.571
-1.993	366.892	-1.570
-1.993	366.529	-1.571
-1.993	366.165	-1.570
-1.993	365.802	-1.571
-1.993	365.439	-1.570
-1.993	365.077	-1.571
-1.993	364.718	-1.570
-1.993	364.363	-1.571
-1.993	364.011	-1.570
-1.993	363.664	-1.571
-1.993	363.322	-1.571
-1.993	362.984	-1.571
-1.993	362.650	-1.571
-1.993	362.319	-1.571
-1.993	361.991	-1.571
-1.993	361.665	-1.571
-1.994	361.341	-1.571
-1.994	361.019	-1.571
-1.994	360.699	-1.571
-1.994	360.381	-1.571
-1.994	360.066	-1.571
-1.994	359.753	-1.572
-1.994	359.444	-1.571
-1.994	359.138	-1.571
-1.995	358.835	-1.571
-1.995	358.535	-1.571
-1.995	358.238	-1.571
-1.995	357.944	-1.572
-1.995	357.652	-1.571
-1.995	357.363	-1.572
-1.995	357.076	-1.571
-1.995	356.790	-1.572
-1.996	356.507	-1.571
-1.996	356.227	-1.571
-1.996	355.948	-1.571
-1.996	355.672	-1.571
-1.996	355.399	-1.571
-1.996	355.128	-1.571
-1.996	354.860	-1.571
-1.996	354.595	-1.571
-1.996	354.331	-1.571
-1.996	354.071	-1.572
-1.997	353.812	-1.571
-1.997	353.555	-1.572
-1.997	353.301	-1.571
-1.997	353.048	-1.572
-1.997	352.797	-1.572
-1.997	352.543	-1.572
-1.997	352.291	-1.572
-1.998	352.042	-1.572
-1.998	351.798	-1.571
-1.998	351.555	-1.570
-1.998	351.314	-1.571
-1.998	351.076	-1.571
-1.998	350.841	-1.571
-1.998	350.609	-1.571
-1.998	350.379	-1.571
-1.999	350.151	-1.571
-1.999	349.924	-1.571
-1.999	349.699	-1.571
-1.999	349.476	-1.571
-1.999	349.254	-1.571
-1.999	349.035	-1.571
-1.999	348.818	-1.571
-1.999	348.603	-1.571
-1.999	348.390	-1.571
-1.999	348.178	-1.571
-2.000	347.968	-1.571
-2.000	347.757	-1.571
-2.000	347.542	-1.571
-2.000	347.319	-1.571
-2.000	347.086	-1.571
-2.000	346.840	-1.571
-2.000	346.583	-1.571
-2.000	346.317	-1.571
-2.000	346.049	-1.571
-2.001	345.776	-1.571
-2.001	345.494	-1.571
-2.001	345.203	-1.571
-2.001	344.901	-1.571
-2.001	344.586	-1.571
-2.001	344.259	-1.571
-2.001	343.918	-1.571
-2.002	343.564	-1.571
-2.002	343.195	-1.571
-2.002	342.816	-1.571
-2.002	342.432	-1.571
-2.002	342.048	-1.571
-2.003	341.668	-1.571
-2.003	341.294	-1.571
-2.003	340.924	-1.571
-2.003	340.560	-1.571
-2.003	340.201	-1.571
-2.004	339.845	-1.571
-2.004	339.491	-1.571
-2.004	339.136	-1.571
-2.004	338.779	-1.571
-2.004	338.419	-1.571
-2.005	338.054	-1.571
-2.005	337.687	-1.571
-2.005	337.318	-1.571
-2.005	336.949	-1.571
-2.005	336.581	-1.571
-2.006	336.215	-1.571
-2.006	335.851	-1.571
-2.006	335.489	-1.571
-2.006	335.128	-1.571
-2.006	334.768	-1.571
-2.007	334.408	-1.571
-2.007	334.047	-1.571
-2.007	333.685	-1.571
-2.007	333.321	-1.571
-2.007	332.957	-1.571
-2.008	332.592	-1.571
-2.008	332.226	-1.571
-2.008	331.861	-1.571
-2.008	331.497	-1.571
-2.008	331.133	-1.571
-2.009	330.770	-1.571
-2.009	330.408	-1.571
-2.009	330.045	-1.571
-2.009	329.683	-1.571
-2.009	329.320	-1.571
-2.010	328.957	-1.571
-2.010	328.594	-1.571
-2.010	328.230	-1.571
-2.010	327.866	-1.571
-2.010	327.502	-1.571
-2.011	327.138	-1.571
-2.011	326.774	-1.571
-2.011	326.411	-1.571
-2.011	326.048	-1.571
-2.011	325.685	-1.571
-2.012	325.322	-1.571
-2.012	324.958	-1.571
-2.012	324.595	-1.571
-2.012	324.232	-1.571
-2.012	323.869	-1.571
-2.013	323.505	-1.571
-2.013	323.142	-1.571
-2.013	322.778	-1.571
-2.013	322.414	-1.571
-2.013	322.051	-1.571
-2.014	321.688	-1.571
-2.014	321.324	-1.571
-2.014	320.961	-1.571
-2.014	320.598	-1.571
-2.014	320.234	-1.571
-2.015	319.871	-1.571
-2.015	319.508	-1.571
-2.015	319.144	-1.571
-2.015	318.781	-1.571
-2.015	318.417	-1.571
-2.016	318.054	-1.571
-2.016	317.690	-1.571
-2.016	317.327	-1.571
-2.016	316.964	-1.571
-2.016	316.600	-1.571
-2.017	316.237	-1.571
-2.017	315.873	-1.571
-2.017	315.510	-1.571
-2.017	315.145	-1.571
-2.017	314.777	-1.571
-2.018	314.402	-1.571
-2.018	314.017	-1.571
-2.018	313.623	-1.571
-2.018	313.218	-1.571
-2.019	312.800	-1.571
-2.019	312.369	-1.571
-2.019	311.926	-1.571
-2.019	311.469	-1.571
-2.020	311.000	-1.571
-2.020	310.516	-1.571
-2.020	310.019	-1.571
-2.020	309.509	-1.571
-2.021	308.984	-1.571
-2.021	308.446	-1.571
-2.021	307.894	-1.571
-2.022	307.329	-1.571
-2.022	306.752	-1.571
-2.022	306.162	-1.571
-2.022	305.561	-1.571
-2.022	304.948	-1.571
-2.023	304.323	-1.571
-2.023	303.686	-1.571
-2.023	303.038	-1.571
-2.024	302.379	-1.571
-2.024	301.709	-1.571
-2.024	301.027	-1.571
-2.025	300.334	-1.571
-2.025	299.630	-1.571
-2.026	298.916	-1.571
-2.026	298.193	-1.571
-2.026	297.464	-1.571
-2.027	296.732	-1.571
-2.027	296.001	-1.571
-2.028	295.273	-1.571
-2.028	294.548	-1.571
-2.029	293.826	-1.571
-2.029	293.108	-1.571
-2.029	292.393	-1.571
-2.029	291.678	-1.571
-2.029	290.964	-1.571
-2.030	290.249	-1.571
-2.030	289.534	-1.571
-2.030	288.817	-1.571
-2.030	288.099	-1.571
-2.030	287.380	-1.571
-2.030	286.661	-1.571
-2.031	285.941	-1.571
-2.031	285.222	-1.571
-2.031	284.503	-1.571
-2.031	283.784	-1.571
-2.031	283.065	-1.571
-2.031	282.347	-1.571
-2.031	281.629	-1.571
-2.031	280.911	-1.571
-2.031	280.193	-1.571
-2.031	279.475	-1.571
-2.031	278.757	-1.571
-2.031	278.039	-1.571
-2.031	277.321	-1.571
-2.031	276.603	-1.571
-2.031	275.884	-1.571
-2.031	275.166	-1.571
-2.031	274.448	-1.571
-2.031	273.729	-1.571
-2.031	273.011	-1.571
-2.031	272.293	-1.571
-2.031	271.574	-1.571
-2.031	270.856	-1.571
-2.031	270.138	-1.571
-2.031	269.420	-1.571
-2.032	268.701	-1.571
-2.032	267.983	-1.571
-2.032	267.265	-1.571
-2.032	266.547	-1.571
-2.032	265.828	-1.571
-2.032	265.110	-1.571
-2.032	264.392	-1.571
-2.032	263.674	-1.571
-2.033	262.955	-1.571
-2.033	262.237	-1.571
-2.033	261.519	-1.571
-2.033	260.801	-1.571
-2.033	260.082	-1.571
-2.033	259.364	-1.571
-2.033	258.646	-1.571
-2.033	257.927	-1.571
-2.033	257.209	-1.571
-2.033	256.491	-1.571
-2.034	255.773	-1.571
-2.034	255.054	-1.571
-2.034	254.336	-1.571
-2.034	253.618	-1.571
-2.034	252.900	-1.571
-2.034	252.181	-1.571
-2.034	251.463	-1.571
-2.034	250.745	-1.571
-2.034	250.027	-1.571
-2.034	249.308	-1.571
-2.035	248.590	-1.571
-2.035	247.872	-1.571
-2.035	247.154	-1.571
-2.035	246.435	-1.571
-2.035	245.717	-1.571
-2.035	244.999	-1.571
-2.035	244.280	-1.571
-2.035	243.562	-1.571
-2.035	242.844	-1.571
-2.035	242.126	-1.571
-2.035	241.407	-1.571
-2.035	240.689	-1.571
-2.035	239.971	-1.571
-2.035	239.253	-1.571
-2.036	238.534	-1.571
-2.036	237.816	-1.571
-2.036	237.098	-1.571
-2.036	236.380	-1.571
-2.036	235.661	-1.571
-2.036	234.943	-1.571
-2.036	234.225	-1.571
-2.036	233.507	-1.571
-2.036	232.788	-1.571
-2.036	232.070	-1.571
-2.036	231.352	-1.571
-2.036	230.634	-1.571
-2.037	229.915	-1.571
-2.037	229.197	-1.571
-2.037	228.479	-1.571
-2.037	227.760	-1.571
-2.037	227.042	-1.571
-2.037	226.324	-1.571
-2.037	225.606	-1.571
-2.037	224.887	-1.571
-2.037	224.169	-1.571
-2.037	223.451	-1.571
-2.037	222.733	-1.571
-2.037	222.014	-1.571
-2.037	221.296	-1.571
-2.037	220.578	-1.571
-2.037	219.860	-1.571
-2.037	219.141	-1.571
-2.038	218.423	-1.571
-2.038	217.705	-1.571
-2.038	216.989	-1.571
-2.038	216.276	-1.571
-2.038	215.568	-1.571
-2.038	214.867	-1.571
-2.038	214.174	-1.571
-2.038	213.489	-1.571
-2.038	212.813	-1.571
-2.038	212.146	-1.571
-2.038	211.486	-1.571
-2.038	210.833	-1.571
-2.038	210.187	-1.571
-2.039	209.547	-1.571
-2.039	208.912	-1.571
-2.039	208.283	-1.571
-2.039	207.660	-1.571
-2.039	207.041	-1.571
-2.039	206.429	-1.571
-2.039	205.822	-1.571
-2.039	205.221	-1.571
-2.039	204.626	-1.571
-2.039	204.037	-1.571
-2.039	203.454	-1.571
-2.039	202.877	-1.571
-2.039	202.306	-1.571
-2.039	201.740	-1.571
-2.039	201.179	-1.571
-2.040	200.624	-1.571
-2.040	200.075	-1.571
-2.040	199.530	-1.571
-2.040	198.991	-1.571
-2.040	198.457	-1.571
-2.040	197.928	-1.571
-2.040	197.404	-1.571
-2.040	196.885	-1.571
-2.040	196.372	-1.571
-2.040	195.863	-1.571
-2.040	195.359	-1.571
-2.040	194.860	-1.571
-2.040	194.366	-1.571
-2.040	193.877	-1.571
-2.041	193.393	-1.571
-2.041	192.913	-1.571
-2.041	192.438	-1.571
-2.041	191.967	-1.571
-2.041	191.501	-1.571
-2.041	191.040	-1.571
-2.041	190.583	-1.571
-2.041	190.131	-1.571
-2.041	189.682	-1.571
-2.041	189.239	-1.571
-2.041	188.799	-1.571
-2.041	188.364	-1.571
-2.041	187.933	-1.571
-2.041	187.507	-1.571
-2.041	187.084	-1.571
-2.041	186.666	-1.571
-2.041	186.251	-1.571
-2.041	185.841	-1.571
-2.041	185.434	-1.571
-2.041	185.032	-1.571
-2.041	184.632	-1.571
-2.041	184.232	-1.571
-2.041	183.829	-1.571
-2.041	183.425	-1.571
-2.041	183.024	-1.571
-2.041	182.630	-1.571
-2.041	182.243	-1.571
-2.041	181.866	-1.571
-2.041	181.500	-1.571
-2.041	181.144	-1.571
-2.041	180.800	-1.571
-2.041	180.467	-1.571
-2.041	180.145	-1.571
-2.041	179.833	-1.571
-2.041	179.529	-1.571
-2.041	179.232	-1.571
-2.041	178.941	-1.571
-2.041	178.654	-1.571
-2.042	178.367	-1.571
-2.041	178.081	-1.571
-2.042	177.793	-1.571
-2.042	177.504	-1.571
-2.042	177.214	-1.571
-2.042	176.925	-1.571
-2.042	176.638	-1.571
-2.042	176.355	-1.571
-2.042	176.077	-1.571
-2.042	175.803	-1.571
-2.042	175.534	-1.571
-2.042	175.269	-1.571
-2.042	175.007	-1.571
-2.042	174.748	-1.571
-2.042	174.491	-1.571
-2.042	174.234	-1.571
-2.042	173.978	-1.571
-2.042	173.723	-1.571
-2.042	173.468	-1.571
-2.042	173.215	-1.571
-2.042	172.965	-1.570
-2.042	172.712	-1.570
-2.042	172.472	-1.572
-2.042	172.251	-1.571
-2.042	172.027	-1.571
-2.042	171.799	-1.571
-2.042	171.564	-1.571
-2.042	171.322	-1.571
-2.042	171.078	-1.571
-2.042	170.836	-1.571
-2.042	170.600	-1.571
-2.042	170.369	-1.571
-2.042	170.140	-1.571
-2.042	169.911	-1.571
-2.042	169.680	-1.571
-2.042	169.448	-1.571
-2.042	169.218	-1.571
-2.042	168.992	-1.571
-2.042	168.768	-1.571
-2.042	168.548	-1.571
-2.043	168.331	-1.571
-2.043	168.116	-1.571
-2.043	167.901	-1.571
-2.037	167.688	-1.567
-2.026	167.474	-1.558
-2.011	167.255	-1.550
-1.996	167.027	-1.541
-1.978	166.788	-1.534
-1.959	166.538	-1.527
-1.939	166.276	-1.520
-1.917	166.010	-1.514
-1.894	165.740	-1.508
-1.871	165.464	-1.503
-1.845	165.180	-1.498
-1.819	164.884	-1.493
-1.789	164.572	-1.490
-1.758	164.248	-1.486
-1.726	163.912	-1.483
-1.692	163.564	-1.480
-1.656	163.204	-1.477
-1.618	162.832	-1.474
-1.575	162.456	-1.469
-1.525	162.079	-1.458
-1.467	161.706	-1.443
-1.401	161.339	-1.424
-1.325	160.980	-1.401
-1.234	160.633	-1.371
-1.132	160.294	-1.338
-1.017	159.964	-1.303
-0.890	159.639	-1.266
-0.746	159.319	-1.226
-0.588	159.002	-1.186
-0.416	158.684	-1.148
-0.232	158.365	-1.112
-0.036	158.052	-1.076
0.173	157.747	-1.038
0.393	157.453	-0.998
0.622	157.170	-0.958
0.862	156.901	-0.916
1.111	156.645	-0.874
1.370	156.402	-0.831
1.639	156.171	-0.789
1.919	155.952	-0.745
2.209	155.743	-0.702
2.511	155.547	-0.658
2.822	155.362	-0.615
3.142	155.186	-0.575
3.469	155.023	-0.534
3.801	154.883	-0.486
4.137	154.765	-0.434
4.479	154.663	-0.383
4.825	154.574	-0.336
5.177	154.497	-0.293
5.534	154.428	-0.256
5.894	154.368	-0.223
6.256	154.318	-0.192
6.620	154.276	-0.163
6.983	154.241	-0.138
7.347	154.211	-0.117
7.709	154.186	-0.099
8.071	154.165	-0.084
8.432	154.148	-0.071
8.794	154.133	-0.060
9.155	154.120	-0.051
9.517	154.109	-0.043
9.880	154.100	-0.036
10.243	154.092	-0.031
10.607	154.086	-0.026
10.971	154.080	-0.022
11.335	154.076	-0.019
11.700	154.072	-0.016
12.064	154.068	-0.013
12.427	154.066	-0.011
12.790	154.064	-0.009
13.153	154.062	-0.008
13.516	154.060	-0.006
13.879	154.059	-0.005
14.242	154.058	-0.004
14.605	154.057	-0.004
14.968	154.056	-0.003
15.332	154.056	-0.003
15.696	154.055	-0.002
16.060	154.055	-0.002
16.423	154.054	-0.001
16.787	154.054	-0.001
17.150	154.054	-0.001
17.514	154.053	-0.001
17.877	154.053	-0.001
18.240	154.053	-0.001
18.603	154.052	-0.001
18.967	154.052	-0.001
19.330	154.052	-0.001
19.693	154.051	-0.001
20.057	154.051	-0.001
20.420	154.051	-0.001
20.784	154.051	-0.001
21.147	154.050	-0.001
21.511	154.050	-0.001
21.874	154.050	-0.001
22.237	154.049	-0.001
22.601	154.049	-0.001
22.964	154.049	-0.001
23.327	154.049	-0.001
23.691	154.048	-0.001
24.054	154.048	-0.001
24.417	154.048	-0.001
24.781	154.047	-0.001
25.144	154.047	-0.001
25.508	154.047	-0.001
25.871	154.046	-0.001
26.235	154.046	-0.001
26.598	154.046	-0.001
26.961	154.046	-0.001
27.325	154.045	-0.001
27.688	154.045	-0.001
28.051	154.045	-0.001
28.414	154.044	-0.001
28.775	154.044	-0.001
29.134	154.044	-0.001
29.490	154.043	-0.001
29.841	154.043	-0.001
30.188	154.043	-0.001
30.530	154.042	-0.001
30.867	154.042	-0.001
31.201	154.042	-0.001
31.531	154.041	-0.001
31.859	154.041	-0.001
32.185	154.041	-0.001
32.509	154.040	-0.001
32.831	154.040	-0.001
33.151	154.040	-0.001
33.469	154.039	-0.001
33.784	154.039	-0.001
34.096	154.038	-0.001
34.405	154.038	-0.001
34.711	154.038	-0.001
35.014	154.037	-0.001
35.313	154.037	-0.001
35.610	154.037	-0.001
35.904	154.036	-0.001
36.195	154.036	-0.001
36.484	154.036	-0.001
36.772	154.035	-0.001
37.057	154.035	-0.001
37.340	154.035	-0.001
37.620	154.034	-0.001
37.899	154.034	-0.001
38.174	154.034	-0.001
38.447	154.034	-0.001
38.718	154.033	-0.001
38.986	154.033	-0.001
39.251	154.033	-0.001
39.514	154.032	-0.001
39.775	154.032	-0.001
40.033	154.032	-0.001
40.290	154.032	-0.001
40.544	154.031	-0.001
40.796	154.031	-0.001
41.047	154.031	-0.001
41.302	154.030	-0.001
41.553	154.030	-0.001
41.804	154.030	-0.001
42.053	154.029	-0.001
42.298	154.029	-0.001
42.539	154.028	-0.001
42.777	154.028	-0.001
43.010	154.028	-0.001
43.241	154.028	-0.001
43.470	154.027	-0.001
43.698	154.027	-0.001
43.925	154.027	-0.001
44.151	154.026	-0.001
44.375	154.026	-0.001
44.596	154.025	-0.002
44.815	154.025	-0.001
45.031	154.025	-0.002
45.246	154.024	-0.001
45.459	154.024	-0.002
45.670	154.024	-0.002
45.880	154.023	-0.002
46.088	154.023	-0.002
46.295	154.023	-0.002
46.501	154.019	-0.005
46.710	154.010	-0.011
46.926	154.000	-0.017
47.153	153.989	-0.022
47.391	153.976	-0.028
47.641	153.962	-0.033
47.903	153.947	-0.038
48.169	153.928	-0.045
48.436	153.900	-0.059
48.708	153.863	-0.077
48.989	153.821	-0.094
49.280	153.773	-0.111
49.583	153.720	-0.127
49.898	153.657	-0.146
50.222	153.579	-0.172
50.556	153.489	-0.200
50.900	153.388	-0.227
51.251	153.272	-0.257
51.600	153.139	-0.294
51.946	152.990	-0.334
52.282	152.829	-0.376
52.603	152.651	-0.424
52.905	152.458	-0.477
53.191	152.251	-0.530
53.462	152.031	-0.584
53.715	151.795	-0.642
53.954	151.544	-0.699
54.180	151.275	-0.758
54.387	150.989	-0.820
54.568	150.686	-0.891
54.722	150.370	-0.967
54.852	150.040	-1.044
54.965	149.698	-1.115
55.063	149.345	-1.180
55.148	148.985	-1.238
55.221	148.621	-1.288
55.283	148.256	-1.332
55.334	147.893	-1.370
55.375	147.531	-1.403
55.409	147.172	-1.432
55.437	146.814	-1.455
55.459	146.457	-1.475
55.477	146.101	-1.492
55.492	145.742	-1.506
55.504	145.382	-1.518
55.513	145.019	-1.528
55.521	144.654	-1.536
55.526	144.287	-1.543
55.531	143.920	-1.549
55.534	143.554	-1.554
55.536	143.189	-1.558
55.537	142.824	-1.562
55.537	142.461	-1.565
55.537	142.099	-1.567
55.536	141.738	-1.569
55.535	141.376	-1.571
55.534	141.015	-1.572
55.533	140.652	-1.573
55.532	140.289	-1.573
55.530	139.925	-1.574
55.529	139.561	-1.574
55.528	139.196	-1.574
55.527	138.832	-1.574
55.525	138.467	-1.574
55.524	138.104	-1.575
55.522	137.740	-1.575
55.521	137.378	-1.575
55.519	137.015	-1.575
55.518	136.652	-1.575
55.516	136.289	-1.575
55.515	135.926	-1.575
55.514	135.563	-1.574
55.513	135.199	-1.574
55.512	134.836	-1.574
55.511	134.472	-1.574
55.510	134.108	-1.574
55.509	133.744	-1.573
55.509	133.381	-1.573
55.508	133.018	-1.573
55.507	132.654	-1.573
55.506	132.291	-1.573
55.506	131.928	-1.573
55.505	131.565	-1.573
55.504	131.201	-1.573
55.504	130.838	-1.573
55.503	130.475	-1.573
55.503	130.111	-1.572
55.502	129.748	-1.572
55.502	129.384	-1.572
55.501	129.021	-1.572
55.501	128.657	-1.572
55.501	128.294	-1.572
55.500	127.931	-1.572
55.500	127.567	-1.572
55.500	127.204	-1.572
55.499	126.840	-1.572
55.499	126.477	-1.572
55.499	126.114	-1.572
55.499	125.750	-1.572
55.498	125.387	-1.571
55.498	125.024	-1.571
55.498	124.660	-1.571
55.498	124.297	-1.571
55.498	123.933	-1.571
55.498	123.570	-1.571
55.498	123.206	-1.571
55.497	122.843	-1.571
55.497	122.480	-1.571
55.497	122.116	-1.571
55.497	121.753	-1.571
55.497	121.390	-1.571
55.497	121.026	-1.571
55.497	120.663	-1.571
55.497	120.299	-1.571
55.497	119.936	-1.571
55.497	119.573	-1.571
55.497	119.210	-1.571
55.497	118.848	-1.571
55.497	118.489	-1.571
55.496	118.133	-1.571
55.496	117.782	-1.571
55.496	117.434	-1.571
55.496	117.092	-1.571
55.496	116.754	-1.571
55.496	116.420	-1.571
55.496	116.089	-1.571
55.496	115.761	-1.571
55.496	115.435	-1.571
55.496	115.111	-1.571
55.497	114.789	-1.571
55.497	114.469	-1.571
55.497	114.151	-1.571
55.497	113.835	-1.571
55.497	113.523	-1.571
55.497	113.213	-1.571
55.497	112.907	-1.571
55.497	112.604	-1.571
55.497	112.304	-1.571
55.497	112.008	-1.571
55.497	111.713	-1.571
55.497	111.422	-1.571
55.497	111.132	-1.571
55.497	110.844	-1.571
55.497	110.559	-1.571
55.497	110.276	-1.571
55.497	109.995	-1.571
55.497	109.717	-1.571
55.497	109.441	-1.571
55.498	109.167	-1.571
55.498	108.897	-1.571
55.498	108.629	-1.571
55.498	108.363	-1.571
55.498	108.100	-1.571
55.498	107.839	-1.571
55.498	107.580	-1.571
55.498	107.323	-1.571
55.498	107.069	-1.571
55.498	106.816	-1.571
55.498	106.564	-1.571
55.498	106.309	-1.571
55.498	106.058	-1.570
55.499	105.807	-1.570
55.499	105.559	-1.570
55.500	105.313	-1.570
55.500	105.072	-1.569
55.501	104.836	-1.569
55.502	104.602	-1.569
55.502	104.371	-1.569
55.503	104.142	-1.569
55.504	103.913	-1.569
55.504	103.686	-1.568
55.505	103.460	-1.568
55.506	103.236	-1.568
55.506	103.014	-1.568
55.507	102.796	-1.568
55.508	102.579	-1.568
55.508	102.364	-1.568
55.509	102.151	-1.568
55.510	101.939	-1.568
55.510	101.729	-1.568
55.511	101.521	-1.568
55.512	101.314	-1.568
55.516	101.110	-1.565
55.529	100.907	-1.555
55.546	100.701	-1.545
55.565	100.487	-1.535
55.587	100.262	-1.525
55.610	100.026	-1.515
55.636	99.778	-1.506
55.664	99.518	-1.498
55.694	99.251	-1.490
55.725	98.981	-1.483
55.758	98.705	-1.476
55.792	98.421	-1.470
55.829	98.127	-1.464
55.872	97.823	-1.455
55.923	97.507	-1.443
55.980	97.178	-1.431
56.046	96.837	-1.415
56.124	96.486	-1.395
56.210	96.125	-1.376
56.307	95.758	-1.354
56.414	95.393	-1.329
56.532	95.034	-1.301
56.660	94.684	-1.271
56.798	94.343	-1.239
56.945	94.013	-1.207
57.102	93.693	-1.173
57.269	93.382	-1.139
57.445	93.076	-1.107
57.631	92.775	-1.074
57.832	92.480	-1.041
58.046	92.190	-1.005
58.271	91.906	-0.969
58.508	91.629	-0.931
58.756	91.361	-0.892
59.013	91.104	-0.853
59.280	90.858	-0.814
59.556	90.624	-0.775
59.839	90.401	-0.736
60.129	90.187	-0.699
60.427	89.986	-0.661
60.733	89.800	-0.621
61.046	89.625	-0.582
61.366	89.459	-0.545
61.693	89.306	-0.506
62.027	89.169	-0.465
62.366	89.044	-0.425
62.711	88.929	-0.388
63.059	88.828	-0.350
63.410	88.743	-0.310
63.765	88.669	-0.272
64.121	88.606	-0.237
64.480	88.551	-0.206
64.840	88.505	-0.176
65.202	88.469	-0.149
65.564	88.439	-0.125
65.927	88.414	-0.104
66.289	88.394	-0.086
66.653	88.378	-0.071
67.016	88.365	-0.058
67.379	88.354	-0.046
67.742	88.347	-0.037
68.105	88.341	-0.029
68.468	88.337	-0.022
68.831	88.334	-0.017
69.194	88.332	-0.013
69.558	88.331	-0.009
69.921	88.331	-0.006
70.285	88.331	-0.004
70.648	88.331	-0.002
71.012	88.332	-0.000
71.375	88.333	0.001
71.739	88.335	0.002
72.102	88.337	0.003
72.465	88.338	0.004
72.828	88.341	0.005
73.192	88.343	0.005
73.555	88.345	0.005
73.918	88.347	0.005
74.282	88.348	0.005
74.645	88.350	0.005
75.009	88.352	0.005
75.372	88.353	0.005
75.735	88.355	0.004
76.099	88.356	0.004
76.462	88.358	0.004
76.826	88.359	0.004
77.189	88.361	0.004
77.552	88.362	0.004
77.916	88.364	0.004
78.279	88.365	0.004
78.643	88.366	0.004
79.006	88.367	0.004
79.369	88.368	0.003
79.733	88.369	0.003
80.096	88.370	0.003
80.460	88.371	0.003
80.823	88.372	0.002
81.186	88.372	0.002
81.550	88.373	0.002
81.913	88.374	0.002
82.276	88.374	0.002
82.640	88.375	0.002
83.003	88.376	0.002
83.367	88.376	0.002
83.730	88.377	0.002
84.094	88.377	0.002
84.457	88.378	0.001
84.820	88.378	0.001
85.184	88.378	0.001
85.547	88.379	0.001
85.910	88.379	0.001
86.274	88.379	0.001
86.637	88.380	0.001
87.001	88.380	0.001
87.364	88.380	0.001
87.727	88.381	0.001
88.091	88.381	0.001
88.454	88.381	0.001
88.818	88.382	0.001
89.181	88.382	0.001
89.544	88.382	0.001
89.908	88.382	0.001
90.271	88.382	0.001
90.635	88.383	0.001
90.998	88.383	0.001
91.361	88.383	0.001
91.725	88.383	0.001
92.088	88.384	0.001
92.451	88.384	0.001
92.815	88.384	0.001
93.178	88.384	0.001
93.542	88.384	0.000
93.905	88.384	0.000
94.269	88.385	0.000
94.632	88.385	0.000
94.995	88.385	0.000
95.359	88.385	0.000
95.722	88.385	0.000
96.085	88.385	0.000
96.449	88.385	0.000
96.812	88.385	0.000
97.176	88.385	0.000
97.539	88.385	0.000
97.902	88.385	0.000
98.266	88.385	0.000
98.629	88.385	0.000
98.993	88.386	0.000
99.356	88.386	0.000
99.719	88.386	0.000
100.083	88.386	0.000
100.446	88.386	0.000
100.810	88.386	0.000
101.173	88.386	0.000
101.536	88.386	0.000
101.899	88.386	0.000
102.262	88.386	0.000
102.622	88.386	0.000
102.979	88.386	0.000
103.332	88.386	0.000
103.681	88.386	0.000
104.025	88.386	0.000
104.364	88.386	0.000
104.699	88.386	0.000
105.031	88.386	0.000
105.360	88.386	0.000
105.687	88.386	0.000
106.011	88.386	0.000
106.334	88.386	0.000
106.655	88.386	0.000
106.974	88.386	0.000
107.290	88.386	0.000
107.604	88.386	0.000
107.914	88.386	0.000
108.222	88.386	0.000
108.525	88.386	0.000
108.826	88.386	0.000
109.124	88.386	0.000
109.419	88.386	0.000
109.712	88.387	0.000
110.002	88.387	0.000
110.290	88.387	0.000
110.576	88.387	0.000
110.860	88.387	0.000
111.142	88.387	0.000
111.421	88.387	0.000
111.698	88.387	0.000
111.972	88.387	0.000
112.244	88.387	0.000
112.512	88.387	0.000
112.779	88.387	0.000
113.043	88.387	0.000
113.305	88.387	0.000
113.564	88.387	0.000
113.821	88.387	0.000
114.077	88.387	0.000
114.330	88.387	0.000
114.581	88.387	0.000
114.836	88.387	0.000
115.071	88.388	0.000
115.284	88.388	0.000
115.503	88.388	0.000
115.727	88.388	0.000
115.959	88.388	0.000
116.201	88.388	0.000
116.450	88.388	0.000
116.699	88.388	0.000
116.943	88.388	0.000
117.181	88.388	0.000
117.413	88.388	0.000
117.640	88.388	0.000
117.864	88.388	0.000
118.084	88.388	0.000
118.302	88.388	0.000
118.520	88.388	0.000
118.739	88.388	0.000
118.965	88.388	0.000
119.200	88.388	0.000
119.446	88.388	0.000
119.704	88.388	0.000
119.970	88.389	0.000
120.237	88.389	0.000
120.510	88.389	0.000
120.791	88.389	0.000
121.082	88.389	0.000
121.384	88.389	0.000
121.698	88.389	0.000
122.025	88.389	0.000
122.365	88.389	0.000
122.719	88.389	0.000
123.086	88.389	0.000
123.465	88.389	0.000
123.849	88.389	0.000
124.232	88.389	0.000
124.612	88.389	0.000
124.987	88.389	0.000
125.357	88.389	0.000
125.721	88.389	0.000
126.080	88.389	0.000
126.436	88.389	0.000
126.790	88.389	0.000
127.145	88.389	0.000
127.502	88.389	0.000
127.862	88.389	0.000
128.227	88.390	0.000
128.594	88.390	0.000
128.963	88.390	0.000
129.331	88.390	0.000
129.700	88.390	0.000
130.066	88.390	0.000
130.430	88.390	0.000
130.792	88.390	0.000
131.153	88.390	0.000
131.513	88.390	0.000
131.873	88.390	0.000
132.234	88.390	0.000
132.596	88.390	0.000
132.959	88.390	0.000
133.324	88.390	0.000
133.689	88.390	0.000
134.055	88.390	0.000
134.420	88.390	0.000
134.784	88.390	0.000
135.148	88.390	0.000
135.511	88.391	0.000
135.873	88.391	0.000
136.236	88.391	0.000
136.598	88.391	0.000
136.961	88.391	0.000
137.324	88.391	0.000
137.687	88.391	0.000
138.051	88.391	0.000
138.415	88.391	0.000
138.779	88.391	0.000
139.143	88.391	0.000
139.506	88.391	0.000
139.870	88.391	0.000
140.233	88.391	0.000
140.597	88.391	0.000
140.959	88.391	0.000
141.323	88.391	0.000
141.686	88.391	0.000
142.049	88.391	0.000
142.412	88.392	0.000
142.776	88.392	0.000
143.139	88.392	0.000
143.503	88.392	0.000
143.866	88.392	0.000
144.230	88.392	0.000
144.593	88.392	0.000
144.957	88.392	0.000
145.320	88.392	0.000
145.683	88.392	0.000
146.047	88.392	0.000
146.410	88.392	0.000
146.773	88.392	0.000
147.137	88.392	0.000
147.500	88.392	0.000
147.864	88.392	0.000
148.227	88.392	0.000
148.591	88.392	0.000
148.954	88.392	0.000
149.317	88.392	0.000
149.681	88.392	0.000
150.044	88.393	0.000
150.407	88.393	0.000
150.771	88.393	0.000
151.134	88.393	0.000
151.498	88.393	0.000
151.861	88.393	0.000
152.224	88.393	0.000
152.588	88.393	0.000
152.951	88.393	0.000
153.315	88.393	0.000
153.678	88.393	0.000
154.041	88.393	0.000
154.405	88.393	0.000
154.768	88.393	0.000
155.132	88.393	0.000
155.495	88.393	0.000
155.858	88.394	0.000
156.222	88.394	0.000
156.585	88.394	0.000
156.948	88.394	0.000
157.312	88.394	0.000
157.675	88.394	0.000
158.039	88.394	0.000
158.402	88.394	0.000
158.765	88.394	0.000
159.129	88.394	0.000
159.492	88.395	0.000
159.856	88.395	0.000
160.219	88.395	0.000
160.582	88.395	0.000
160.946	88.395	0.000
161.309	88.395	0.000
161.673	88.395	0.000
162.036	88.395	0.000
162.399	88.395	0.000
162.763	88.395	0.000
163.126	88.395	0.000
163.490	88.395	0.000
163.853	88.395	0.000
164.216	88.395	0.000
164.580	88.395	0.000
164.943	88.395	0.000
165.307	88.395	0.000
165.670	88.395	0.000
166.033	88.395	0.000
166.397	88.396	0.000
166.760	88.396	0.000
167.123	88.396	0.000
167.487	88.396	0.000
167.850	88.396	0.000
168.213	88.396	0.000
168.576	88.396	0.000
168.937	88.396	0.000
169.296	88.396	0.000
169.651	88.396	0.000
170.002	88.396	0.000
170.348	88.396	0.000
170.690	88.396	0.000
171.027	88.396	0.000
171.361	88.396	0.000
171.691	88.396	0.000
172.018	88.396	0.000
172.344	88.396	0.000
172.667	88.396	0.000
172.989	88.396	0.000
173.309	88.396	0.000
173.627	88.396	0.000
173.942	88.396	0.000
174.254	88.397	0.000
174.563	88.397	0.000
174.868	88.397	0.000
175.171	88.397	0.000
175.470	88.397	0.000
175.766	88.397	0.000
176.060	88.397	0.000
176.351	88.397	0.000
176.641	88.397	0.000
176.928	88.397	0.000
177.213	88.397	0.000
177.495	88.397	0.000
177.776	88.397	0.000
178.054	88.397	0.000
178.329	88.397	0.000
178.602	88.397	0.000
178.872	88.397	0.000
179.140	88.397	0.000
179.405	88.397	0.000
179.668	88.397	0.000
179.928	88.397	0.000
180.187	88.398	0.000
180.443	88.398	0.000
180.697	88.398	0.000
180.950	88.398	0.000
181.201	88.398	0.000
181.456	88.398	0.000
181.706	88.398	0.000
181.957	88.398	0.000
182.206	88.398	0.000
182.454	88.398	0.000
182.705	88.398	0.000
182.960	88.398	0.000
183.212	88.398	0.000
183.464	88.398	0.000
183.720	88.398	0.000
183.971	88.398	0.000
184.223	88.398	0.000
184.455	88.398	0.000
184.671	88.398	0.000
184.888	88.398	0.000
185.110	88.399	0.000
185.338	88.399	0.000
185.576	88.399	0.000
185.821	88.399	0.000
186.066	88.399	0.000
186.307	88.399	0.000
186.542	88.399	0.000
186.772	88.399	0.000
186.999	88.399	0.000
187.229	88.399	0.000
187.464	88.399	0.000
187.709	88.399	0.000
187.964	88.399	0.000
188.228	88.399	0.000
188.494	88.399	0.000
188.764	88.399	0.000
189.042	88.399	0.000
189.329	88.399	0.000
189.627	88.399	0.000
189.937	88.399	0.000
190.259	88.399	0.000
190.595	88.399	0.000
190.944	88.399	0.000
191.307	88.399	0.000
191.681	88.399	0.000
192.062	88.399	0.000
192.444	88.399	0.000
192.824	88.399	0.000
193.200	88.399	0.000
193.570	88.399	0.000
193.936	88.400	0.000
194.296	88.400	0.000
194.652	88.400	0.000
195.007	88.400	0.000
195.361	88.400	0.000
195.717	88.400	0.000
196.077	88.400	0.000
196.441	88.400	0.000
196.807	88.400	0.000
197.176	88.400	0.000
197.545	88.400	0.000
197.913	88.400	0.000
198.280	88.400	0.000
198.644	88.400	0.000
199.007	88.400	0.000
199.368	88.400	0.000
199.728	88.400	0.000
200.088	88.400	0.000
200.449	88.400	0.000
200.811	88.400	0.000
201.174	88.401	0.000
201.538	88.401	0.000
201.904	88.401	0.000
202.269	88.401	0.000
202.634	88.401	0.000
202.999	88.401	0.000
203.363	88.401	0.000
203.726	88.401	0.000
204.088	88.401	0.000
204.451	88.401	0.000
204.813	88.401	0.000
205.175	88.401	0.000
205.538	88.401	0.000
205.901	88.401	0.000
206.265	88.401	0.000
206.629	88.401	0.000
206.993	88.402	0.000
207.357	88.402	0.000
207.721	88.402	0.000
208.085	88.402	0.000
208.448	88.402	0.000
208.811	88.402	0.000
209.174	88.402	0.000
209.537	88.402	0.000
209.900	88.402	0.000
210.263	88.402	0.000
210.627	88.403	0.000
210.990	88.403	0.000
211.354	88.403	0.000
211.717	88.403	0.000
212.081	88.403	0.000
212.444	88.403	0.000
212.808	88.403	0.000
213.171	88.403	0.000
213.535	88.403	0.000
213.898	88.403	0.000
214.261	88.403	0.000
214.624	88.404	0.000
214.988	88.404	0.000
215.351	88.404	0.000
215.715	88.404	0.000
216.078	88.404	0.000
216.442	88.404	0.000
216.805	88.404	0.000
217.168	88.404	0.000
217.532	88.404	0.000
217.895	88.404	0.000
218.259	88.404	0.000
218.622	88.405	0.000
218.985	88.405	0.000
219.349	88.405	0.000
219.712	88.405	0.000
220.076	88.405	0.000
220.439	88.405	0.000
220.802	88.405	0.000
221.166	88.405	0.000
221.529	88.405	0.000
221.892	88.405	0.000
222.256	88.405	0.000
222.619	88.405	0.000
222.983	88.405	0.000
223.346	88.405	0.000
223.709	88.405	0.000
224.073	88.405	0.000
224.436	88.405	0.000
224.799	88.405	0.000
225.163	88.405	0.000
225.526	88.405	0.000
225.890	88.405	0.000
226.253	88.405	0.000
226.617	88.405	0.000
226.980	88.405	0.000
227.343	88.406	0.000
227.707	88.405	0.000
228.070	88.405	-0.000
228.433	88.405	-0.000
228.797	88.405	-0.000
229.160	88.405	-0.000
229.524	88.405	-0.000
229.887	88.405	-0.000
230.250	88.405	-0.000
230.614	88.405	-0.000
230.977	88.405	-0.000
231.340	88.405	-0.000
231.704	88.405	-0.000
232.067	88.405	-0.000
232.431	88.405	-0.000
232.794	88.405	-0.000
233.157	88.405	-0.000
233.521	88.405	-0.000
233.884	88.405	-0.000
234.247	88.405	-0.000
234.611	88.405	-0.000
234.974	88.405	-0.000
235.338	88.405	-0.000
235.701	88.405	-0.000
236.064	88.405	-0.000
236.428	88.405	0.000
236.791	88.406	0.000
237.154	88.406	0.000
237.518	88.406	0.000
237.881	88.406	0.000
238.245	88.406	0.000
238.608	88.406	0.000
238.971	88.406	0.000
239.335	88.406	0.000
239.698	88.406	0.000
240.061	88.406	0.000
240.425	88.406	0.000
240.788	88.406	0.000
241.152	88.406	0.000
241.515	88.406	0.000
241.878	88.406	0.000
242.242	88.407	0.000
242.605	88.407	0.000
242.969	88.407	0.000
243.332	88.407	0.000
243.695	88.407	0.000
244.059	88.407	0.000
244.422	88.407	0.000
244.786	88.407	0.000
245.149	88.407	0.000
245.512	88.407	0.000
245.876	88.408	0.000
246.239	88.408	0.000
246.602	88.408	0.000
246.966	88.408	0.000
247.329	88.408	0.000
247.693	88.408	0.000
248.056	88.408	0.000
248.419	88.408	0.000
248.783	88.408	0.000
249.146	88.408	0.000
249.509	88.409	0.000
249.873	88.409	0.000
250.236	88.409	0.000
250.600	88.409	0.000
250.963	88.409	0.000
251.326	88.409	0.000
251.690	88.409	0.000
252.053	88.409	0.000
252.416	88.409	0.000
252.780	88.409	0.000
253.143	88.409	0.000
253.507	88.409	0.000
253.870	88.409	0.000
254.233	88.409	0.000
254.597	88.409	0.000
254.960	88.409	0.000
255.323	88.409	0.000
255.687	88.409	0.000
256.050	88.409	0.000
256.414	88.409	0.000
256.777	88.410	0.000
257.140	88.410	0.000
257.504	88.410	0.000
257.867	88.410	0.000
258.230	88.410	0.000
258.594	88.410	0.000
258.957	88.410	0.000
259.321	88.410	0.000
259.684	88.410	0.000
260.047	88.410	0.000
260.411	88.410	0.000
260.774	88.410	0.000
261.137	88.410	0.000
261.501	88.410	0.000
261.864	88.410	0.000
262.228	88.410	0.000
262.591	88.410	0.000
262.954	88.410	0.000
263.318	88.410	0.000
263.681	88.410	0.000
264.044	88.410	0.000
264.408	88.410	0.000
264.771	88.410	0.000
265.135	88.411	0.000
265.498	88.411	0.000
265.862	88.411	0.000
266.225	88.411	0.000
266.588	88.411	0.000
266.952	88.411	0.000
267.315	88.411	0.000
267.678	88.411	0.000
268.042	88.411	0.000
268.405	88.411	0.000
268.769	88.411	0.000
269.132	88.411	0.000
269.495	88.411	0.000
269.859	88.411	0.000
270.222	88.411	0.000
270.585	88.411	0.000
270.949	88.411	0.000
271.312	88.411	0.000
271.676	88.411	0.000
272.039	88.411	0.000
272.402	88.411	0.000
272.766	88.412	0.000
273.129	88.412	0.000
273.492	88.412	0.000
273.856	88.412	0.000
274.219	88.412	0.000
274.583	88.412	0.000
274.946	88.412	0.000
275.309	88.412	0.000
275.673	88.412	0.000
276.036	88.412	0.000
276.399	88.412	0.000
276.763	88.412	0.000
277.126	88.412	0.000
277.490	88.412	0.000
277.853	88.412	0.000
278.216	88.412	0.000
278.580	88.412	0.000
278.943	88.412	0.000
279.306	88.412	0.000
279.670	88.412	0.000
280.033	88.412	0.000
280.397	88.413	0.000
280.760	88.413	0.000
281.123	88.413	0.000
281.487	88.413	0.000
281.850	88.413	0.000
282.213	88.413	0.000
282.577	88.413	0.000
282.940	88.413	0.000
283.304	88.413	0.000
283.667	88.413	0.000
284.030	88.413	0.000
284.394	88.413	0.000
284.757	88.413	0.000
285.120	88.413	0.000
285.484	88.413	0.000
285.847	88.413	0.000
286.211	88.413	0.000
286.574	88.413	0.000
286.937	88.413	0.000
287.301	88.414	0.000
287.664	88.414	0.000
288.028	88.414	0.000
288.391	88.414	0.000
288.754	88.414	0.000
289.118	88.414	0.000
289.481	88.414	0.000
289.845	88.414	0.000
290.208	88.414	0.000
290.571	88.414	0.000
290.935	88.414	0.000
291.298	88.414	0.000
291.661	88.414	0.000
292.025	88.414	0.000
292.388	88.414	0.000
292.752	88.414	0.000
293.115	88.414	0.000
293.478	88.414	0.000
293.842	88.414	0.000
294.205	88.414	0.000
294.568	88.414	0.000
294.932	88.415	0.000
295.295	88.415	0.000
295.659	88.415	0.000
296.022	88.415	0.000
296.385	88.415	0.000
296.749	88.415	0.000
297.112	88.415	0.000
297.475	88.415	0.000
297.839	88.415	0.000
298.202	88.415	0.000
298.566	88.415	0.000
298.929	88.415	0.000
299.292	88.415	0.000
299.655	88.415	0.000
300.015	88.415	0.000
300.373	88.415	0.000
300.727	88.415	0.000
301.077	88.415	0.000
301.422	88.415	0.000
301.762	88.416	0.000
302.098	88.416	0.000
302.430	88.416	0.000
302.759	88.416	0.000
303.086	88.416	0.000
303.411	88.416	0.000
303.734	88.416	0.000
304.056	88.416	0.000
304.375	88.416	0.000
304.692	88.416	0.000
305.006	88.416	0.000
305.317	88.416	0.000
305.625	88.416	0.000
305.930	88.416	0.000
306.231	88.416	0.000
306.529	88.416	0.000
306.825	88.416	0.000
307.118	88.416	0.000
307.408	88.416	0.000
307.697	88.416	0.000
307.983	88.417	0.000
308.268	88.417	0.000
308.550	88.417	0.000
308.830	88.417	0.000
309.107	88.417	0.000
309.382	88.417	0.000
309.654	88.417	0.000
309.923	88.417	0.000
310.190	88.417	0.000
310.454	88.417	0.000
310.716	88.417	0.000
310.976	88.417	0.000
311.234	88.417	0.000
311.490	88.417	0.000
311.743	88.417	0.000
311.995	88.417	0.000
312.249	88.417	0.000
312.490	88.417	0.000
312.711	88.417	0.000
312.935	88.417	0.000
313.165	88.417	0.000
313.403	88.418	0.000
313.647	88.413	-0.003
313.896	88.403	-0.011
314.144	88.391	-0.018
314.388	88.378	-0.025
314.626	88.364	-0.031
314.860	88.350	-0.036
315.089	88.335	-0.040
315.315	88.320	-0.044
315.539	88.305	-0.048
315.762	88.290	-0.052
315.984	88.274	-0.055
316.204	88.258	-0.057
316.424	88.242	-0.060
316.641	88.226	-0.062
316.855	88.210	-0.064
317.067	88.194	-0.066
317.277	88.177	-0.068
317.486	88.161	-0.069
317.692	88.141	-0.074
317.900	88.116	-0.081
318.112	88.090	-0.088
318.332	88.061	-0.095
318.562	88.027	-0.104
318.803	87.986	-0.116
319.055	87.941	-0.128
319.316	87.889	-0.143
319.578	87.831	-0.159
319.844	87.768	-0.175
320.117	87.697	-0.194
320.399	87.611	-0.220
320.688	87.514	-0.247
320.983	87.404	-0.276
321.286	87.279	-0.308
321.595	87.139	-0.342
321.911	86.982	-0.377
322.230	86.810	-0.416
322.551	86.621	-0.455
322.868	86.419	-0.495
323.177	86.204	-0.536
323.474	85.979	-0.578
323.759	85.746	-0.619
324.028	85.503	-0.661
324.284	85.253	-0.703
324.525	84.995	-0.746
324.749	84.726	-0.791
324.960	84.448	-0.837
325.158	84.157	-0.884
325.335	83.853	-0.938
325.486	83.536	-1.001
325.618	83.207	-1.065
325.734	82.865	-1.126
325.838	82.513	-1.182
325.930	82.154	-1.231
326.012	81.790	-1.275
326.084	81.426	-1.313
326.145	81.064	-1.348
326.195	80.703	-1.380
326.238	80.345	-1.408
326.274	79.989	-1.431
326.305	79.633	-1.451
326.332	79.277	-1.468
326.355	78.919	-1.482
326.375	78.559	-1.493
326.394	78.196	-1.503
326.410	77.831	-1.512
326.424	77.464	-1.519
326.437	77.098	-1.525
326.449	76.731	-1.530
326.460	76.366	-1.534
326.470	76.002	-1.538
326.479	75.639	-1.541
326.487	75.278	-1.543
326.495	74.916	-1.546
326.502	74.555	-1.548
326.507	74.193	-1.551
326.512	73.831	-1.553
326.517	73.468	-1.555
326.520	73.104	-1.557
326.524	72.739	-1.558
326.527	72.375	-1.560
326.530	72.010	-1.561
326.533	71.646	-1.562
326.536	71.282	-1.562
326.538	70.919	-1.563
326.541	70.556	-1.563
326.543	70.193	-1.564
326.545	69.831	-1.564
326.547	69.468	-1.565
326.549	69.105	-1.565
326.550	68.742	-1.566
326.551	68.378	-1.567
326.552	68.014	-1.567
326.553	67.650	-1.567
326.554	67.287	-1.568
326.555	66.923	-1.568
326.556	66.560	-1.568
326.557	66.196	-1.568
326.558	65.833	-1.569
326.558	65.470	-1.569
326.559	65.107	-1.569
326.560	64.743	-1.569
326.560	64.380	-1.569
326.560	64.017	-1.569
326.561	63.653	-1.569
326.561	63.290	-1.570
326.561	62.926	-1.570
326.562	62.563	-1.570
326.562	62.199	-1.570
326.562	61.836	-1.570
326.562	61.472	-1.570
326.563	61.109	-1.570
326.563	60.746	-1.570
326.563	60.382	-1.570
326.563	60.019	-1.570
326.563	59.656	-1.570
326.563	59.292	-1.570
326.563	58.929	-1.571
326.563	58.566	-1.571
326.563	58.202	-1.571
326.563	57.839	-1.571
326.563	57.475	-1.571
326.563	57.112	-1.571
326.563	56.748	-1.571
326.563	56.385	-1.571
326.563	56.022	-1.571
326.563	55.658	-1.571
326.563	55.295	-1.571
326.563	54.932	-1.571
326.563	54.568	-1.571
326.563	54.205	-1.571
326.563	53.841	-1.571
326.563	53.478	-1.571
326.562	53.115	-1.571
326.562	52.751	-1.571
326.562	52.388	-1.571
326.562	52.024	-1.571
326.562	51.661	-1.571
326.562	51.298	-1.571
326.562	50.934	-1.571
326.562	50.571	-1.571
326.562	50.207	-1.571
326.561	49.844	-1.571
326.561	49.481	-1.571
326.561	49.117	-1.571
326.561	48.754	-1.571
326.561	48.391	-1.571
326.561	48.027	-1.571
326.561	47.664	-1.571
326.560	47.300	-1.571
326.560	46.937	-1.571
326.560	46.574	-1.571
326.560	46.210	-1.571
326.560	45.847	-1.571
326.559	45.483	-1.571
326.559	45.120	-1.571
326.559	44.757	-1.571
326.559	44.393	-1.571
326.559	44.030	-1.571
326.559	43.666	-1.571
326.558	43.303	-1.571
326.558	42.940	-1.571
326.558	42.576	-1.571
326.558	42.213	-1.571
326.558	41.849	-1.571
326.557	41.486	-1.571
326.557	41.123	-1.571
326.557	40.759	-1.571
326.557	40.396	-1.571
326.557	40.032	-1.571
326.556	39.669	-1.571
326.556	39.306	-1.571
326.556	38.942	-1.571
326.556	38.579	-1.571
326.556	38.216	-1.571
326.555	37.852	-1.571
326.555	37.489	-1.571
326.555	37.125	-1.571
326.555	36.762	-1.571
326.555	36.399	-1.571
326.554	36.035	-1.571
326.554	35.672	-1.571
326.554	35.308	-1.571
326.554	34.945	-1.571
326.554	34.582	-1.571
326.553	34.218	-1.571
326.553	33.855	-1.571
326.553	33.491	-1.571
326.553	33.128	-1.571
326.553	32.765	-1.571
326.552	32.401	-1.571
326.552	32.038	-1.571
326.552	31.675	-1.571
326.552	31.311	-1.571
326.552	30.948	-1.571
326.551	30.584	-1.571
326.551	30.221	-1.571
326.551	29.857	-1.571
326.551	29.494	-1.571
326.551	29.131	-1.571
326.550	28.767	-1.571
326.550	28.404	-1.571
326.550	28.041	-1.571
326.550	27.677	-1.571
326.550	27.314	-1.571
326.549	26.950	-1.571
326.549	26.587	-1.571
326.549	26.224	-1.571
326.549	25.860	-1.571
326.549	25.497	-1.571
326.549	25.133	-1.571
326.548	24.770	-1.571
326.548	24.407	-1.571
326.548	24.043	-1.571
326.548	23.680	-1.571
326.548	23.316	-1.571
326.547	22.953	-1.571
326.547	22.590	-1.571
326.547	22.226	-1.571
326.547	21.863	-1.571
326.547	21.500	-1.571
326.546	21.136	-1.571
326.546	20.773	-1.571
326.546	20.409	-1.571
326.546	20.046	-1.571
326.546	19.683	-1.571
326.545	19.319	-1.571
326.545	18.956	-1.571
326.545	18.592	-1.571
326.545	18.229	-1.571
326.545	17.866	-1.571
326.544	17.502	-1.571
326.544	17.139	-1.571
326.544	16.775	-1.571
326.544	16.412	-1.571
326.544	16.049	-1.571
326.543	15.685	-1.571
326.543	15.322	-1.571
326.543	14.958	-1.571
326.539	14.595	-1.575
326.529	14.233	-1.583
326.515	13.870	-1.592
326.498	13.508	-1.601
326.480	13.145	-1.608
326.459	12.782	-1.615
326.438	12.419	-1.621
326.414	12.056	-1.626
326.390	11.693	-1.630
326.365	11.330	-1.634
326.339	10.967	-1.637
326.313	10.605	-1.639
326.286	10.243	-1.642
326.258	9.881	-1.644
326.226	9.519	-1.649
326.188	9.159	-1.658
326.142	8.800	-1.672
326.087	8.443	-1.690
326.022	8.088	-1.712
325.946	7.736	-1.737
325.857	7.386	-1.765
325.751	7.045	-1.803
325.626	6.711	-1.846
325.484	6.386	-1.893
325.324	6.067	-1.942
325.148	5.756	-1.993
324.952	5.456	-2.047
324.739	5.167	-2.102
324.512	4.885	-2.154
324.271	4.614	-2.206
324.017	4.356	-2.257
323.750	4.112	-2.308
323.473	3.882	-2.359
323.186	3.663	-2.406
322.890	3.458	-2.453
322.586	3.271	-2.502
322.273	3.099	-2.551
321.952	2.938	-2.596
321.623	2.793	-2.642
321.288	2.668	-2.692
320.947	2.561	-2.744
320.599	2.469	-2.792
320.246	2.388	-2.837
319.888	2.317	-2.876
319.527	2.255	-2.911
319.164	2.201	-2.942
318.801	2.155	-2.969
318.439	2.117	-2.995
318.077	2.087	-3.018
317.716	2.062	-3.038
317.355	2.041	-3.056
316.995	2.025	-3.071
316.634	2.011	-3.083
316.273	2.001	-3.094
315.910	1.992	-3.103
315.546	1.986	-3.111
315.182	1.981	-3.117
314.817	1.978	-3.123
314.452	1.975	-3.127
314.088	1.973	-3.131
313.724	1.972	-3.134
313.361	1.972	-3.136
312.998	1.971	-3.138
312.635	1.972	-3.140
312.272	1.972	-3.141
311.910	1.973	3.141
311.547	1.974	3.140
311.184	1.976	3.139
310.820	1.977	3.139
310.456	1.979	3.138
310.092	1.980	3.138
309.729	1.982	3.137
309.365	1.984	3.137
309.001	1.985	3.137
308.638	1.987	3.138
308.275	1.988	3.138
307.911	1.989	3.138
307.548	1.990	3.138
307.185	1.992	3.138
306.822	1.993	3.138
306.459	1.994	3.138
306.095	1.995	3.138
305.732	1.996	3.138
305.368	1.997	3.138
305.005	1.998	3.138
304.641	2.000	3.138
304.278	2.000	3.139
303.914	2.001	3.139
303.551	2.002	3.139
303.188	2.003	3.139
302.824	2.003	3.140
302.461	2.004	3.140
302.096	2.005	3.140
301.726	2.005	3.140
301.350	2.006	3.140
300.965	2.006	3.140
300.569	2.007	3.140
300.162	2.007	3.140
299.742	2.008	3.140
299.310	2.008	3.140
298.865	2.009	3.140
298.407	2.009	3.141
297.935	2.010	3.141
297.450	2.010	3.141
296.951	2.010	3.141
296.439	2.011	3.141
295.912	2.011	3.141
295.372	2.012	3.141
294.818	2.012	3.141
294.252	2.012	3.141
293.673	2.012	3.141
293.082	2.013	3.141
292.479	2.013	3.141
291.864	2.013	3.141
291.238	2.014	3.141
290.600	2.014	3.141
289.950	2.014	3.141
289.290	2.014	3.141
288.618	2.015	3.141
287.935	2.015	3.141
287.240	2.015	3.141
286.535	2.015	3.141
285.819	2.016	3.141
285.091	2.016	3.141
284.353	2.016	3.141
283.604	2.016	3.141
282.844	2.016	3.142
282.074	2.016	3.142
281.293	2.016	3.142
280.501	2.016	-3.142
279.699	2.016	-3.142
278.886	2.016	-3.141
278.063	2.016	-3.142
277.229	2.016	-3.142
276.385	2.016	-3.142
275.531	2.016	-3.142
274.667	2.016	-3.142
273.792	2.016	-3.142
272.908	2.016	-3.142
272.013	2.016	3.142
271.109	2.016	3.142
270.194	2.016	3.142
269.269	2.016	3.141
268.335	2.016	3.141
267.391	2.016	3.141
266.437	2.017	3.141
265.473	2.017	3.141
264.500	2.017	3.141
263.517	2.017	3.141
262.525	2.017	3.141
261.523	2.017	3.141
260.512	2.017	3.141
259.491	2.017	3.141
258.461	2.017	3.141
257.422	2.018	3.141
256.374	2.018	3.141
255.316	2.018	3.141
254.249	2.018	3.141
253.173	2.018	3.141
252.088	2.018	3.141
250.995	2.019	3.141
249.895	2.019	3.141
248.792	2.019	3.142
247.689	2.019	-3.142
246.589	2.019	-3.142
245.492	2.019	-3.142
244.400	2.019	-3.142
243.312	2.019	-3.141
242.227	2.019	-3.141
241.144	2.019	-3.141
240.060	2.018	-3.141
238.975	2.018	-3.141
237.888	2.018	-3.141
236.799	2.018	-3.141
235.707	2.018	-3.141
234.614	2.017	-3.141
233.521	2.017	-3.141
232.428	2.017	-3.141
231.336	2.016	-3.141
230.245	2.016	-3.141
229.155	2.015	-3.141
228.065	2.015	-3.141
226.977	2.014	-3.141
225.888	2.014	-3.141
224.800	2.013	-3.141
223.711	2.013	-3.141
222.621	2.012	-3.141
221.531	2.011	-3.141
220.441	2.011	-3.141
219.350	2.010	-3.141
218.259	2.009	-3.141
217.169	2.009	-3.141
216.078	2.008	-3.141
214.988	2.007	-3.141
213.898	2.007	-3.141
212.808	2.006	-3.141
211.719	2.005	-3.141
210.629	2.005	-3.141
209.539	2.004	-3.141
208.450	2.003	-3.141
207.360	2.002	-3.141
206.270	2.002	-3.141
205.180	2.001	-3.141
204.089	2.000	-3.141
202.999	2.000	-3.141
201.909	1.999	-3.141
200.819	1.998	-3.141
199.729	1.997	-3.141
198.639	1.997	-3.141
197.549	1.996	-3.141
196.459	1.995	-3.141
195.369	1.995	-3.141
194.279	1.994	-3.141
193.189	1.993	-3.141
192.099	1.992	-3.141
191.009	1.992	-3.141
189.919	1.991	-3.141
188.829	1.990	-3.141
187.739	1.990	-3.141
186.649	1.989	-3.141
185.559	1.988	-3.141
184.469	1.987	-3.141
183.379	1.987	-3.141
182.289	1.986	-3.141
181.202	1.985	-3.141
180.119	1.985	-3.141
179.046	1.984	-3.141
177.986	1.984	-3.141
176.942	1.983	-3.141
175.915	1.983	-3.141
174.907	1.982	-3.141
173.916	1.982	-3.141
172.942	1.981	-3.141
171.986	1.981	-3.141
171.045	1.981	-3.141
170.117	1.980	-3.141
169.200	1.980	-3.141
168.294	1.980	-3.141
167.398	1.979	-3.141
166.510	1.979	-3.141
165.633	1.979	-3.141
164.766	1.978	-3.141
163.909	1.978	-3.141
163.065	1.978	-3.141
162.232	1.977	-3.141
161.412	1.977	-3.141
160.604	1.977	-3.141
159.808	1.976	-3.141
159.024	1.976	-3.141
158.252	1.976	-3.141
157.491	1.975	-3.141
156.740	1.975	-3.141
155.998	1.975	-3.141
155.266	1.974	-3.141
154.543	1.974	-3.141
153.829	1.974	-3.141
153.123	1.974	-3.141
152.426	1.973	-3.141
151.738	1.973	-3.141
151.059	1.973	-3.141
150.388	1.973	-3.141
149.726	1.972	-3.141
149.073	1.972	-3.141
148.428	1.972	-3.141
147.792	1.972	-3.141
147.165	1.971	-3.141
146.545	1.971	-3.141
145.934	1.971	-3.141
145.330	1.971	-3.141
144.734	1.970	-3.141
144.146	1.970	-3.141
143.565	1.970	-3.141
142.992	1.970	-3.141
142.427	1.969	-3.141
141.868	1.969	-3.141
141.316	1.969	-3.141
140.772	1.969	-3.141
140.235	1.968	-3.141
139.705	1.968	-3.141
139.181	1.968	-3.141
138.665	1.967	-3.141
138.156	1.967	-3.141
137.653	1.967	-3.141
137.157	1.966	-3.141
136.667	1.966	-3.141
136.184	1.966	-3.141
135.707	1.965	-3.141
135.236	1.965	-3.141
134.772	1.965	-3.141
134.313	1.965	-3.141
133.860	1.964	-3.141
133.413	1.964	-3.141
132.973	1.964	-3.141
132.537	1.964	-3.141
132.108	1.963	-3.141
131.684	1.963	-3.141
131.266	1.963	-3.141
130.853	1.962	-3.141
130.446	1.962	-3.141
130.044	1.962	-3.141
129.650	1.962	-3.141
129.266	1.961	-3.141
128.891	1.961	-3.141
128.525	1.961	-3.141
128.166	1.961	-3.141
127.812	1.961	-3.141
127.462	1.960	-3.141
127.111	1.960	-3.141
126.759	1.960	-3.141
126.401	1.960	-3.141
126.037	1.960	-3.141
125.669	1.960	-3.141
125.297	1.959	-3.141
124.925	1.959	-3.141
124.555	1.959	-3.141
124.186	1.959	-3.141
123.821	1.959	-3.141
123.459	1.959	-3.141
123.100	1.958	-3.141
122.741	1.958	-3.141
122.383	1.958	-3.141
122.023	1.958	-3.141
121.662	1.958	-3.141
121.299	1.957	-3.141
120.934	1.957	-3.141
120.568	1.957	-3.141
120.202	1.957	-3.141
119.836	1.957	-3.141
119.471	1.956	-3.141
119.106	1.956	-3.141
118.743	1.956	-3.141
118.381	1.956	-3.141
118.019	1.956	-3.141
117.658	1.955	-3.141
117.296	1.955	-3.141
116.933	1.955	-3.141
116.570	1.955	-3.141
116.206	1.955	-3.141
115.842	1.955	-3.141
115.477	1.954	-3.141
115.113	1.954	-3.141
114.749	1.954	-3.141
114.385	1.954	-3.141
114.022	1.954	-3.141
113.659	1.953	-3.141
113.296	1.953	-3.141
112.933	1.953	-3.141
112.570	1.953	-3.141
112.207	1.953	-3.141
111.844	1.952	-3.141
111.481	1.952	-3.141
111.117	1.952	-3.141
110.753	1.952	-3.141
110.389	1.952	-3.141
110.026	1.951	-3.141
109.662	1.951	-3.141
109.299	1.951	-3.141
108.936	1.951	-3.141
108.572	1.951	-3.141
108.209	1.951	-3.141
107.846	1.950	-3.141
107.483	1.950	-3.141
107.119	1.950	-3.141
106.756	1.950	-3.141
106.392	1.950	-3.141
106.029	1.949	-3.141
105.665	1.949	-3.141
105.302	1.949	-3.141
104.939	1.949	-3.141
104.575	1.949	-3.141
104.212	1.948	-3.141
103.848	1.948	-3.141
103.485	1.948	-3.141
103.122	1.948	-3.141
102.758	1.948	-3.141
102.395	1.947	-3.141
102.032	1.947	-3.141
101.668	1.947	-3.141
101.305	1.947	-3.141
100.941	1.947	-3.141
100.578	1.946	-3.141
100.215	1.946	-3.141
99.851	1.946	-3.141
99.488	1.946	-3.141
99.124	1.946	-3.141
98.761	1.945	-3.141
98.398	1.945	-3.141
98.034	1.945	-3.141
97.671	1.945	-3.141
97.307	1.945	-3.141
96.944	1.944	-3.141
96.581	1.944	-3.141
96.217	1.944	-3.141
95.854	1.944	-3.141
95.491	1.944	-3.141
95.127	1.943	-3.141
94.764	1.943	-3.141
94.400	1.943	-3.141
94.037	1.943	-3.141
93.674	1.943	-3.141
93.310	1.942	-3.141
92.947	1.942	-3.141
92.583	1.942	-3.141
92.220	1.942	-3.141
91.857	1.942	-3.141
91.493	1.941	-3.141
91.130	1.941	-3.141
90.766	1.941	-3.141
90.403	1.941	-3.141
90.040	1.941	-3.141
89.676	1.941	-3.141
89.313	1.941	-3.141
88.949	1.941	-3.141
88.586	1.941	-3.141
88.223	1.941	-3.142
87.859	1.941	3.142
87.496	1.941	3.142
87.132	1.941	3.142
86.769	1.941	3.142
86.406	1.941	3.142
86.042	1.941	3.141
85.679	1.941	3.141
85.316	1.941	3.141
84.952	1.941	3.141
84.589	1.941	3.141
84.225	1.941	3.141
83.862	1.941	3.141
83.499	1.942	3.141
83.135	1.942	3.141
82.772	1.942	3.141
82.408	1.942	3.141
82.045	1.942	3.141
81.682	1.942	3.141
81.318	1.943	3.141
80.955	1.943	3.141
80.591	1.943	3.141
80.228	1.943	3.141
79.865	1.943	3.141
79.501	1.943	3.141
79.138	1.943	3.141
78.774	1.944	3.141
78.411	1.944	3.141
78.048	1.944	3.141
77.684	1.944	3.141
77.321	1.944	3.141
76.957	1.944	3.141
76.594	1.945	3.141
76.231	1.945	3.141
75.867	1.945	3.141
75.504	1.945	3.141
75.140	1.945	3.141
74.777	1.945	3.141
74.414	1.945	3.141
74.050	1.945	3.141
73.687	1.946	3.141
73.323	1.946	3.141
72.960	1.946	3.141
72.597	1.946	3.141
72.233	1.946	3.141
71.870	1.946	3.141
71.507	1.947	3.141
71.143	1.947	3.141
70.780	1.947	3.141
70.416	1.947	3.141
70.053	1.947	3.141
69.689	1.947	3.141
69.326	1.947	3.141
68.963	1.947	3.141
68.599	1.948	3.141
68.236	1.948	3.141
67.873	1.948	3.141
67.509	1.948	3.141
67.146	1.948	3.141
66.782	1.948	3.141
66.419	1.948	3.141
66.056	1.949	3.141
65.692	1.949	3.141
65.329	1.949	3.141
64.965	1.949	3.141
64.602	1.949	3.141
64.239	1.949	3.141
63.875	1.950	3.141
63.512	1.950	3.141
63.148	1.950	3.141
62.785	1.950	3.141
62.422	1.950	3.141
62.058	1.950	3.141
61.695	1.951	3.141
61.331	1.951	3.141
60.968	1.951	3.141
60.605	1.951	3.141
60.241	1.951	3.141
59.878	1.951	3.141
59.514	1.952	3.141
59.151	1.952	3.141
58.788	1.952	3.141
58.424	1.952	3.141
58.061	1.952	3.141
57.697	1.952	3.141
57.334	1.953	3.141
56.971	1.953	3.141
56.607	1.953	3.141
56.244	1.953	3.141
55.880	1.953	3.141
55.517	1.953	3.141
55.154	1.954	3.141
54.790	1.954	3.141
54.427	1.954	3.141
54.064	1.954	3.141
53.700	1.954	3.141
53.337	1.954	3.141
52.973	1.955	3.141
52.610	1.955	3.141
52.246	1.955	3.141
51.883	1.955	3.141
51.520	1.955	3.141
51.156	1.955	3.141
50.793	1.956	3.141
50.430	1.956	3.141
50.066	1.956	3.141
49.703	1.956	3.141
49.339	1.956	3.141
48.976	1.956	3.141
48.612	1.957	3.141
48.249	1.957	3.141
47.886	1.957	3.141
47.522	1.957	3.141
47.159	1.957	3.141
46.796	1.957	3.141
46.432	1.958	3.141
46.069	1.958	3.141
45.705	1.958	3.141
45.342	1.958	3.141
44.979	1.958	3.141
44.615	1.958	3.141
44.252	1.959	3.141
43.888	1.959	3.141
43.525	1.959	3.141
43.162	1.959	3.141
42.798	1.959	3.141
42.435	1.959	3.141
42.071	1.960	3.141
41.708	1.960	3.141
41.345	1.960	3.141
40.981	1.960	3.141
40.618	1.960	3.141
40.254	1.960	3.141
39.891	1.960	3.141
39.528	1.961	3.141
39.164	1.961	3.141
38.801	1.961	3.141
38.437	1.961	3.141
38.074	1.961	3.141
37.711	1.961	3.141
37.347	1.961	3.141
36.984	1.961	3.141
36.621	1.962	3.141
36.257	1.962	3.141
35.894	1.962	3.141
35.530	1.962	3.141
35.167	1.962	3.141
34.804	1.962	3.141
34.440	1.962	3.141
34.077	1.962	3.141
33.713	1.962	3.141
33.350	1.962	3.141
32.987	1.962	3.141
32.623	1.962	3.141
32.260	1.963	3.141
31.896	1.963	3.141
31.533	1.963	3.141
31.170	1.963	3.141
30.806	1.963	3.141
30.443	1.963	3.141
30.080	1.963	3.141
29.716	1.963	3.141
29.353	1.963	3.141
28.989	1.963	3.141
28.626	1.964	3.141
28.262	1.964	3.141
27.899	1.964	3.141
27.536	1.964	3.141
27.172	1.964	3.141
26.809	1.964	3.141
26.446	1.964	3.141
26.082	1.964	3.141
25.719	1.964	3.141
25.355	1.964	3.141
24.992	1.965	3.141
24.629	1.965	3.141
24.265	1.965	3.141
23.902	1.965	3.141
23.538	1.965	3.141
23.175	1.965	3.141
22.812	1.965	3.141
22.448	1.965	3.141
22.085	1.966	3.141
21.721	1.966	3.141
21.358	1.966	3.141
20.995	1.966	3.141
20.631	1.966	3.141
20.268	1.966	3.141
19.905	1.966	3.141
19.541	1.966	3.141
19.178	1.967	3.141
18.814	1.967	3.141
18.451	1.967	3.141
18.088	1.967	3.141
17.724	1.967	3.141
17.361	1.967	3.141
16.997	1.967	3.141
16.634	1.968	3.141
16.271	1.968	3.141
15.907	1.968	3.141
15.544	1.968	3.141
15.180	1.968	3.141
14.817	1.968	3.141
14.454	1.972	3.138
14.091	1.979	3.132
13.728	1.989	3.127
13.365	2.000	3.121
13.002	2.012	3.116
12.639	2.025	3.112
12.275	2.040	3.108
11.912	2.055	3.105
11.549	2.071	3.103
11.186	2.087	3.101
10.822	2.104	3.099
10.460	2.121	3.097
10.097	2.138	3.096
9.734	2.156	3.095
9.371	2.178	3.090
9.010	2.205	3.082
8.650	2.240	3.070
8.290	2.282	3.054
7.933	2.334	3.034
7.579	2.400	3.007
7.230	2.481	2.975
6.885	2.577	2.939
6.544	2.688	2.899
6.211	2.817	2.855
5.884	2.963	2.808
5.564	3.126	2.761
5.255	3.307	2.708
4.956	3.505	2.655
4.668	3.720	2.601
4.395	3.951	2.544
4.136	4.197	2.487
3.886	4.457	2.434
3.650	4.730	2.381
3.427	5.013	2.329
3.219	5.308	2.277
3.031	5.613	2.223
2.859	5.927	2.169
2.706	6.249	2.115
2.577	6.579	2.055
2.468	6.915	1.996
2.375	7.259	1.939
2.295	7.611	1.888
2.226	7.970	1.842
2.167	8.333	1.802
2.117	8.699	1.767
2.075	9.064	1.736
2.041	9.429	1.709
2.013	9.792	1.686
1.991	10.154	1.665
1.973	10.514	1.648
1.959	10.873	1.634
1.947	11.233	1.622
1.939	11.593	1.612
1.932	11.954	1.604
1.927	12.317	1.596
1.924	12.682	1.590
1.922	13.047	1.585
1.921	13.412	1.581
1.921	13.778	1.577
1.922	14.143	1.574
1.923	14.507	1.571
1.924	14.870	1.570
1.926	15.232	1.569
1.927	15.595	1.568
1.929	15.957	1.567
1.930	16.319	1.567
1.932	16.682	1.567
1.934	17.045	1.566
1.936	17.409	1.566
1.937	17.773	1.566
1.939	18.137	1.566
1.941	18.501	1.566
1.943	18.865	1.565
1.945	19.228	1.565
1.947	19.592	1.565
1.949	19.955	1.566
1.951	20.318	1.566
1.952	20.681	1.566
1.953	21.044	1.567
1.954	21.407	1.567
1.956	21.771	1.567
1.957	22.134	1.567
1.958	22.498	1.568
1.959	22.861	1.568
1.960	23.225	1.568
1.961	23.588	1.568
1.962	23.952	1.568
1.963	24.315	1.568
1.964	24.679	1.568
1.964	25.042	1.568
1.965	25.405	1.569
1.966	25.768	1.569
1.966	26.132	1.569
1.967	26.495	1.569
1.967	26.858	1.569
1.967	27.222	1.569
1.968	27.585	1.570
1.968	27.949	1.570
1.968	28.312	1.570
1.969	28.676	1.570
1.969	29.039	1.570
1.969	29.402	1.570
1.970	29.766	1.570
1.970	30.129	1.570
1.970	30.493	1.570
1.970	30.856	1.570
1.970	31.219	1.570
1.971	31.583	1.570
1.971	31.946	1.570
1.971	32.309	1.570
1.971	32.673	1.571
1.971	33.036	1.571
1.971	33.400	1.571
1.971	33.763	1.571
1.971	34.127	1.571
1.971	34.490	1.571
1.971	34.853	1.571
1.971	35.217	1.571
1.971	35.580	1.571
1.971	35.943	1.571
1.971	36.307	1.571
1.971	36.670	1.571
1.971	37.034	1.571
1.971	37.397	1.571
1.971	37.760	1.571
1.971	38.124	1.571
1.971	38.487	1.571
1.971	38.851	1.571
1.970	39.214	1.571
1.970	39.577	1.571
1.970	39.941	1.571
1.970	40.304	1.571
1.970	40.668	1.571
1.970	41.031	1.571
1.970	41.394	1.571
1.970	41.758	1.571
1.970	42.121	1.571
1.970	42.484	1.571
1.970	42.848	1.571
1.969	43.211	1.571
1.969	43.575	1.571
1.969	43.938	1.571
1.969	44.301	1.571
1.969	44.665	1.571
1.969	45.028	1.571
1.969	45.392	1.571
1.969	45.755	1.571
1.969	46.118	1.571
1.968	46.482	1.571
1.968	46.845	1.571
1.968	47.209	1.571
1.968	47.572	1.571
1.968	47.935	1.571
1.968	48.299	1.571
1.968	48.662	1.571
1.968	49.026	1.571
1.968	49.389	1.571
1.967	49.752	1.571
1.967	50.116	1.571
1.967	50.479	1.571
1.967	50.843	1.571
1.967	51.206	1.571
1.967	51.569	1.571
1.967	51.933	1.571
1.967	52.296	1.571
1.967	52.660	1.571
1.966	53.023	1.571
1.966	53.386	1.571
1.966	53.750	1.571
1.966	54.113	1.571
1.966	54.477	1.571
1.966	54.840	1.571
1.966	55.203	1.571
1.966	55.567	1.571
1.966	55.930	1.571
1.966	56.293	1.571
1.965	56.657	1.571
1.965	57.020	1.571
1.965	57.384	1.571
1.965	57.747	1.571
1.965	58.111	1.571
1.965	58.474	1.571
1.965	58.837	1.571
1.965	59.201	1.571
1.965	59.564	1.571
1.964	59.927	1.571
1.964	60.291	1.571
1.964	60.654	1.571
1.964	61.018	1.571
1.964	61.381	1.571
1.964	61.743	1.571
1.964	62.104	1.571
1.964	62.462	1.571
1.964	62.816	1.571
1.963	63.165	1.571
1.963	63.510	1.571
1.963	63.850	1.571
1.963	64.186	1.571
1.963	64.518	1.571
1.963	64.847	1.571
1.963	65.174	1.571
1.963	65.499	1.571
1.963	65.822	1.571
1.963	66.143	1.571
1.962	66.463	1.571
1.962	66.779	1.571
1.962	67.094	1.571
1.962	67.404	1.571
1.962	67.712	1.571
1.962	68.017	1.571
1.962	68.318	1.571
1.962	68.616	1.571
1.962	68.912	1.571
1.962	69.205	1.571
1.962	69.495	1.571
1.961	69.784	1.571
1.961	70.070	1.571
1.961	70.355	1.571
1.961	70.637	1.571
1.961	70.916	1.571
1.961	71.194	1.571
1.961	71.468	1.571
1.961	71.740	1.571
1.960	72.009	1.571
1.960	72.276	1.571
1.960	72.541	1.571
1.960	72.803	1.571
1.960	73.062	1.571
1.960	73.320	1.571
1.960	73.576	1.571
1.960	73.830	1.571
1.960	74.081	1.571
1.959	74.333	1.571
1.959	74.580	1.571
1.960	74.807	1.571
1.960	75.039	1.570
1.961	75.275	1.570
1.962	75.518	1.570
1.962	75.765	1.569
1.963	76.010	1.569
1.964	76.252	1.569
1.965	76.488	1.568
1.966	76.720	1.568
1.967	76.947	1.568
1.967	77.171	1.568
1.968	77.393	1.568
1.969	77.615	1.568
1.970	77.835	1.567
1.971	78.054	1.567
1.972	78.272	1.567
1.973	78.488	1.567
1.974	78.700	1.567
1.975	78.911	1.567
1.976	79.119	1.567
1.976	79.326	1.567
1.977	79.531	1.567
1.982	79.735	1.564
1.997	79.938	1.553
2.019	80.144	1.538
2.046	80.358	1.524
2.076	80.583	1.509
2.109	80.819	1.496
2.145	81.067	1.483
2.185	81.328	1.470
2.226	81.592	1.459
2.270	81.860	1.448
2.316	82.136	1.439
2.365	82.424	1.429
2.418	82.723	1.421
2.475	83.031	1.413
2.534	83.351	1.405
2.602	83.681	1.395
2.684	84.021	1.375
2.779	84.370	1.353
2.889	84.725	1.326
3.017	85.077	1.290
3.161	85.421	1.248
3.321	85.755	1.203
3.497	86.071	1.152
3.689	86.369	1.096
3.897	86.648	1.037
4.122	86.907	0.975
4.365	87.143	0.907
4.627	87.355	0.833
4.909	87.542	0.755
5.210	87.712	0.678
5.532	87.866	0.602
5.871	88.006	0.532
6.223	88.127	0.462
6.581	88.228	0.394
6.943	88.311	0.331
7.306	88.379	0.275
7.669	88.433	0.226
8.030	88.477	0.185
8.388	88.511	0.149
8.745	88.536	0.119
9.101	88.555	0.094
9.458	88.568	0.073
9.816	88.577	0.055
10.176	88.581	0.039
10.539	88.582	0.026
10.904	88.580	0.014
11.271	88.576	0.004
11.638	88.571	-0.002
12.005	88.567	-0.006
12.371	88.562	-0.009
12.735	88.556	-0.012
13.098	88.550	-0.014
13.459	88.543	-0.015
13.820	88.537	-0.017
14.182	88.530	-0.018
14.543	88.523	-0.018
14.905	88.515	-0.019
15.269	88.508	-0.020
15.633	88.500	-0.020
15.997	88.492	-0.021
16.362	88.484	-0.021
16.726	88.477	-0.020
17.090	88.471	-0.019
17.454	88.466	-0.018
17.817	88.461	-0.016
18.180	88.456	-0.015
18.543	88.451	-0.014
18.905	88.447	-0.013
19.268	88.443	-0.013
19.631	88.439	-0.012
19.994	88.435	-0.012
20.358	88.431	-0.011
20.722	88.427	-0.011
21.085	88.423	-0.011
21.449	88.420	-0.011
21.813	88.416	-0.010
22.177	88.414	-0.009
22.540	88.411	-0.008
22.903	88.409	-0.007
23.266	88.407	-0.007
23.629	88.405	-0.006
23.992	88.403	-0.006
24.356	88.401	-0.006
24.719	88.400	-0.005
25.083	88.398	-0.005
25.446	88.396	-0.005
25.810	88.395	-0.005
26.173	88.393	-0.004
26.537	88.392	-0.004
26.900	88.391	-0.004
27.264	88.390	-0.004
27.627	88.389	-0.003
27.990	88.388	-0.003
28.353	88.387	-0.003
28.717	88.386	-0.002
29.080	88.386	-0.002
29.442	88.385	-0.002
29.802	88.384	-0.002
30.159	88.384	-0.002
30.511	88.383	-0.002
30.860	88.383	-0.002
31.203	88.382	-0.002
31.542	88.382	-0.002
31.877	88.381	-0.001
32.209	88.381	-0.001
32.537	88.380	-0.001
32.864	88.380	-0.001
33.188	88.380	-0.001
33.511	88.380	-0.001
33.831	88.379	-0.001
34.150	88.379	-0.001
34.466	88.379	-0.001
34.780	88.379	-0.001
35.090	88.378	-0.001
35.397	88.378	-0.001
35.701	88.378	-0.001
36.001	88.378	-0.001
36.299	88.378	-0.001
36.594	88.377	-0.001
36.886	88.377	-0.001
37.176	88.377	-0.001
37.464	88.377	-0.000
37.750	88.377	-0.000
38.034	88.377	-0.000
38.315	88.377	-0.000
38.594	88.377	-0.000
38.871	88.377	-0.000
39.145	88.377	-0.000
39.416	88.377	-0.000
39.685	88.377	-0.000
39.951	88.377	-0.000
40.215	88.377	-0.000
40.476	88.377	-0.000
40.735	88.376	-0.000
40.993	88.376	-0.000
41.248	88.376	-0.000
41.501	88.376	-0.000
41.753	88.376	-0.000
42.005	88.376	-0.000
42.260	88.376	-0.000
42.517	88.376	-0.000
42.775	88.376	-0.000
43.032	88.376	-0.000
43.287	88.376	-0.000
43.538	88.376	-0.000
43.789	88.376	-0.000
43.997	88.376	-0.000
44.358	88.376	-0.000
44.740	88.376	0.000
44.946	88.376	0.000
45.164	88.376	0.000
45.394	88.376	0.000
45.634	88.376	0.000
45.878	88.377	0.000
46.119	88.377	0.000
46.354	88.377	0.000
46.582	88.377	0.000
46.807	88.377	0.000
47.034	88.377	0.000
47.267	88.377	0.000
47.509	88.377	0.000
47.762	88.377	0.000
48.025	88.377	0.000
48.291	88.377	0.000
48.561	88.377	0.000
48.837	88.377	0.000
49.123	88.377	0.000
49.419	88.377	0.000
49.727	88.377	0.000
50.048	88.377	0.000
50.381	88.377	0.000
50.728	88.377	0.000
51.089	88.377	0.000
51.462	88.378	0.000
51.843	88.378	0.000
52.226	88.378	0.000
52.608	88.378	0.000
52.985	88.378	0.000
53.357	88.378	0.000
53.724	88.378	0.000
54.086	88.378	0.000
54.442	88.378	0.000
54.797	88.378	0.000
55.151	88.378	0.000
55.506	88.378	0.000
55.865	88.379	0.000
56.228	88.379	0.000
56.594	88.379	0.000
56.962	88.379	0.000
57.331	88.379	0.000
57.700	88.379	0.000
58.067	88.379	0.000
58.432	88.379	0.000
58.795	88.379	0.000
59.156	88.379	0.000
59.516	88.380	0.000
59.876	88.380	0.000
60.237	88.380	0.000
60.599	88.380	0.000
60.961	88.380	0.000
61.326	88.380	0.000
61.691	88.380	0.000
62.056	88.380	0.000
62.421	88.380	0.000
62.786	88.380	0.000
63.150	88.381	0.000
63.514	88.381	0.000
63.876	88.381	0.000
64.239	88.381	0.000
64.601	88.381	0.000
64.963	88.381	0.000
65.326	88.381	0.000
65.689	88.381	0.000
66.053	88.381	0.000
66.417	88.381	0.000
66.781	88.382	0.000
67.145	88.382	0.000
67.509	88.382	0.000
67.872	88.382	0.000
68.236	88.382	0.000
68.599	88.382	0.000
68.962	88.382	0.000
69.325	88.382	-0.000
69.688	88.382	-0.000
70.051	88.382	-0.000
70.414	88.382	-0.000
70.778	88.382	-0.000
71.141	88.382	-0.000
71.505	88.382	-0.000
71.869	88.382	-0.000
72.232	88.382	-0.000
72.596	88.382	-0.000
72.959	88.382	0.000
73.322	88.382	0.000
73.686	88.382	0.000
74.049	88.382	0.000
74.412	88.382	0.000
74.776	88.382	0.000
75.139	88.382	0.000
75.502	88.382	0.000
75.866	88.382	0.000
76.229	88.382	0.000
76.593	88.382	0.000
76.956	88.382	0.000
77.320	88.382	0.000
77.683	88.382	0.000
78.046	88.382	0.000
78.410	88.382	0.000
78.773	88.382	0.000
79.136	88.382	0.000
79.500	88.382	0.000
79.863	88.382	0.000
80.227	88.382	0.000
80.590	88.382	0.000
80.953	88.382	0.000
81.317	88.382	0.000
81.680	88.382	0.000
82.044	88.382	0.000
82.407	88.382	0.000
82.770	88.382	0.000
83.134	88.383	0.000
83.497	88.383	0.000
83.861	88.383	0.000
84.224	88.383	0.000
84.587	88.383	0.000
84.951	88.383	0.000
