0.640	0.869	0.936
0.760	1.033	0.936
0.881	1.197	0.936
1.007	1.369	0.936
1.127	1.531	0.936
1.252	1.701	0.936
1.371	1.863	0.936
1.498	2.035	0.936
1.622	2.204	0.936
1.742	2.368	0.936
1.867	2.538	0.936
1.997	2.714	0.936
2.119	2.880	0.936
2.245	3.051	0.936
2.374	3.226	0.936
2.506	3.405	0.936
2.628	3.571	0.936
2.752	3.740	0.936
2.879	3.912	0.936
3.007	4.087	0.936
3.151	4.282	0.936
3.270	4.444	0.936
3.390	4.607	0.936
3.512	4.773	0.936
3.635	4.940	0.936
3.759	5.108	0.936
3.898	5.298	0.936
4.025	5.470	0.936
4.152	5.643	0.936
4.281	5.817	0.936
4.410	5.993	0.936
4.540	6.170	0.936
4.672	6.348	0.936
4.803	6.528	0.936
4.936	6.708	0.936
5.055	6.869	0.936
5.174	7.031	0.936
5.294	7.194	0.936
5.414	7.357	0.936
5.535	7.521	0.936
5.656	7.686	0.936
5.777	7.851	0.936
5.915	8.038	0.936
6.038	8.205	0.936
6.161	8.372	0.936
6.284	8.540	0.936
6.424	8.729	0.936
6.548	8.898	0.936
6.673	9.068	0.936
6.798	9.238	0.936
6.923	9.408	0.936
7.049	9.579	0.936
7.175	9.750	0.936
7.301	9.922	0.936
7.428	10.094	0.936
7.555	10.267	0.936
7.682	10.439	0.936
7.810	10.613	0.936
7.937	10.786	0.936
8.081	10.982	0.936
8.209	11.156	0.936
8.338	11.330	0.936
8.482	11.527	0.936
8.611	11.702	0.936
8.756	11.899	0.936
8.885	12.074	0.936
9.031	12.272	0.936
9.160	12.448	0.936
9.290	12.624	0.936
9.436	12.822	0.936
9.565	12.999	0.936
9.712	13.197	0.936
9.842	13.374	0.936
9.972	13.551	0.936
10.119	13.750	0.936
10.249	13.928	0.936
10.379	14.105	0.936
10.526	14.305	0.936
10.657	14.482	0.936
10.788	14.660	0.936
10.935	14.860	0.936
11.066	15.037	0.936
11.197	15.215	0.936
11.344	15.416	0.936
11.475	15.594	0.936
11.622	15.794	0.936
11.754	15.972	0.936
11.885	16.150	0.936
12.032	16.351	0.936
12.164	16.529	0.936
12.295	16.708	0.936
12.443	16.908	0.936
12.574	17.087	0.936
12.705	17.265	0.936
12.837	17.444	0.936
12.968	17.623	0.936
13.099	17.801	0.936
13.231	17.980	0.936
13.379	18.181	0.936
13.510	18.359	0.936
13.642	18.538	0.936
13.790	18.739	0.936
13.921	18.918	0.936
14.053	19.097	0.936
14.184	19.276	0.936
14.332	19.477	0.936
14.464	19.656	0.936
14.596	19.834	0.936
14.727	20.013	0.936
14.859	20.192	0.936
14.990	20.371	0.936
15.122	20.550	0.936
15.254	20.729	0.936
15.385	20.907	0.936
15.517	21.086	0.936
15.649	21.265	0.936
15.780	21.444	0.936
15.912	21.623	0.936
16.044	21.802	0.936
16.175	21.981	0.936
16.307	22.160	0.936
16.439	22.339	0.936
16.570	22.518	0.936
16.702	22.697	0.936
16.834	22.876	0.936
16.965	23.055	0.936
17.097	23.233	0.936
17.229	23.412	0.936
17.360	23.591	0.936
17.492	23.770	0.936
17.624	23.949	0.936
17.755	24.128	0.936
17.887	24.307	0.936
18.035	24.509	0.936
18.167	24.688	0.936
18.315	24.889	0.936
18.447	25.068	0.936
18.579	25.247	0.936
18.710	25.426	0.936
18.842	25.605	0.936
18.974	25.784	0.936
19.105	25.963	0.936
19.253	26.164	0.936
19.385	26.343	0.936
19.517	26.522	0.936
19.665	26.723	0.936
19.797	26.902	0.936
19.928	27.081	0.936
20.077	27.283	0.936
20.208	27.462	0.936
20.340	27.641	0.936
20.488	27.842	0.936
20.620	28.021	0.936
20.752	28.200	0.936
20.900	28.401	0.936
21.032	28.580	0.936
21.163	28.759	0.936
21.295	28.938	0.936
21.427	29.117	0.936
21.558	29.296	0.936
21.707	29.497	0.936
21.838	29.676	0.936
21.970	29.855	0.936
22.118	30.057	0.936
22.250	30.236	0.936
22.382	30.415	0.936
22.530	30.616	0.936
22.661	30.795	0.936
22.810	30.996	0.936
22.941	31.175	0.936
23.073	31.354	0.936
23.221	31.556	0.936
23.353	31.735	0.936
23.485	31.914	0.936
23.616	32.093	0.936
23.748	32.272	0.936
23.880	32.451	0.936
24.028	32.652	0.936
24.160	32.831	0.936
24.291	33.010	0.936
24.439	33.211	0.936
24.571	33.390	0.936
24.703	33.569	0.936
24.851	33.771	0.936
24.983	33.950	0.936
25.115	34.129	0.936
25.263	34.330	0.936
25.394	34.509	0.936
25.543	34.710	0.936
25.674	34.889	0.936
25.806	35.068	0.936
25.938	35.247	0.936
26.069	35.426	0.936
26.201	35.605	0.936
26.333	35.784	0.936
26.465	35.963	0.936
26.596	36.142	0.936
26.744	36.344	0.936
26.876	36.523	0.936
27.008	36.702	0.936
27.156	36.903	0.936
27.288	37.082	0.936
27.419	37.261	0.936
27.551	37.440	0.936
27.683	37.619	0.936
27.815	37.798	0.936
27.946	37.977	0.936
28.078	38.156	0.936
28.210	38.335	0.936
28.341	38.514	0.936
28.490	38.715	0.936
28.621	38.894	0.936
28.753	39.073	0.936
28.901	39.274	0.936
29.033	39.453	0.936
29.165	39.632	0.936
29.313	39.834	0.936
29.444	40.013	0.936
29.576	40.192	0.936
29.708	40.371	0.936
29.840	40.550	0.936
29.971	40.729	0.936
30.103	40.908	0.936
30.235	41.087	0.936
30.383	41.288	0.936
30.515	41.467	0.936
30.646	41.646	0.936
30.778	41.825	0.936
30.926	42.026	0.936
31.058	42.205	0.936
31.190	42.384	0.936
31.321	42.563	0.936
31.453	42.742	0.936
31.585	42.921	0.936
31.733	43.123	0.936
31.865	43.302	0.936
31.996	43.481	0.936
32.145	43.682	0.936
32.276	43.861	0.936
32.408	44.040	0.936
32.540	44.219	0.936
32.671	44.398	0.936
32.803	44.577	0.936
32.935	44.756	0.936
33.083	44.957	0.936
33.215	45.136	0.936
33.346	45.315	0.936
33.495	45.517	0.936
33.626	45.695	0.936
33.758	45.874	0.936
33.906	46.076	0.936
34.038	46.255	0.936
34.170	46.434	0.936
34.318	46.635	0.936
34.449	46.814	0.936
34.581	46.993	0.936
34.713	47.172	0.936
34.845	47.351	0.936
34.976	47.530	0.936
35.124	47.731	0.936
35.256	47.910	0.936
35.388	48.089	0.936
35.536	48.291	0.936
35.668	48.470	0.936
35.799	48.649	0.936
35.948	48.850	0.936
36.079	49.029	0.936
36.211	49.208	0.936
36.343	49.387	0.936
36.474	49.566	0.936
36.606	49.745	0.936
36.754	49.946	0.936
36.886	50.125	0.936
37.018	50.304	0.936
37.166	50.506	0.936
37.298	50.685	0.936
37.429	50.864	0.936
37.561	51.043	0.936
37.693	51.222	0.936
37.825	51.401	0.936
37.956	51.580	0.936
38.104	51.781	0.936
38.236	51.960	0.936
38.368	52.139	0.936
38.500	52.318	0.936
38.631	52.497	0.936
38.779	52.698	0.936
38.911	52.877	0.936
39.043	53.056	0.936
39.175	53.235	0.936
39.306	53.414	0.936
39.438	53.593	0.936
39.586	53.794	0.936
39.718	53.973	0.936
39.850	54.152	0.936
39.981	54.331	0.936
40.129	54.533	0.936
40.261	54.712	0.936
40.393	54.891	0.936
40.525	55.070	0.936
40.656	55.249	0.936
40.804	55.450	0.936
40.936	55.629	0.936
41.068	55.808	0.936
41.216	56.009	0.936
41.348	56.188	0.936
41.479	56.367	0.936
41.611	56.546	0.936
41.743	56.725	0.936
41.875	56.904	0.936
42.006	57.083	0.936
42.138	57.262	0.936
42.270	57.441	0.936
42.401	57.620	0.936
42.533	57.799	0.936
42.665	57.978	0.936
42.813	58.180	0.936
42.945	58.359	0.936
43.076	58.538	0.936
43.225	58.739	0.936
43.356	58.918	0.936
43.488	59.097	0.936
43.620	59.276	0.936
43.768	59.477	0.936
43.900	59.656	0.936
44.031	59.835	0.936
44.163	60.014	0.936
44.295	60.193	0.936
44.426	60.372	0.936
44.558	60.551	0.936
44.690	60.730	0.936
44.822	60.909	0.936
44.970	61.110	0.936
45.102	61.289	0.936
45.233	61.468	0.936
45.365	61.647	0.936
45.497	61.826	0.936
45.628	62.005	0.936
45.760	62.184	0.936
45.908	62.386	0.936
46.040	62.565	0.936
46.172	62.744	0.936
46.303	62.923	0.936
46.435	63.102	0.936
46.567	63.281	0.936
46.698	63.460	0.936
46.830	63.639	0.936
46.962	63.818	0.936
47.094	63.997	0.936
47.225	64.176	0.936
47.357	64.355	0.936
47.489	64.534	0.936
47.620	64.713	0.936
47.752	64.891	0.936
47.900	65.093	0.936
48.032	65.272	0.936
48.164	65.451	0.936
48.312	65.652	0.936
48.444	65.831	0.936
48.575	66.010	0.936
48.707	66.189	0.936
48.839	66.368	0.936
48.970	66.547	0.936
49.119	66.748	0.936
49.250	66.927	0.936
49.382	67.106	0.936
49.530	67.308	0.936
49.662	67.487	0.936
49.794	67.666	0.936
49.942	67.867	0.936
50.074	68.046	0.936
50.205	68.225	0.936
50.337	68.404	0.936
50.469	68.583	0.936
50.600	68.762	0.936
50.749	68.963	0.936
50.880	69.142	0.936
51.012	69.321	0.936
51.144	69.500	0.936
51.275	69.679	0.936
51.407	69.858	0.936
51.539	70.037	0.936
51.671	70.216	0.936
51.819	70.418	0.936
51.950	70.597	0.936
52.082	70.776	0.936
52.214	70.955	0.936
52.346	71.134	0.936
52.477	71.313	0.936
52.625	71.514	0.936
52.757	71.693	0.936
52.889	71.872	0.936
53.037	72.073	0.936
53.169	72.252	0.936
53.300	72.431	0.936
53.449	72.633	0.936
53.580	72.812	0.936
53.729	73.013	0.936
53.860	73.192	0.936
53.992	73.371	0.936
54.140	73.572	0.936
54.272	73.751	0.936
54.404	73.930	0.936
54.552	74.132	0.936
54.683	74.311	0.936
54.815	74.489	0.936
54.963	74.691	0.936
55.095	74.870	0.936
55.227	75.049	0.936
55.375	75.250	0.936
55.507	75.429	0.936
55.638	75.608	0.936
55.770	75.787	0.936
55.918	75.988	0.936
56.050	76.167	0.936
56.182	76.346	0.936
56.313	76.525	0.936
56.445	76.704	0.936
56.577	76.883	0.936
56.708	77.062	0.936
56.840	77.241	0.936
56.972	77.420	0.936
57.104	77.599	0.936
57.252	77.801	0.936
57.383	77.980	0.936
57.515	78.159	0.936
57.647	78.338	0.936
57.779	78.517	0.936
57.910	78.696	0.936
58.042	78.875	0.936
58.174	79.054	0.936
58.305	79.233	0.936
58.454	79.434	0.936
58.585	79.613	0.936
58.717	79.792	0.936
58.849	79.971	0.936
58.980	80.150	0.936
59.112	80.329	0.936
59.244	80.508	0.936
59.392	80.709	0.936
59.524	80.888	0.936
59.655	81.067	0.936
59.787	81.246	0.936
59.919	81.425	0.936
60.067	81.626	0.936
60.199	81.805	0.936
60.330	81.984	0.936
60.462	82.163	0.936
60.594	82.342	0.936
60.726	82.521	0.936
60.874	82.723	0.936
61.005	82.902	0.936
61.137	83.081	0.936
61.285	83.282	0.936
61.417	83.461	0.936
61.565	83.662	0.936
61.697	83.841	0.936
61.829	84.020	0.936
61.960	84.199	0.936
62.092	84.378	0.936
62.224	84.557	0.936
62.372	84.759	0.936
62.504	84.938	0.936
62.652	85.139	0.936
62.784	85.318	0.936
62.915	85.497	0.936
63.063	85.698	0.936
63.195	85.877	0.936
63.343	86.079	0.936
63.475	86.258	0.936
63.607	86.437	0.936
63.738	86.616	0.936
63.870	86.795	0.936
64.002	86.974	0.936
64.134	87.153	0.936
64.282	87.354	0.936
64.413	87.533	0.936
64.545	87.712	0.936
64.693	87.913	0.936
64.825	88.092	0.936
64.957	88.271	0.936
65.089	88.450	0.936
65.220	88.629	0.936
65.352	88.808	0.936
65.484	88.987	0.936
65.632	89.189	0.936
65.764	89.368	0.936
65.895	89.547	0.936
66.043	89.748	0.936
66.175	89.927	0.936
66.307	90.106	0.936
66.439	90.285	0.936
66.570	90.464	0.936
66.718	90.665	0.936
66.850	90.844	0.936
66.998	91.045	0.936
67.130	91.224	0.936
67.262	91.403	0.936
67.393	91.582	0.936
67.525	91.761	0.936
67.657	91.940	0.936
67.789	92.119	0.936
67.920	92.298	0.936
68.052	92.477	0.936
68.200	92.679	0.936
68.381	92.925	0.936
68.529	93.126	0.936
68.661	93.305	0.936
68.793	93.484	0.936
68.925	93.663	0.936
69.056	93.842	0.936
69.188	94.021	0.936
69.320	94.200	0.936
69.451	94.379	0.936
69.583	94.558	0.936
69.715	94.737	0.936
69.847	94.916	0.936
69.978	95.095	0.936
70.110	95.274	0.936
70.242	95.453	0.936
70.373	95.632	0.936
70.505	95.811	0.936
70.637	95.990	0.936
70.768	96.169	0.936
70.917	96.370	0.936
71.048	96.549	0.936
71.180	96.728	0.936
71.312	96.907	0.936
71.460	97.109	0.936
71.608	97.310	0.936
71.740	97.489	0.936
71.872	97.668	0.936
72.003	97.847	0.936
72.135	98.026	0.936
72.267	98.205	0.936
72.398	98.384	0.936
72.530	98.563	0.936
72.662	98.742	0.936
72.810	98.943	0.936
72.942	99.122	0.936
73.073	99.301	0.936
73.205	99.480	0.936
73.337	99.659	0.936
73.469	99.838	0.936
73.600	100.017	0.936
73.732	100.196	0.936
73.880	100.397	0.936
74.012	100.576	0.936
74.144	100.755	0.936
74.292	100.957	0.936
74.423	101.136	0.936
74.555	101.315	0.936
74.703	101.516	0.936
74.835	101.695	0.936
74.967	101.874	0.936
75.098	102.053	0.936
75.230	102.232	0.936
75.378	102.433	0.936
75.510	102.612	0.936
75.642	102.791	0.936
75.790	102.993	0.936
75.922	103.172	0.936
76.053	103.351	0.936
76.185	103.530	0.936
76.317	103.709	0.936
76.448	103.888	0.936
76.580	104.067	0.936
76.712	104.246	0.936
76.844	104.425	0.936
76.975	104.604	0.936
77.107	104.782	0.936
77.239	104.961	0.936
77.387	105.163	0.936
77.519	105.342	0.936
77.650	105.521	0.936
77.782	105.700	0.936
77.914	105.879	0.936
78.045	106.058	0.936
78.177	106.237	0.936
78.309	106.416	0.936
78.441	106.595	0.936
78.572	106.774	0.936
78.704	106.953	0.936
78.836	107.132	0.936
78.967	107.311	0.936
79.099	107.490	0.936
79.247	107.691	0.936
79.379	107.870	0.936
79.511	108.049	0.936
79.642	108.228	0.936
79.774	108.407	0.936
79.906	108.586	0.936
80.054	108.787	0.936
80.186	108.966	0.936
80.317	109.145	0.936
80.466	109.347	0.936
80.597	109.526	0.936
80.729	109.705	0.936
80.877	109.906	0.936
81.009	110.085	0.936
81.141	110.264	0.936
81.289	110.465	0.936
81.421	110.644	0.936
81.569	110.846	0.936
81.700	111.025	0.936
81.832	111.204	0.936
81.980	111.405	0.936
82.112	111.584	0.936
82.244	111.763	0.936
82.375	111.942	0.936
82.507	112.121	0.936
82.655	112.322	0.936
82.787	112.501	0.936
82.919	112.680	0.936
83.067	112.882	0.936
83.215	113.083	0.936
83.347	113.262	0.936
83.479	113.441	0.936
83.610	113.620	0.936
83.758	113.821	0.936
83.890	114.000	0.936
84.022	114.179	0.936
84.170	114.380	0.936
84.302	114.559	0.936
84.433	114.738	0.936
84.582	114.940	0.936
84.713	115.119	0.936
84.845	115.298	0.936
84.993	115.499	0.936
85.125	115.678	0.936
85.257	115.857	0.936
85.388	116.036	0.936
85.520	116.215	0.936
85.668	116.416	0.936
85.800	116.595	0.936
85.948	116.797	0.936
86.080	116.976	0.936
86.212	117.155	0.936
86.360	117.356	0.936
86.491	117.535	0.936
86.640	117.736	0.936
86.771	117.915	0.936
86.903	118.094	0.936
87.035	118.273	0.936
87.166	118.452	0.936
87.298	118.631	0.936
87.446	118.833	0.936
87.578	119.012	0.936
87.710	119.191	0.936
87.858	119.392	0.936
87.990	119.571	0.936
88.138	119.772	0.936
88.269	119.951	0.936
88.401	120.130	0.936
88.549	120.332	0.936
88.681	120.511	0.936
88.813	120.690	0.936
88.961	120.891	0.936
89.093	121.070	0.936
89.224	121.249	0.936
89.356	121.428	0.936
89.488	121.607	0.936
89.620	121.786	0.936
89.768	121.987	0.936
89.899	122.166	0.936
90.031	122.345	0.936
90.163	122.524	0.936
90.295	122.703	0.936
90.426	122.882	0.936
90.574	123.084	0.936
90.706	123.263	0.936
90.854	123.464	0.936
90.986	123.643	0.936
91.118	123.822	0.936
91.266	124.023	0.936
91.398	124.202	0.936
91.529	124.381	0.936
91.677	124.583	0.936
91.809	124.762	0.936
91.941	124.941	0.936
92.073	125.120	0.936
92.204	125.299	0.936
92.336	125.477	0.936
92.468	125.656	0.936
92.599	125.835	0.936
92.731	126.014	0.936
92.879	126.216	0.936
93.011	126.395	0.936
93.143	126.574	0.936
93.291	126.775	0.936
93.423	126.954	0.936
93.554	127.133	0.936
93.703	127.334	0.936
93.834	127.513	0.936
93.966	127.692	0.936
94.114	127.894	0.936
94.246	128.073	0.936
94.378	128.252	0.936
94.509	128.431	0.936
94.641	128.610	0.936
94.773	128.789	0.936
94.921	128.990	0.936
95.053	129.169	0.936
95.184	129.348	0.936
95.316	129.527	0.936
95.448	129.706	0.936
95.579	129.885	0.936
95.711	130.064	0.936
95.859	130.265	0.936
95.991	130.444	0.936
96.123	130.623	0.936
96.254	130.802	0.936
96.386	130.981	0.936
96.534	131.183	0.936
96.666	131.362	0.936
96.798	131.541	0.936
96.929	131.720	0.936
97.061	131.899	0.936
97.193	132.078	0.936
97.325	132.256	0.936
97.456	132.435	0.936
97.588	132.614	0.936
97.720	132.793	0.936
97.868	132.995	0.936
98.000	133.174	0.936
98.131	133.353	0.936
98.279	133.554	0.936
98.411	133.733	0.936
98.543	133.912	0.936
98.691	134.113	0.936
98.823	134.292	0.936
98.954	134.471	0.936
99.103	134.673	0.936
99.234	134.852	0.936
99.366	135.031	0.936
99.514	135.232	0.936
99.646	135.411	0.936
99.778	135.590	0.936
99.926	135.791	0.936
100.058	135.970	0.936
100.189	136.149	0.936
100.337	136.351	0.936
100.469	136.530	0.936
100.601	136.709	0.936
100.749	136.910	0.936
100.881	137.089	0.936
101.012	137.268	0.936
101.161	137.469	0.936
101.292	137.648	0.936
101.424	137.827	0.936
101.556	138.006	0.936
101.687	138.185	0.936
101.819	138.364	0.936
101.951	138.543	0.936
102.083	138.722	0.936
102.214	138.901	0.936
102.346	139.080	0.936
102.478	139.259	0.936
102.609	139.438	0.936
102.758	139.640	0.936
102.889	139.819	0.936
103.021	139.998	0.936
103.153	140.177	0.936
103.284	140.356	0.936
103.416	140.534	0.936
103.564	140.736	0.936
103.696	140.915	0.936
103.828	141.094	0.936
103.976	141.295	0.936
104.108	141.474	0.936
104.239	141.653	0.936
104.387	141.854	0.936
104.519	142.033	0.936
104.651	142.212	0.936
104.783	142.391	0.936
104.914	142.570	0.936
105.046	142.749	0.936
105.178	142.928	0.936
105.309	143.107	0.936
105.441	143.286	0.936
105.573	143.465	0.936
105.705	143.644	0.936
105.836	143.823	0.936
105.968	144.002	0.936
106.100	144.181	0.936
106.231	144.360	0.936
106.363	144.539	0.936
106.495	144.718	0.936
106.643	144.920	0.936
106.775	145.099	0.936
106.923	145.300	0.936
107.055	145.479	0.936
107.186	145.658	0.936
107.318	145.837	0.936
107.450	146.016	0.936
107.581	146.195	0.936
107.730	146.396	0.936
107.861	146.575	0.936
107.993	146.754	0.936
108.125	146.933	0.936
108.256	147.112	0.936
108.388	147.291	0.936
108.536	147.492	0.936
108.668	147.671	0.936
108.800	147.850	0.936
108.931	148.029	0.936
109.063	148.208	0.936
109.195	148.387	0.936
109.327	148.566	0.936
109.458	148.745	0.936
109.590	148.924	0.936
109.722	149.103	0.936
109.853	149.282	0.936
109.985	149.461	0.936
110.117	149.640	0.936
110.265	149.842	0.936
110.397	150.021	0.936
110.545	150.222	0.936
110.677	150.401	0.936
110.808	150.580	0.936
110.940	150.759	0.936
111.072	150.938	0.936
111.203	151.117	0.936
111.335	151.296	0.936
111.467	151.475	0.936
111.615	151.676	0.936
111.747	151.855	0.936
111.895	152.057	0.936
112.027	152.236	0.936
112.158	152.415	0.936
112.290	152.594	0.936
112.422	152.773	0.936
112.554	152.951	0.936
112.685	153.130	0.936
112.833	153.332	0.936
112.965	153.511	0.936
113.097	153.690	0.936
113.245	153.891	0.936
113.377	154.070	0.936
113.525	154.271	0.936
113.657	154.450	0.936
113.788	154.629	0.936
113.920	154.808	0.936
114.052	154.987	0.936
114.183	155.166	0.936
114.315	155.345	0.936
114.447	155.524	0.936
114.579	155.703	0.936
114.710	155.882	0.936
114.842	156.061	0.936
114.990	156.263	0.936
115.122	156.442	0.936
115.254	156.621	0.936
115.402	156.822	0.936
115.533	157.001	0.936
115.665	157.180	0.936
115.813	157.381	0.936
115.945	157.560	0.936
116.077	157.739	0.936
116.208	157.918	0.936
116.340	158.097	0.936
116.472	158.276	0.936
116.604	158.455	0.936
116.735	158.634	0.936
116.867	158.813	0.936
116.999	158.992	0.936
117.130	159.171	0.936
117.262	159.350	0.936
117.394	159.529	0.936
117.526	159.708	0.936
117.657	159.887	0.936
117.822	160.111	0.936
117.987	160.335	0.936
118.135	160.536	0.936
118.266	160.715	0.936
118.415	160.916	0.936
118.563	161.118	0.936
118.711	161.319	0.936
118.843	161.498	0.936
118.974	161.677	0.936
119.123	161.878	0.936
119.254	162.057	0.936
119.386	162.236	0.936
119.518	162.415	0.936
119.699	162.661	0.936
119.830	162.840	0.936
119.962	163.019	0.936
120.094	163.198	0.936
120.226	163.377	0.936
120.357	163.556	0.936
120.489	163.735	0.936
120.621	163.914	0.936
120.752	164.093	0.936
120.884	164.272	0.936
121.016	164.451	0.936
121.148	164.630	0.936
121.279	164.809	0.936
121.411	164.988	0.936
121.543	165.167	0.936
121.691	165.368	0.936
121.823	165.547	0.936
121.971	165.749	0.936
122.102	165.928	0.936
122.234	166.107	0.936
122.366	166.286	0.936
122.498	166.465	0.936
122.646	166.666	0.936
122.794	166.867	0.936
122.926	167.046	0.936
123.057	167.225	0.936
123.206	167.427	0.936
123.337	167.606	0.936
123.469	167.785	0.936
123.601	167.964	0.936
123.732	168.143	0.936
123.864	168.322	0.936
123.996	168.501	0.936
124.144	168.702	0.936
124.276	168.881	0.936
124.407	169.060	0.936
124.539	169.239	0.936
124.671	169.418	0.936
124.803	169.597	0.936
124.934	169.776	0.936
125.066	169.955	0.936
125.198	170.134	0.936
125.329	170.313	0.936
125.461	170.492	0.936
125.593	170.671	0.936
125.725	170.850	0.936
125.856	171.029	0.936
125.988	171.208	0.936
126.120	171.387	0.936
126.251	171.566	0.936
126.383	171.745	0.936
126.515	171.924	0.936
126.663	172.125	0.936
126.795	172.304	0.936
126.926	172.483	0.936
127.058	172.662	0.936
127.190	172.841	0.936
127.322	173.020	0.936
127.453	173.199	0.936
127.585	173.378	0.936
127.717	173.557	0.936
127.848	173.736	0.936
127.980	173.915	0.936
128.112	174.094	0.936
128.243	174.273	0.936
128.375	174.452	0.936
128.507	174.631	0.936
128.639	174.810	0.936
128.770	174.989	0.936
128.902	175.168	0.936
129.034	175.347	0.936
129.165	175.526	0.936
129.297	175.705	0.936
129.429	175.884	0.936
129.561	176.063	0.936
129.692	176.242	0.936
129.824	176.421	0.936
129.956	176.600	0.936
130.087	176.779	0.936
130.219	176.958	0.936
130.351	177.137	0.936
130.483	177.316	0.936
130.614	177.495	0.936
130.746	177.674	0.936
130.878	177.853	0.936
131.009	178.032	0.936
131.141	178.211	0.936
131.273	178.390	0.936
131.405	178.569	0.936
131.536	178.748	0.936
131.668	178.927	0.936
131.800	179.105	0.936
131.931	179.284	0.936
132.063	179.463	0.936
132.195	179.642	0.936
132.326	179.821	0.936
132.458	180.000	0.936
132.590	180.179	0.936
132.722	180.358	0.936
132.853	180.537	0.936
132.985	180.716	0.936
133.133	180.918	0.936
133.265	181.097	0.936
133.397	181.276	0.936
133.528	181.455	0.936
133.660	181.634	0.936
133.792	181.813	0.936
133.923	181.992	0.936
134.055	182.171	0.936
134.187	182.350	0.936
134.319	182.529	0.936
134.450	182.708	0.936
134.582	182.887	0.936
134.714	183.066	0.936
134.845	183.244	0.936
134.977	183.423	0.936
135.109	183.602	0.936
135.241	183.781	0.936
135.372	183.960	0.936
135.504	184.139	0.936
135.636	184.318	0.936
135.767	184.497	0.936
135.899	184.676	0.936
136.047	184.878	0.936
136.179	185.057	0.936
136.311	185.236	0.936
136.442	185.415	0.936
136.574	185.594	0.936
136.706	185.773	0.936
136.854	185.974	0.936
136.986	186.153	0.936
137.117	186.332	0.936
137.249	186.511	0.936
137.381	186.690	0.936
137.513	186.869	0.936
137.644	187.048	0.936
137.792	187.249	0.936
137.924	187.428	0.936
138.056	187.607	0.936
138.188	187.786	0.936
138.319	187.965	0.936
138.451	188.144	0.936
138.583	188.323	0.936
138.714	188.502	0.936
138.846	188.681	0.936
138.978	188.860	0.936
139.110	189.039	0.936
139.241	189.218	0.936
139.373	189.397	0.936
139.505	189.576	0.936
139.636	189.755	0.936
139.768	189.934	0.936
139.900	190.113	0.936
140.032	190.292	0.936
140.163	190.471	0.936
140.295	190.650	0.936
140.427	190.829	0.936
140.558	191.008	0.936
140.690	191.187	0.936
140.822	191.366	0.936
140.954	191.545	0.936
141.085	191.724	0.936
141.217	191.903	0.936
141.349	192.082	0.936
141.480	192.261	0.936
141.612	192.440	0.936
141.744	192.619	0.936
141.875	192.798	0.936
142.007	192.977	0.936
142.139	193.156	0.936
142.271	193.335	0.936
142.402	193.514	0.936
142.534	193.693	0.936
142.666	193.872	0.936
142.797	194.051	0.936
142.929	194.230	0.936
143.061	194.409	0.936
143.193	194.588	0.936
143.324	194.767	0.936
143.456	194.946	0.936
143.588	195.125	0.936
143.719	195.303	0.936
143.851	195.482	0.936
143.983	195.661	0.936
144.115	195.840	0.936
144.246	196.019	0.936
144.378	196.198	0.936
144.510	196.377	0.936
144.641	196.556	0.936
144.773	196.735	0.936
144.905	196.914	0.936
145.037	197.093	0.936
145.168	197.272	0.936
145.300	197.451	0.936
145.432	197.630	0.936
145.563	197.809	0.936
145.695	197.988	0.936
145.827	198.167	0.936
145.959	198.346	0.936
146.090	198.525	0.936
146.222	198.704	0.936
146.354	198.883	0.936
146.485	199.062	0.936
146.634	199.264	0.936
146.765	199.442	0.936
146.897	199.621	0.936
147.029	199.800	0.936
147.160	199.979	0.936
147.292	200.158	0.936
147.424	200.337	0.936
147.572	200.539	0.936
147.704	200.718	0.936
147.835	200.897	0.936
147.967	201.076	0.936
148.099	201.255	0.936
148.230	201.434	0.936
148.362	201.613	0.936
148.494	201.792	0.936
148.626	201.971	0.936
148.774	202.172	0.936
148.905	202.351	0.936
149.054	202.552	0.936
149.185	202.731	0.936
149.317	202.910	0.936
149.449	203.089	0.936
149.580	203.268	0.936
149.712	203.447	0.936
149.844	203.626	0.936
149.975	203.805	0.936
150.107	203.984	0.936
150.239	204.163	0.936
150.371	204.342	0.936
150.502	204.521	0.936
150.634	204.700	0.936
150.766	204.879	0.936
150.897	205.058	0.936
151.029	205.237	0.936
151.161	205.416	0.936
151.292	205.595	0.936
151.441	205.797	0.936
151.572	205.976	0.937
151.704	206.155	0.937
151.836	206.334	0.937
151.984	206.535	0.937
152.116	206.714	0.937
152.247	206.893	0.936
152.379	207.072	0.936
152.511	207.251	0.936
152.642	207.430	0.936
152.774	207.609	0.936
152.906	207.788	0.936
153.037	207.967	0.936
153.186	208.168	0.936
153.317	208.347	0.936
153.449	208.526	0.936
153.581	208.705	0.936
153.712	208.884	0.936
153.844	209.063	0.936
153.976	209.242	0.936
154.107	209.421	0.936
154.239	209.600	0.936
154.371	209.779	0.936
154.503	209.958	0.936
154.634	210.137	0.936
154.766	210.316	0.936
154.898	210.495	0.936
155.046	210.696	0.936
155.178	210.875	0.936
155.310	211.054	0.936
155.458	211.256	0.936
155.590	211.435	0.936
155.721	211.614	0.936
155.853	211.792	0.936
155.985	211.971	0.936
156.133	212.173	0.936
156.265	212.352	0.936
156.397	212.530	0.936
156.545	212.732	0.936
156.677	212.911	0.936
156.809	213.089	0.936
156.957	213.291	0.935
157.089	213.470	0.935
157.221	213.648	0.935
157.369	213.850	0.935
157.501	214.028	0.935
157.633	214.207	0.935
157.765	214.386	0.935
157.897	214.565	0.935
158.029	214.744	0.935
158.178	214.945	0.935
158.310	215.124	0.935
158.442	215.302	0.935
158.574	215.481	0.935
158.706	215.660	0.934
158.838	215.838	0.934
158.986	216.040	0.934
159.118	216.218	0.934
159.251	216.397	0.934
159.383	216.576	0.934
159.515	216.754	0.934
159.647	216.933	0.934
159.779	217.112	0.934
159.911	217.290	0.934
160.043	217.469	0.934
160.176	217.648	0.934
160.308	217.826	0.934
160.440	218.005	0.934
160.572	218.184	0.934
160.704	218.362	0.934
160.836	218.541	0.934
160.968	218.720	0.934
161.117	218.921	0.934
161.249	219.099	0.934
161.381	219.278	0.935
161.513	219.457	0.935
161.645	219.636	0.935
161.777	219.814	0.935
161.909	219.993	0.935
162.041	220.172	0.936
162.173	220.351	0.936
162.305	220.530	0.936
162.436	220.709	0.937
162.568	220.888	0.937
162.699	221.067	0.938
162.831	221.246	0.938
162.962	221.425	0.939
163.094	221.605	0.939
163.225	221.784	0.940
163.356	221.964	0.941
163.487	222.143	0.942
163.617	222.323	0.943
163.748	222.503	0.943
163.878	222.683	0.944
164.008	222.863	0.945
164.138	223.043	0.947
164.268	223.223	0.948
164.398	223.404	0.949
164.527	223.585	0.950
164.656	223.765	0.952
164.785	223.946	0.953
164.914	224.128	0.955
165.042	224.309	0.956
165.170	224.491	0.958
165.298	224.672	0.959
165.425	224.855	0.961
165.552	225.037	0.963
165.695	225.242	0.965
165.822	225.425	0.967
165.948	225.608	0.969
166.073	225.791	0.971
166.214	225.997	0.973
166.339	226.181	0.975
166.464	226.365	0.977
166.588	226.549	0.979
166.712	226.734	0.981
166.836	226.919	0.983
166.959	227.104	0.985
167.097	227.312	0.987
167.219	227.498	0.989
167.341	227.683	0.991
167.478	227.893	0.994
167.599	228.079	0.995
167.720	228.266	0.997
167.840	228.452	0.999
167.960	228.639	1.001
168.080	228.827	1.003
168.199	229.014	1.004
168.318	229.202	1.006
168.437	229.389	1.008
168.556	229.577	1.009
168.689	229.789	1.010
168.807	229.977	1.012
168.925	230.166	1.013
169.042	230.354	1.014
169.160	230.543	1.015
169.277	230.732	1.016
169.394	230.921	1.016
169.511	231.110	1.017
169.628	231.299	1.017
169.745	231.488	1.018
169.861	231.677	1.018
169.978	231.866	1.018
170.095	232.055	1.018
170.211	232.244	1.018
170.328	232.433	1.018
170.445	232.622	1.017
170.562	232.811	1.017
170.679	233.000	1.016
170.796	233.189	1.015
170.913	233.378	1.015
171.030	233.567	1.014
171.148	233.755	1.012
171.266	233.944	1.011
171.384	234.132	1.010
171.502	234.320	1.009
171.621	234.508	1.007
171.739	234.696	1.006
171.859	234.883	1.004
171.978	235.071	1.002
172.098	235.258	1.000
172.218	235.445	0.998
172.338	235.632	0.996
172.459	235.818	0.995
172.580	236.004	0.992
172.702	236.190	0.990
172.824	236.376	0.988
172.946	236.561	0.986
173.069	236.747	0.984
173.192	236.932	0.982
173.316	237.116	0.980
173.440	237.301	0.978
173.564	237.485	0.975
173.689	237.669	0.973
173.814	237.852	0.971
173.940	238.036	0.969
174.066	238.219	0.967
174.192	238.402	0.965
174.319	238.584	0.963
174.446	238.767	0.961
174.573	238.949	0.959
174.701	239.131	0.958
174.829	239.312	0.956
174.957	239.494	0.954
175.086	239.675	0.953
175.215	239.856	0.951
175.344	240.037	0.950
175.473	240.218	0.948
175.603	240.398	0.947
175.733	240.578	0.945
175.863	240.758	0.944
175.993	240.938	0.943
176.124	241.118	0.942
176.255	241.298	0.941
176.386	241.477	0.940
176.517	241.657	0.939
176.648	241.836	0.938
176.780	242.015	0.937
176.911	242.194	0.937
177.043	242.373	0.936
177.175	242.552	0.935
177.307	242.731	0.935
177.455	242.932	0.934
177.587	243.111	0.934
177.720	243.289	0.933
177.852	243.468	0.933
177.984	243.647	0.933
178.117	243.825	0.933
178.249	244.004	0.932
178.381	244.182	0.932
178.514	244.360	0.932
178.646	244.539	0.932
178.779	244.717	0.932
178.911	244.896	0.932
179.044	245.074	0.932
179.176	245.252	0.932
179.309	245.431	0.932
179.441	245.609	0.932
179.574	245.788	0.932
179.706	245.966	0.932
179.839	246.144	0.932
179.971	246.323	0.932
180.104	246.501	0.932
180.236	246.680	0.933
180.368	246.858	0.933
180.501	247.037	0.933
180.633	247.215	0.933
180.765	247.394	0.933
180.898	247.572	0.933
181.030	247.751	0.933
181.162	247.930	0.934
181.294	248.108	0.934
181.427	248.287	0.934
181.559	248.466	0.934
181.691	248.644	0.934
181.823	248.823	0.934
181.955	249.002	0.935
182.104	249.203	0.935
182.236	249.381	0.935
182.368	249.560	0.935
182.499	249.739	0.935
182.631	249.918	0.935
182.763	250.097	0.935
182.895	250.276	0.935
183.027	250.454	0.935
183.159	250.633	0.936
183.291	250.812	0.936
183.423	250.991	0.936
183.555	251.170	0.936
183.686	251.349	0.936
183.818	251.528	0.936
183.950	251.707	0.936
184.082	251.886	0.936
184.214	252.064	0.936
184.345	252.243	0.936
184.477	252.422	0.936
184.609	252.601	0.936
184.741	252.780	0.936
184.872	252.959	0.936
185.004	253.138	0.936
185.136	253.317	0.936
185.268	253.496	0.936
185.399	253.675	0.936
185.531	253.854	0.936
185.663	254.033	0.936
185.795	254.212	0.936
185.926	254.391	0.936
186.075	254.592	0.936
186.206	254.771	0.936
186.338	254.950	0.936
186.470	255.129	0.936
186.602	255.308	0.936
186.734	255.487	0.936
186.865	255.666	0.936
186.997	255.845	0.936
187.129	256.024	0.936
187.261	256.202	0.936
187.393	256.381	0.936
187.524	256.560	0.936
187.656	256.739	0.936
187.788	256.918	0.936
187.920	257.097	0.936
188.052	257.276	0.936
188.184	257.455	0.936
188.315	257.634	0.936
188.447	257.813	0.936
188.579	257.991	0.936
188.711	258.170	0.936
188.843	258.349	0.936
188.975	258.528	0.936
189.107	258.707	0.935
189.238	258.886	0.935
189.370	259.065	0.935
189.502	259.243	0.935
189.651	259.445	0.935
189.782	259.624	0.935
189.914	259.802	0.935
190.046	259.981	0.935
190.178	260.160	0.935
190.310	260.339	0.935
190.442	260.518	0.935
190.574	260.697	0.935
190.706	260.875	0.935
190.854	261.077	0.935
190.986	261.255	0.935
191.118	261.434	0.935
191.250	261.613	0.935
191.382	261.792	0.935
191.514	261.971	0.935
191.646	262.150	0.935
191.777	262.328	0.935
191.909	262.507	0.935
192.041	262.686	0.935
192.173	262.865	0.935
192.305	263.044	0.935
192.437	263.223	0.935
192.569	263.401	0.935
192.701	263.580	0.935
192.833	263.759	0.935
192.965	263.938	0.935
193.097	264.117	0.935
193.229	264.296	0.935
193.360	264.474	0.935
193.492	264.653	0.935
193.624	264.832	0.935
193.756	265.011	0.935
193.888	265.190	0.935
194.020	265.369	0.935
194.152	265.548	0.935
194.300	265.749	0.935
194.432	265.928	0.935
194.564	266.106	0.935
194.696	266.285	0.935
194.828	266.464	0.935
194.960	266.643	0.935
195.092	266.822	0.935
195.224	267.001	0.935
195.355	267.179	0.935
195.487	267.358	0.935
195.619	267.537	0.935
195.751	267.716	0.935
195.883	267.895	0.935
196.015	268.074	0.935
196.147	268.253	0.935
196.279	268.431	0.935
196.411	268.610	0.935
196.542	268.789	0.935
196.674	268.968	0.935
196.806	269.147	0.935
196.955	269.348	0.935
197.087	269.527	0.935
197.218	269.706	0.935
197.350	269.885	0.935
197.482	270.063	0.935
197.614	270.242	0.935
197.746	270.421	0.935
197.878	270.600	0.935
198.010	270.779	0.935
198.142	270.958	0.935
198.273	271.137	0.935
198.405	271.316	0.935
198.537	271.494	0.935
198.669	271.673	0.935
198.801	271.852	0.935
198.933	272.031	0.935
199.065	272.210	0.935
199.197	272.389	0.935
199.328	272.568	0.935
199.460	272.746	0.935
199.592	272.925	0.935
199.724	273.104	0.935
199.856	273.283	0.935
199.988	273.462	0.935
200.120	273.641	0.935
200.252	273.820	0.935
200.400	274.021	0.935
200.532	274.200	0.935
200.664	274.378	0.935
200.796	274.557	0.935
200.928	274.736	0.935
201.060	274.915	0.935
201.208	275.116	0.935
201.340	275.295	0.935
201.472	275.474	0.935
201.604	275.652	0.935
201.736	275.831	0.935
201.868	276.010	0.935
202.000	276.189	0.935
202.132	276.367	0.935
202.264	276.546	0.934
202.396	276.725	0.934
202.528	276.904	0.934
202.660	277.082	0.934
202.792	277.261	0.934
202.924	277.440	0.934
203.057	277.618	0.934
203.189	277.797	0.934
203.321	277.976	0.934
203.453	278.154	0.934
203.585	278.333	0.933
203.718	278.511	0.933
203.850	278.690	0.933
203.982	278.869	0.933
204.114	279.047	0.933
204.247	279.226	0.933
204.379	279.404	0.933
204.512	279.583	0.933
204.644	279.761	0.932
204.776	279.940	0.932
204.909	280.118	0.932
205.041	280.296	0.932
205.174	280.475	0.932
205.306	280.653	0.932
205.439	280.832	0.932
205.571	281.010	0.932
205.704	281.188	0.932
205.836	281.367	0.932
205.969	281.545	0.932
206.102	281.723	0.932
206.234	281.902	0.932
206.367	282.080	0.932
206.499	282.258	0.932
206.632	282.437	0.932
206.764	282.615	0.932
206.897	282.794	0.932
207.029	282.972	0.932
207.162	283.150	0.932
207.294	283.329	0.932
207.427	283.507	0.933
207.559	283.686	0.933
207.691	283.864	0.933
207.824	284.043	0.934
207.956	284.222	0.934
208.088	284.400	0.935
208.220	284.579	0.936
208.352	284.758	0.936
208.483	284.937	0.937
208.615	285.116	0.938
208.746	285.295	0.939
208.877	285.475	0.940
209.008	285.654	0.941
209.139	285.834	0.942
209.270	286.014	0.943
209.400	286.194	0.945
209.530	286.374	0.946
209.660	286.554	0.948
209.790	286.735	0.950
209.919	286.915	0.951
210.048	287.096	0.953
210.176	287.278	0.955
210.305	287.459	0.958
210.432	287.641	0.960
210.560	287.823	0.962
210.686	288.006	0.965
210.813	288.188	0.968
210.939	288.371	0.970
211.064	288.555	0.973
211.189	288.739	0.976
211.313	288.923	0.980
211.437	289.108	0.983
211.560	289.293	0.987
211.697	289.501	0.991
211.819	289.687	0.995
211.940	289.874	0.999
212.075	290.084	1.003
212.194	290.272	1.008
212.312	290.460	1.012
212.430	290.648	1.017
212.546	290.837	1.021
212.662	291.027	1.026
212.777	291.217	1.031
212.890	291.408	1.036
213.003	291.600	1.042
213.115	291.792	1.047
213.226	291.984	1.053
213.335	292.177	1.058
213.444	292.371	1.064
213.551	292.566	1.070
213.657	292.761	1.076
213.762	292.957	1.083
213.866	293.153	1.089
213.969	293.350	1.095
214.070	293.548	1.102
214.170	293.747	1.109
214.268	293.946	1.116
214.366	294.146	1.123
214.473	294.371	1.131
214.567	294.572	1.138
214.660	294.774	1.145
214.751	294.977	1.153
214.841	295.180	1.160
214.929	295.384	1.168
215.015	295.589	1.176
215.100	295.794	1.184
215.184	296.000	1.192
215.265	296.207	1.200
215.345	296.414	1.208
215.423	296.622	1.216
215.500	296.831	1.225
215.574	297.040	1.233
215.647	297.250	1.242
215.718	297.460	1.251
215.788	297.671	1.260
215.855	297.883	1.269
215.928	298.122	1.279
215.992	298.335	1.288
216.053	298.548	1.297
216.112	298.763	1.307
216.169	298.977	1.316
216.225	299.192	1.325
216.278	299.408	1.335
216.329	299.624	1.345
216.378	299.841	1.355
216.425	300.058	1.364
216.470	300.276	1.374
216.512	300.494	1.384
216.553	300.712	1.395
216.591	300.931	1.405
216.627	301.150	1.415
216.660	301.370	1.426
216.691	301.590	1.436
216.720	301.810	1.447
216.747	302.031	1.457
216.771	302.252	1.468
216.796	302.500	1.480
216.815	302.722	1.491
216.834	302.971	1.503
216.848	303.193	1.514
216.860	303.415	1.525
216.870	303.664	1.538
216.876	303.886	1.549
216.880	304.108	1.560
216.882	304.331	1.571
216.881	304.553	1.583
216.877	304.775	1.594
216.871	304.997	1.606
216.862	305.219	1.617
216.851	305.441	1.629
216.837	305.663	1.640
216.819	305.912	1.653
216.800	306.133	1.665
216.778	306.354	1.677
216.753	306.575	1.688
216.726	306.796	1.700
216.697	307.016	1.712
216.665	307.236	1.723
216.630	307.455	1.735
216.588	307.702	1.748
216.547	307.920	1.760
216.505	308.138	1.772
216.459	308.356	1.784
216.411	308.573	1.795
216.361	308.789	1.807
216.308	309.005	1.819
216.252	309.220	1.830
216.194	309.435	1.842
216.134	309.649	1.854
216.071	309.862	1.865
216.005	310.074	1.877
215.937	310.286	1.888
215.858	310.523	1.901
215.785	310.733	1.913
215.710	310.942	1.924
215.622	311.176	1.937
215.541	311.384	1.948
215.459	311.590	1.959
215.374	311.795	1.970
215.286	312.000	1.981
215.197	312.203	1.992
215.105	312.406	2.003
215.011	312.607	2.014
214.915	312.807	2.025
214.816	313.007	2.035
214.716	313.205	2.046
214.614	313.402	2.056
214.509	313.599	2.067
214.403	313.794	2.077
214.294	313.988	2.087
214.184	314.181	2.097
214.071	314.373	2.107
213.957	314.563	2.117
213.841	314.753	2.127
213.723	314.941	2.136
213.603	315.128	2.146
213.481	315.315	2.155
213.358	315.500	2.165
213.233	315.683	2.174
213.106	315.866	2.183
212.978	316.048	2.192
212.848	316.228	2.201
212.716	316.407	2.210
212.583	316.585	2.218
212.448	316.762	2.227
212.312	316.938	2.235
212.175	317.112	2.244
212.035	317.286	2.252
211.895	317.458	2.260
211.753	317.629	2.268
211.610	317.799	2.276
211.465	317.968	2.284
211.319	318.136	2.292
211.172	318.302	2.299
211.024	318.468	2.307
210.874	318.632	2.314
210.704	318.816	2.322
210.552	318.978	2.330
210.399	319.139	2.337
210.225	319.318	2.345
210.069	319.477	2.352
209.893	319.654	2.359
209.734	319.810	2.366
209.575	319.966	2.373
209.415	320.120	2.379
209.254	320.273	2.386
209.092	320.425	2.392
208.929	320.576	2.398
208.765	320.726	2.405
208.600	320.875	2.411
208.434	321.023	2.417
208.268	321.170	2.423
208.100	321.316	2.429
207.932	321.461	2.435
207.762	321.605	2.441
207.592	321.748	2.446
207.421	321.890	2.452
207.249	322.031	2.457
207.077	322.171	2.463
206.882	322.327	2.469
206.708	322.466	2.474
206.533	322.603	2.480
206.357	322.739	2.485
206.181	322.874	2.490
206.004	323.009	2.495
205.827	323.142	2.500
205.648	323.275	2.505
205.469	323.407	2.510
205.290	323.537	2.515
205.109	323.667	2.520
204.928	323.797	2.525
204.747	323.925	2.529
204.565	324.052	2.534
204.382	324.179	2.538
204.176	324.320	2.543
203.992	324.445	2.548
203.808	324.569	2.552
203.623	324.693	2.556
203.438	324.815	2.560
203.252	324.937	2.564
203.065	325.058	2.568
202.879	325.178	2.572
202.691	325.298	2.576
202.503	325.416	2.580
202.315	325.535	2.584
202.126	325.652	2.587
201.914	325.783	2.591
201.724	325.899	2.594
201.534	326.015	2.598
201.344	326.130	2.601
201.153	326.244	2.604
200.962	326.357	2.607
200.771	326.470	2.610
200.555	326.597	2.613
200.363	326.709	2.616
200.171	326.820	2.618
199.954	326.945	2.621
199.761	327.055	2.623
199.568	327.165	2.626
199.375	327.274	2.628
199.181	327.383	2.630
198.987	327.492	2.632
198.793	327.600	2.634
198.599	327.708	2.635
198.405	327.816	2.637
198.210	327.923	2.638
198.015	328.031	2.640
197.820	328.137	2.641
197.625	328.244	2.642
197.430	328.350	2.643
197.235	328.456	2.644
197.040	328.562	2.645
196.844	328.668	2.646
196.649	328.774	2.647
196.453	328.879	2.647
196.258	328.984	2.648
196.062	329.090	2.648
195.866	329.195	2.649
195.670	329.300	2.649
195.475	329.405	2.649
195.279	329.510	2.649
195.083	329.615	2.650
194.887	329.720	2.650
194.691	329.825	2.650
194.495	329.930	2.649
194.299	330.035	2.649
194.104	330.140	2.649
193.908	330.245	2.649
193.712	330.350	2.649
193.516	330.455	2.648
193.321	330.561	2.648
193.125	330.666	2.647
192.929	330.771	2.647
192.734	330.877	2.646
192.514	330.996	2.646
192.318	331.102	2.645
192.123	331.207	2.645
191.903	331.327	2.644
191.708	331.433	2.643
191.513	331.539	2.643
191.318	331.645	2.642
191.123	331.752	2.642
190.928	331.858	2.641
190.733	331.965	2.640
190.538	332.072	2.639
190.343	332.179	2.639
190.148	332.286	2.638
189.954	332.393	2.637
189.759	332.501	2.637
189.565	332.608	2.636
189.370	332.716	2.635
189.176	332.824	2.635
188.982	332.932	2.634
188.788	333.040	2.633
188.594	333.148	2.633
188.400	333.256	2.632
188.206	333.365	2.631
188.012	333.473	2.631
187.818	333.582	2.630
187.624	333.691	2.630
187.430	333.800	2.629
187.237	333.909	2.628
187.043	334.018	2.628
186.850	334.127	2.627
186.656	334.237	2.627
186.463	334.346	2.626
186.270	334.456	2.626
186.076	334.565	2.625
185.883	334.675	2.625
185.690	334.785	2.624
185.497	334.895	2.624
185.304	335.005	2.623
185.111	335.115	2.623
184.918	335.225	2.622
184.725	335.336	2.622
184.532	335.446	2.621
184.315	335.571	2.621
184.123	335.681	2.620
183.930	335.792	2.620
183.713	335.917	2.619
183.521	336.028	2.619
183.328	336.139	2.618
183.112	336.264	2.618
182.895	336.389	2.617
182.703	336.500	2.617
182.511	336.611	2.616
182.318	336.723	2.616
182.102	336.848	2.615
181.910	336.960	2.614
181.718	337.072	2.614
181.526	337.184	2.613
181.334	337.296	2.613
181.142	337.408	2.612
180.951	337.520	2.612
180.759	337.633	2.611
180.567	337.745	2.610
180.376	337.858	2.610
180.184	337.971	2.609
179.993	338.084	2.608
179.801	338.197	2.608
179.610	338.310	2.607
179.419	338.423	2.606
179.228	338.537	2.606
179.037	338.650	2.605
178.846	338.764	2.604
178.655	338.878	2.603
178.464	338.992	2.603
178.274	339.106	2.602
178.083	339.220	2.601
177.892	339.334	2.601
177.702	339.449	2.600
177.512	339.563	2.599
177.321	339.678	2.598
177.131	339.793	2.598
176.941	339.908	2.597
176.751	340.023	2.596
176.561	340.139	2.596
176.371	340.254	2.595
176.181	340.370	2.594
175.992	340.485	2.594
175.802	340.601	2.593
175.612	340.717	2.592
175.423	340.833	2.592
175.233	340.949	2.591
175.044	341.066	2.591
174.855	341.182	2.590
174.665	341.298	2.589
174.476	341.415	2.589
174.263	341.546	2.588
174.074	341.663	2.588
173.862	341.795	2.587
173.673	341.912	2.587
173.484	342.029	2.586
173.272	342.161	2.586
173.083	342.278	2.585
172.894	342.395	2.585
172.706	342.513	2.584
172.517	342.630	2.584
172.329	342.748	2.583
172.140	342.866	2.583
171.952	342.984	2.582
171.763	343.102	2.582
171.575	343.220	2.582
171.387	343.338	2.581
171.199	343.456	2.581
171.010	343.574	2.580
170.822	343.692	2.580
170.634	343.811	2.579
170.446	343.929	2.579
170.258	344.048	2.578
170.071	344.167	2.578
169.883	344.285	2.577
169.695	344.404	2.577
169.507	344.523	2.577
169.320	344.642	2.576
169.132	344.761	2.576
168.944	344.881	2.575
168.757	345.000	2.575
168.569	345.119	2.574
168.382	345.239	2.574
168.195	345.358	2.573
168.008	345.478	2.573
167.820	345.598	2.572
167.633	345.718	2.572
167.446	345.837	2.571
167.259	345.957	2.571
167.072	346.078	2.570
166.885	346.198	2.570
166.698	346.318	2.569
166.512	346.439	2.569
166.325	346.559	2.568
166.138	346.680	2.568
165.952	346.800	2.567
165.765	346.921	2.567
165.579	347.042	2.566
165.392	347.163	2.566
165.206	347.284	2.565
165.019	347.405	2.565
164.833	347.526	2.564
164.647	347.647	2.564
164.461	347.769	2.564
164.275	347.890	2.563
164.089	348.012	2.563
163.903	348.133	2.562
163.717	348.255	2.562
163.531	348.377	2.561
163.345	348.499	2.561
163.159	348.621	2.560
162.974	348.743	2.560
162.788	348.865	2.560
162.602	348.987	2.559
162.417	349.109	2.559
162.231	349.232	2.558
162.046	349.354	2.558
161.860	349.477	2.557
161.675	349.599	2.557
161.490	349.722	2.556
161.305	349.845	2.556
161.119	349.968	2.555
160.934	350.091	2.555
160.749	350.214	2.554
160.564	350.337	2.554
160.380	350.460	2.553
160.195	350.584	2.552
160.010	350.707	2.552
159.825	350.831	2.551
159.618	350.970	2.551
159.433	351.094	2.550
159.249	351.218	2.549
159.065	351.342	2.549
158.880	351.466	2.548
158.696	351.591	2.547
158.512	351.715	2.546
158.328	351.840	2.546
158.144	351.965	2.545
157.960	352.090	2.544
157.777	352.215	2.543
157.593	352.340	2.543
157.410	352.465	2.542
157.226	352.591	2.541
157.043	352.716	2.540
156.860	352.842	2.539
156.677	352.968	2.538
156.494	353.094	2.537
156.311	353.220	2.537
156.128	353.347	2.536
155.946	353.474	2.535
155.763	353.600	2.534
155.581	353.727	2.533
155.398	353.854	2.532
155.216	353.982	2.531
155.034	354.109	2.530
154.852	354.237	2.529
154.671	354.365	2.528
154.489	354.493	2.527
154.308	354.621	2.526
154.126	354.750	2.525
153.945	354.878	2.524
153.741	355.023	2.523
153.560	355.152	2.522
153.379	355.281	2.520
153.199	355.411	2.519
153.018	355.540	2.518
152.838	355.670	2.517
152.658	355.800	2.516
152.478	355.930	2.515
152.298	356.061	2.514
152.118	356.191	2.513
151.938	356.322	2.512
151.759	356.453	2.511
151.579	356.584	2.509
151.400	356.715	2.508
151.221	356.847	2.507
151.042	356.979	2.506
150.863	357.111	2.505
150.662	357.259	2.504
150.484	357.392	2.502
150.305	357.524	2.501
150.127	357.657	2.500
149.949	357.790	2.499
149.771	357.924	2.498
149.594	358.057	2.497
149.416	358.191	2.496
149.239	358.325	2.494
149.062	358.459	2.493
148.884	358.593	2.492
148.708	358.727	2.491
148.531	358.862	2.490
148.354	358.997	2.489
148.178	359.132	2.488
148.001	359.267	2.487
147.825	359.402	2.486
147.649	359.538	2.485
147.473	359.674	2.484
147.297	359.810	2.482
147.122	359.946	2.481
146.946	360.082	2.480
146.771	360.219	2.479
146.596	360.355	2.479
146.421	360.492	2.478
146.246	360.629	2.477
146.071	360.767	2.476
145.896	360.904	2.475
145.700	361.059	2.474
145.525	361.196	2.473
145.351	361.334	2.472
145.177	361.472	2.471
145.003	361.610	2.471
144.807	361.766	2.470
144.633	361.904	2.469
144.459	362.042	2.468
144.286	362.181	2.467
144.112	362.320	2.467
143.938	362.459	2.466
143.765	362.598	2.465
143.592	362.737	2.465
143.419	362.876	2.464
143.245	363.015	2.464
143.051	363.172	2.463
142.878	363.312	2.462
142.705	363.451	2.462
142.511	363.609	2.461
142.338	363.749	2.461
142.165	363.888	2.460
141.993	364.028	2.460
141.820	364.169	2.459
141.626	364.326	2.459
141.454	364.466	2.458
141.281	364.607	2.458
141.088	364.765	2.458
140.915	364.905	2.457
140.743	365.046	2.457
140.571	365.186	2.457
140.399	365.327	2.456
140.227	365.467	2.456
140.055	365.608	2.456
139.883	365.749	2.456
139.711	365.890	2.455
139.539	366.030	2.455
139.367	366.171	2.455
139.195	366.312	2.455
139.024	366.453	2.455
138.830	366.612	2.454
138.659	366.753	2.454
138.487	366.894	2.454
138.315	367.035	2.454
138.143	367.176	2.454
137.972	367.317	2.454
137.800	367.458	2.454
137.628	367.599	2.454
137.457	367.740	2.454
137.285	367.881	2.453
137.092	368.040	2.453
136.920	368.181	2.453
136.749	368.322	2.453
136.577	368.463	2.453
136.405	368.605	2.453
136.234	368.746	2.453
136.062	368.887	2.453
135.890	369.028	2.453
135.719	369.169	2.453
135.547	369.310	2.453
135.376	369.452	2.453
135.204	369.593	2.453
135.032	369.734	2.453
134.839	369.893	2.453
134.668	370.034	2.453
134.496	370.175	2.453
134.324	370.316	2.453
134.153	370.458	2.453
133.981	370.599	2.453
133.810	370.740	2.453
133.638	370.881	2.453
133.467	371.023	2.453
133.295	371.164	2.453
133.124	371.305	2.452
132.952	371.447	2.452
132.781	371.588	2.452
132.609	371.729	2.452
132.416	371.888	2.452
132.245	372.030	2.452
132.074	372.171	2.451
131.902	372.313	2.451
131.731	372.454	2.451
131.560	372.596	2.450
131.388	372.738	2.450
131.217	372.879	2.450
131.046	373.021	2.449
130.875	373.163	2.449
130.704	373.305	2.449
130.533	373.447	2.448
130.362	373.589	2.448
130.192	373.731	2.447
130.021	373.873	2.447
129.850	374.016	2.446
129.680	374.158	2.445
129.509	374.301	2.445
129.339	374.443	2.444
129.168	374.586	2.443
128.998	374.729	2.443
128.828	374.872	2.442
128.658	375.015	2.441
128.488	375.159	2.440
128.319	375.302	2.440
128.149	375.445	2.439
127.979	375.589	2.438
127.789	375.751	2.437
127.620	375.895	2.436
127.450	376.039	2.435
127.281	376.183	2.435
127.113	376.328	2.434
126.944	376.472	2.433
126.775	376.617	2.432
126.607	376.762	2.431
126.438	376.907	2.430
126.270	377.052	2.429
126.102	377.197	2.428
125.934	377.343	2.428
125.766	377.488	2.427
125.598	377.634	2.426
125.430	377.780	2.425
125.263	377.926	2.424
125.095	378.072	2.424
124.928	378.218	2.423
124.761	378.365	2.422
124.594	378.511	2.421
124.427	378.658	2.421
124.260	378.804	2.420
124.093	378.951	2.419
123.926	379.098	2.419
123.760	379.245	2.418
123.593	379.392	2.418
123.427	379.540	2.417
123.261	379.687	2.416
123.094	379.834	2.416
122.928	379.982	2.416
122.762	380.130	2.415
122.596	380.277	2.415
122.430	380.425	2.414
122.264	380.573	2.414
122.098	380.720	2.414
121.932	380.868	2.413
121.766	381.016	2.413
121.600	381.164	2.413
121.435	381.312	2.413
121.269	381.460	2.412
121.103	381.608	2.412
120.937	381.756	2.412
120.772	381.905	2.412
120.606	382.053	2.412
120.441	382.201	2.412
120.275	382.349	2.412
120.109	382.497	2.412
119.944	382.646	2.412
119.778	382.794	2.411
119.613	382.942	2.411
119.447	383.090	2.411
119.281	383.238	2.411
119.116	383.387	2.412
118.950	383.535	2.412
118.785	383.683	2.412
118.619	383.831	2.412
118.454	383.979	2.412
118.288	384.128	2.412
118.122	384.276	2.412
117.957	384.424	2.412
117.791	384.572	2.412
117.625	384.720	2.412
117.460	384.868	2.412
117.294	385.016	2.412
117.128	385.164	2.412
116.962	385.312	2.413
116.797	385.460	2.413
116.610	385.627	2.413
116.444	385.775	2.413
116.279	385.923	2.413
116.113	386.071	2.413
115.947	386.219	2.413
115.781	386.367	2.413
115.615	386.515	2.413
115.450	386.663	2.413
115.284	386.810	2.413
115.118	386.958	2.413
114.952	387.106	2.413
114.786	387.254	2.413
114.620	387.402	2.413
114.454	387.550	2.413
114.289	387.698	2.413
114.123	387.846	2.413
113.957	387.994	2.413
113.791	388.142	2.413
113.625	388.290	2.413
113.460	388.438	2.413
113.294	388.586	2.413
113.128	388.734	2.412
112.962	388.882	2.412
112.797	389.030	2.412
112.631	389.178	2.412
112.465	389.326	2.412
112.300	389.474	2.411
112.134	389.623	2.411
111.969	389.771	2.410
111.803	389.919	2.410
111.638	390.068	2.410
111.473	390.216	2.409
111.308	390.365	2.409
111.142	390.514	2.408
110.977	390.662	2.408
110.812	390.811	2.407
110.647	390.960	2.406
110.483	391.109	2.406
110.318	391.258	2.405
110.153	391.408	2.404
109.989	391.557	2.404
109.825	391.707	2.403
109.660	391.856	2.402
109.496	392.006	2.401
109.332	392.156	2.400
109.168	392.306	2.399
108.984	392.475	2.398
108.821	392.626	2.397
108.657	392.776	2.396
108.494	392.927	2.395
108.331	393.078	2.394
108.168	393.229	2.393
108.005	393.380	2.392
107.842	393.532	2.391
107.680	393.683	2.390
107.517	393.835	2.389
107.355	393.987	2.388
107.193	394.139	2.387
107.032	394.291	2.386
106.870	394.444	2.384
106.708	394.597	2.383
106.547	394.750	2.382
106.386	394.903	2.381
106.225	395.056	2.379
106.065	395.210	2.378
105.904	395.363	2.377
105.744	395.517	2.376
105.584	395.671	2.375
105.424	395.826	2.373
105.264	395.980	2.372
105.104	396.135	2.371
104.945	396.290	2.370
104.766	396.464	2.368
104.607	396.619	2.367
104.448	396.775	2.366
104.290	396.930	2.365
104.131	397.086	2.364
103.973	397.242	2.363
103.815	397.398	2.362
103.657	397.555	2.361
103.499	397.711	2.360
103.341	397.868	2.359
103.184	398.024	2.358
103.027	398.181	2.357
102.869	398.339	2.356
102.712	398.496	2.355
102.556	398.653	2.354
102.399	398.811	2.353
102.242	398.968	2.352
102.066	399.146	2.351
101.910	399.304	2.351
101.754	399.462	2.350
101.597	399.620	2.349
101.442	399.778	2.348
101.286	399.937	2.348
101.110	400.115	2.347
100.955	400.274	2.346
100.799	400.432	2.346
100.644	400.591	2.345
100.488	400.750	2.344
100.333	400.909	2.344
100.178	401.068	2.343
100.023	401.227	2.343
99.868	401.387	2.342
99.713	401.546	2.342
99.558	401.705	2.341
99.384	401.885	2.340
99.230	402.045	2.340
99.075	402.204	2.339
98.921	402.364	2.339
98.766	402.524	2.338
98.612	402.684	2.338
98.458	402.844	2.337
98.304	403.004	2.337
98.150	403.164	2.336
97.996	403.324	2.336
97.842	403.485	2.335
97.688	403.645	2.335
97.535	403.806	2.334
97.381	403.966	2.333
97.228	404.127	2.333
97.074	404.288	2.332
96.921	404.449	2.332
96.768	404.610	2.331
96.615	404.771	2.330
96.462	404.932	2.330
96.309	405.093	2.329
96.156	405.255	2.329
96.003	405.416	2.328
95.850	405.577	2.327
95.698	405.739	2.327
95.546	405.901	2.326
95.393	406.063	2.326
95.241	406.225	2.325
95.089	406.387	2.324
94.918	406.569	2.324
94.766	406.731	2.323
94.614	406.893	2.323
94.462	407.056	2.322
94.311	407.218	2.321
94.159	407.381	2.321
94.008	407.543	2.320
93.856	407.706	2.320
93.705	407.869	2.319
93.554	408.032	2.319
93.403	408.195	2.318
93.252	408.358	2.318
93.101	408.521	2.317
92.950	408.684	2.317
92.799	408.847	2.316
92.649	409.011	2.316
92.498	409.174	2.315
92.348	409.337	2.315
92.197	409.501	2.314
92.047	409.665	2.314
91.896	409.828	2.313
91.746	409.992	2.313
91.596	410.156	2.312
91.446	410.320	2.312
91.296	410.484	2.312
91.146	410.648	2.311
90.996	410.812	2.311
90.846	410.976	2.310
90.697	411.140	2.310
90.547	411.304	2.309
90.397	411.469	2.309
90.248	411.633	2.308
90.099	411.798	2.308
89.949	411.962	2.307
89.800	412.127	2.307
89.651	412.292	2.307
89.502	412.456	2.306
89.334	412.642	2.305
89.185	412.807	2.305
89.036	412.972	2.304
88.869	413.157	2.304
88.720	413.323	2.303
88.572	413.488	2.303
88.423	413.653	2.302
88.275	413.819	2.302
88.126	413.984	2.301
87.978	414.150	2.300
87.830	414.316	2.300
87.682	414.481	2.299
87.534	414.647	2.298
87.387	414.813	2.298
87.239	414.979	2.297
87.091	415.145	2.296
86.944	415.312	2.295
86.797	415.478	2.295
86.650	415.645	2.294
86.503	415.811	2.293
86.356	415.978	2.292
86.209	416.145	2.292
86.062	416.312	2.291
85.916	416.479	2.290
85.770	416.646	2.289
85.623	416.814	2.288
85.477	416.981	2.287
85.313	417.170	2.286
85.167	417.337	2.286
85.022	417.505	2.285
84.876	417.673	2.284
84.731	417.841	2.283
84.568	418.031	2.282
84.423	418.199	2.281
84.278	418.368	2.280
84.133	418.536	2.279
83.989	418.705	2.278
83.844	418.874	2.277
83.700	419.043	2.277
83.538	419.234	2.276
83.394	419.403	2.275
83.250	419.572	2.274
83.107	419.742	2.273
82.963	419.912	2.272
82.820	420.081	2.271
82.677	420.251	2.271
82.516	420.443	2.270
82.373	420.613	2.269
82.230	420.783	2.268
82.087	420.953	2.267
81.945	421.124	2.267
81.802	421.295	2.266
81.660	421.465	2.265
81.518	421.636	2.265
81.376	421.807	2.264
81.234	421.978	2.263
81.092	422.149	2.263
80.950	422.320	2.262
80.809	422.491	2.261
80.667	422.663	2.261
80.526	422.834	2.260
80.385	423.006	2.260
80.243	423.177	2.259
80.102	423.349	2.258
79.961	423.521	2.258
79.820	423.693	2.257
79.680	423.864	2.257
79.539	424.036	2.256
79.398	424.208	2.256
79.258	424.381	2.255
79.100	424.574	2.255
78.959	424.747	2.254
78.819	424.919	2.254
78.679	425.091	2.253
78.539	425.264	2.253
78.398	425.436	2.252
78.258	425.609	2.252
78.119	425.782	2.251
77.979	425.954	2.251
77.822	426.149	2.250
77.682	426.322	2.250
77.542	426.494	2.249
77.403	426.667	2.249
77.264	426.841	2.248
77.124	427.014	2.248
76.985	427.187	2.247
76.846	427.360	2.247
76.707	427.534	2.247
76.551	427.729	2.246
76.412	427.902	2.246
76.273	428.076	2.245
76.117	428.271	2.245
75.978	428.445	2.244
75.840	428.618	2.244
75.701	428.792	2.243
75.563	428.966	2.243
75.425	429.140	2.242
75.286	429.314	2.242
75.148	429.488	2.241
75.010	429.662	2.241
74.872	429.836	2.241
74.734	430.011	2.240
74.596	430.185	2.240
74.441	430.381	2.239
74.304	430.556	2.239
74.166	430.730	2.239
74.028	430.904	2.238
73.891	431.079	2.238
73.753	431.254	2.238
73.616	431.428	2.237
73.479	431.603	2.237
73.341	431.778	2.237
73.204	431.952	2.237
73.067	432.127	2.236
72.930	432.302	2.236
72.792	432.477	2.236
72.655	432.652	2.236
72.518	432.827	2.235
72.381	433.002	2.235
72.244	433.177	2.235
72.107	433.352	2.235
71.970	433.527	2.235
71.833	433.702	2.235
71.696	433.877	2.234
71.560	434.052	2.234
71.423	434.227	2.234
71.286	434.402	2.234
71.132	434.599	2.234
70.995	434.774	2.234
70.858	434.949	2.234
70.722	435.124	2.233
70.585	435.300	2.233
70.448	435.475	2.233
70.295	435.672	2.233
70.158	435.847	2.233
70.021	436.022	2.233
69.885	436.198	2.233
69.748	436.373	2.232
69.612	436.548	2.232
69.475	436.724	2.232
69.339	436.899	2.232
69.202	437.075	2.232
69.049	437.272	2.231
68.912	437.447	2.231
68.776	437.623	2.231
68.640	437.798	2.231
68.504	437.974	2.230
68.367	438.150	2.230
68.214	438.347	2.230
68.078	438.523	2.229
67.942	438.699	2.229
67.806	438.875	2.228
67.671	439.050	2.228
67.518	439.248	2.227
67.382	439.424	2.227
67.247	439.601	2.226
67.111	439.777	2.226
66.976	439.953	2.225
66.841	440.129	2.225
66.706	440.306	2.224
66.571	440.482	2.223
66.436	440.659	2.222
66.301	440.836	2.222
66.167	441.012	2.221
66.032	441.189	2.220
65.898	441.366	2.219
65.764	441.544	2.218
65.613	441.743	2.217
65.479	441.920	2.216
65.345	442.098	2.216
65.212	442.276	2.215
65.079	442.453	2.214
64.945	442.631	2.213
64.812	442.809	2.212
64.680	442.988	2.211
64.547	443.166	2.210
64.415	443.344	2.209
64.282	443.523	2.208
64.150	443.702	2.207
64.018	443.880	2.206
63.887	444.059	2.205
63.755	444.239	2.203
63.624	444.418	2.202
63.493	444.597	2.201
63.362	444.777	2.200
63.231	444.956	2.199
63.100	445.136	2.198
62.970	445.316	2.197
62.840	445.496	2.196
62.710	445.676	2.195
62.580	445.857	2.194
62.450	446.037	2.193
62.320	446.218	2.192
62.191	446.398	2.192
62.062	446.579	2.191
61.933	446.760	2.190
61.804	446.941	2.189
61.675	447.122	2.188
61.547	447.304	2.187
61.418	447.485	2.186
61.290	447.666	2.186
61.162	447.848	2.185
61.034	448.030	2.184
60.906	448.211	2.183
60.778	448.393	2.183
60.651	448.575	2.182
60.507	448.780	2.181
60.380	448.962	2.181
60.253	449.144	2.180
60.126	449.327	2.179
59.999	449.509	2.179
59.872	449.691	2.178
59.745	449.874	2.178
59.618	450.056	2.177
59.492	450.239	2.177
59.365	450.422	2.176
59.223	450.627	2.176
59.097	450.810	2.175
58.970	450.993	2.175
58.844	451.176	2.174
58.718	451.359	2.174
58.592	451.542	2.174
58.466	451.725	2.173
58.340	451.908	2.173
58.214	452.091	2.172
58.089	452.275	2.172
57.963	452.458	2.172
57.837	452.641	2.171
57.712	452.824	2.171
57.586	453.008	2.171
57.461	453.191	2.170
57.336	453.375	2.170
57.210	453.558	2.169
57.085	453.742	2.169
56.960	453.926	2.169
56.835	454.109	2.168
56.710	454.293	2.168
56.585	454.477	2.167
56.460	454.661	2.167
56.336	454.845	2.167
56.211	455.029	2.166
56.086	455.213	2.166
55.962	455.397	2.165
55.837	455.581	2.165
55.713	455.765	2.164
55.589	455.949	2.164
55.465	456.134	2.163
55.340	456.318	2.163
55.216	456.502	2.162
55.093	456.687	2.162
54.969	456.871	2.162
54.845	457.056	2.161
54.721	457.241	2.161
54.598	457.425	2.160
54.474	457.610	2.160
54.351	457.795	2.159
54.228	457.980	2.159
54.104	458.165	2.158
53.981	458.350	2.158
53.858	458.535	2.157
53.735	458.720	2.157
53.613	458.905	2.156
53.474	459.113	2.156
53.352	459.299	2.155
53.229	459.484	2.155
53.107	459.669	2.154
52.984	459.855	2.154
52.862	460.040	2.154
52.740	460.226	2.153
52.617	460.412	2.153
52.480	460.621	2.152
52.358	460.806	2.152
52.236	460.992	2.152
52.114	461.178	2.151
51.992	461.364	2.151
51.871	461.550	2.151
51.749	461.735	2.150
51.627	461.921	2.150
51.506	462.107	2.150
51.384	462.293	2.149
51.263	462.480	2.149
51.141	462.666	2.149
51.020	462.852	2.148
50.899	463.038	2.148
50.777	463.224	2.148
50.656	463.411	2.147
50.535	463.597	2.147
50.414	463.783	2.147
50.293	463.970	2.147
50.172	464.156	2.146
50.051	464.342	2.146
49.915	464.552	2.146
49.794	464.739	2.145
49.673	464.925	2.145
49.553	465.112	2.145
49.432	465.298	2.144
49.311	465.485	2.144
49.191	465.672	2.144
49.071	465.859	2.143
48.950	466.045	2.143
48.830	466.232	2.143
48.710	466.419	2.142
48.589	466.606	2.142
48.469	466.793	2.141
48.349	466.980	2.141
48.229	467.167	2.140
48.095	467.378	2.140
47.975	467.565	2.139
47.855	467.752	2.139
47.721	467.963	2.138
47.602	468.150	2.138
47.482	468.338	2.137
47.348	468.549	2.136
47.229	468.737	2.136
47.110	468.924	2.135
46.991	469.112	2.134
46.873	469.300	2.134
46.754	469.488	2.133
46.636	469.676	2.132
46.518	469.864	2.131
46.400	470.052	2.131
46.282	470.241	2.130
46.164	470.429	2.129
46.032	470.641	2.128
45.914	470.830	2.127
45.797	471.019	2.126
45.680	471.208	2.125
45.563	471.397	2.124
45.431	471.609	2.123
45.315	471.798	2.122
45.199	471.988	2.122
45.068	472.201	2.120
44.952	472.390	2.120
44.836	472.580	2.119
44.706	472.794	2.118
44.590	472.983	2.117
44.475	473.173	2.116
44.360	473.363	2.115
44.245	473.554	2.114
44.130	473.744	2.113
44.016	473.934	2.112
43.901	474.125	2.111
43.787	474.315	2.110
43.673	474.506	2.109
43.545	474.721	2.108
43.431	474.912	2.108
43.317	475.103	2.107
43.204	475.294	2.106
43.091	475.485	2.105
42.977	475.676	2.104
42.865	475.868	2.104
42.738	476.083	2.103
42.625	476.275	2.102
42.512	476.466	2.101
42.400	476.658	2.101
42.288	476.850	2.100
42.176	477.042	2.099
42.064	477.233	2.098
41.938	477.450	2.098
41.826	477.642	2.097
41.701	477.858	2.096
41.589	478.050	2.096
41.478	478.242	2.095
41.367	478.435	2.094
41.256	478.627	2.094
41.145	478.820	2.093
41.020	479.037	2.092
40.910	479.229	2.092
40.799	479.422	2.091
40.689	479.615	2.090
40.578	479.808	2.090
40.468	480.001	2.089
40.358	480.194	2.088
40.248	480.387	2.088
40.139	480.580	2.087
40.015	480.798	2.086
39.906	480.991	2.086
39.796	481.185	2.085
39.687	481.378	2.084
39.578	481.572	2.084
39.469	481.765	2.083
39.360	481.959	2.082
39.252	482.153	2.081
39.143	482.347	2.081
39.021	482.565	2.080
38.913	482.759	2.079
38.805	482.953	2.079
38.697	483.148	2.078
38.589	483.342	2.077
38.481	483.536	2.077
38.373	483.731	2.076
38.266	483.925	2.075
38.158	484.120	2.075
38.051	484.314	2.074
37.944	484.509	2.073
37.837	484.704	2.073
37.730	484.899	2.072
37.623	485.093	2.071
37.517	485.288	2.071
37.410	485.483	2.070
37.304	485.679	2.070
37.198	485.874	2.069
37.091	486.069	2.069
36.985	486.264	2.068
36.879	486.460	2.067
36.774	486.655	2.067
36.668	486.850	2.066
36.562	487.046	2.066
36.457	487.241	2.065
36.351	487.437	2.065
36.246	487.633	2.064
36.141	487.828	2.064
36.035	488.024	2.063
35.930	488.220	2.063
35.825	488.416	2.063
35.720	488.612	2.062
35.616	488.808	2.062
35.511	489.004	2.061
35.406	489.200	2.061
35.302	489.396	2.060
35.197	489.592	2.060
35.093	489.788	2.059
34.989	489.984	2.059
34.884	490.181	2.059
34.780	490.377	2.058
34.676	490.573	2.058
34.572	490.770	2.057
34.469	490.966	2.057
34.365	491.163	2.056
34.261	491.359	2.056
34.158	491.556	2.055
34.041	491.777	2.055
33.938	491.974	2.055
33.834	492.171	2.054
33.731	492.367	2.054
33.628	492.564	2.053
33.525	492.761	2.053
33.422	492.958	2.052
33.319	493.155	2.052
33.216	493.352	2.051
33.101	493.574	2.051
32.998	493.771	2.050
32.896	493.968	2.050
32.780	494.190	2.049
32.678	494.387	2.049
32.576	494.585	2.049
32.474	494.782	2.048
32.372	494.979	2.048
32.270	495.177	2.047
32.168	495.374	2.047
32.066	495.572	2.046
31.964	495.769	2.046
31.863	495.967	2.045
31.761	496.165	2.045
31.660	496.362	2.045
31.558	496.560	2.044
31.457	496.758	2.044
31.356	496.956	2.043
31.255	497.154	2.043
31.154	497.352	2.042
31.053	497.550	2.042
30.952	497.748	2.041
30.851	497.946	2.041
30.751	498.144	2.040
30.650	498.342	2.040
30.550	498.540	2.039
30.449	498.739	2.039
30.349	498.937	2.038
30.249	499.135	2.038
30.137	499.359	2.037
30.037	499.557	2.037
29.925	499.780	2.036
29.825	499.979	2.035
29.725	500.178	2.035
29.626	500.377	2.034
29.527	500.575	2.034
29.427	500.774	2.033
29.328	500.973	2.032
29.230	501.172	2.032
29.131	501.371	2.031
29.032	501.570	2.030
28.934	501.770	2.030
28.835	501.969	2.029
28.737	502.168	2.028
28.639	502.368	2.027
28.541	502.567	2.027
28.443	502.767	2.026
28.346	502.966	2.025
28.248	503.166	2.024
28.151	503.366	2.024
28.054	503.566	2.023
27.957	503.766	2.022
27.860	503.966	2.021
27.763	504.166	2.020
27.655	504.391	2.020
27.558	504.591	2.019
27.462	504.791	2.018
27.354	505.017	2.017
27.258	505.217	2.016
27.162	505.418	2.016
27.067	505.618	2.015
26.971	505.819	2.014
26.876	506.020	2.014
26.781	506.221	2.013
26.686	506.422	2.012
26.591	506.622	2.012
26.496	506.823	2.011
26.401	507.025	2.010
26.307	507.226	2.010
26.213	507.427	2.009
26.118	507.628	2.009
26.024	507.829	2.008
25.930	508.031	2.008
25.836	508.232	2.007
25.742	508.433	2.007
25.648	508.635	2.006
25.554	508.836	2.006
25.461	509.038	2.006
25.367	509.239	2.005
25.274	509.441	2.005
25.180	509.643	2.005
25.087	509.844	2.004
24.993	510.046	2.004
24.900	510.248	2.004
24.807	510.449	2.003
24.714	510.651	2.003
24.621	510.853	2.003
24.528	511.055	2.003
24.435	511.256	2.003
24.342	511.458	2.002
24.249	511.660	2.002
24.144	511.887	2.002
24.051	512.089	2.002
23.958	512.291	2.002
23.866	512.493	2.001
23.773	512.695	2.001
23.680	512.897	2.001
23.587	513.099	2.001
23.495	513.301	2.001
23.402	513.503	2.001
23.310	513.705	2.000
23.217	513.907	2.000
23.125	514.109	2.000
23.032	514.311	2.000
22.940	514.513	2.000
22.847	514.715	1.999
22.755	514.917	1.999
22.663	515.119	1.999
22.571	515.322	1.998
22.478	515.524	1.998
22.386	515.726	1.998
22.294	515.928	1.997
22.202	516.131	1.997
22.111	516.333	1.997
22.019	516.535	1.996
21.927	516.738	1.996
21.836	516.940	1.995
21.744	517.143	1.995
21.653	517.346	1.994
21.562	517.548	1.993
21.470	517.751	1.993
21.379	517.954	1.992
21.277	518.182	1.991
21.187	518.385	1.991
21.096	518.588	1.990
20.994	518.816	1.989
20.904	519.019	1.989
20.814	519.222	1.988
20.724	519.425	1.987
20.634	519.629	1.986
20.545	519.832	1.985
20.455	520.035	1.985
20.366	520.239	1.984
20.277	520.442	1.983
20.188	520.646	1.982
20.088	520.875	1.981
19.999	521.079	1.980
19.911	521.283	1.979
19.823	521.487	1.979
19.735	521.691	1.978
19.647	521.895	1.977
19.559	522.099	1.976
19.472	522.303	1.975
19.384	522.508	1.974
19.297	522.712	1.974
19.210	522.917	1.973
19.123	523.121	1.972
19.036	523.326	1.971
18.950	523.530	1.970
18.863	523.735	1.970
18.777	523.940	1.969
18.691	524.145	1.968
18.605	524.350	1.967
18.509	524.580	1.967
18.423	524.786	1.966
18.338	524.991	1.965
18.252	525.196	1.965
18.167	525.401	1.964
18.082	525.606	1.963
17.997	525.812	1.963
17.912	526.017	1.962
17.827	526.223	1.961
17.743	526.428	1.961
17.658	526.634	1.960
17.574	526.839	1.960
17.490	527.045	1.959
17.406	527.251	1.958
17.322	527.456	1.958
17.238	527.662	1.957
17.154	527.868	1.957
17.071	528.074	1.956
16.987	528.280	1.956
16.904	528.486	1.955
16.821	528.692	1.955
16.737	528.898	1.954
16.654	529.104	1.953
16.571	529.310	1.953
16.489	529.516	1.952
16.406	529.723	1.952
16.323	529.929	1.951
16.241	530.135	1.951
16.158	530.342	1.950
16.076	530.548	1.950
15.994	530.755	1.949
15.912	530.961	1.949
15.830	531.168	1.948
15.738	531.400	1.947
15.656	531.607	1.947
15.575	531.813	1.946
15.483	532.046	1.946
15.402	532.253	1.945
15.320	532.460	1.945
15.239	532.667	1.944
15.158	532.873	1.944
15.077	533.080	1.943
14.996	533.287	1.943
14.916	533.495	1.942
14.835	533.702	1.942
14.755	533.909	1.941
14.674	534.116	1.941
14.594	534.323	1.940
14.514	534.530	1.940
14.434	534.738	1.939
14.354	534.945	1.939
14.274	535.152	1.938
14.194	535.360	1.938
14.114	535.567	1.937
14.034	535.775	1.937
13.945	536.008	1.936
13.866	536.216	1.936
13.786	536.423	1.936
13.707	536.631	1.935
13.628	536.838	1.935
13.549	537.046	1.934
13.470	537.254	1.934
13.391	537.462	1.933
13.312	537.669	1.933
13.233	537.877	1.933
13.155	538.085	1.932
13.076	538.293	1.932
12.998	538.501	1.931
12.919	538.709	1.931
12.841	538.917	1.930
12.753	539.151	1.930
12.675	539.359	1.929
12.597	539.567	1.929
12.519	539.775	1.928
12.442	539.983	1.928
12.364	540.191	1.927
12.277	540.426	1.927
12.199	540.634	1.926
12.122	540.842	1.926
12.045	541.051	1.925
11.968	541.259	1.925
11.891	541.468	1.924
11.814	541.676	1.924
11.737	541.885	1.923
11.660	542.093	1.923
11.584	542.302	1.922
11.507	542.510	1.922
11.431	542.719	1.921
11.355	542.928	1.921
11.279	543.137	1.920
11.202	543.345	1.920
11.127	543.554	1.919
11.051	543.763	1.919
10.975	543.972	1.918
10.900	544.181	1.917
10.824	544.390	1.917
10.749	544.599	1.916
10.664	544.834	1.916
10.589	545.044	1.915
10.505	545.279	1.915
10.430	545.488	1.914
10.355	545.697	1.914
10.280	545.907	1.913
10.206	546.116	1.913
10.131	546.325	1.912
10.047	546.561	1.912
9.973	546.770	1.911
9.899	546.980	1.911
9.825	547.189	1.910
9.751	547.399	1.910
9.677	547.609	1.909
9.604	547.818	1.909
9.530	548.028	1.908
9.456	548.238	1.908
9.383	548.447	1.907
9.310	548.657	1.907
9.237	548.867	1.906
9.164	549.077	1.905
9.091	549.287	1.905
9.009	549.523	1.904
8.936	549.733	1.904
8.863	549.943	1.903
8.791	550.153	1.902
8.719	550.363	1.902
8.647	550.573	1.901
8.565	550.810	1.900
8.494	551.020	1.900
8.422	551.231	1.899
8.341	551.467	1.898
8.270	551.678	1.897
8.199	551.888	1.897
8.128	552.099	1.896
8.057	552.309	1.895
7.986	552.520	1.894
7.915	552.731	1.893
7.845	552.941	1.892
7.775	553.152	1.892
7.705	553.363	1.891
7.635	553.574	1.890
7.565	553.785	1.889
7.496	553.996	1.888
7.427	554.207	1.887
7.358	554.419	1.886
7.289	554.630	1.885
7.220	554.841	1.884
7.152	555.053	1.883
7.084	555.264	1.882
7.016	555.476	1.881
6.948	555.688	1.880
6.881	555.899	1.879
6.814	556.111	1.878
6.747	556.323	1.877
6.680	556.535	1.875
6.613	556.747	1.874
6.547	556.959	1.873
6.481	557.171	1.872
6.415	557.383	1.871
6.349	557.596	1.870
6.284	557.808	1.869
6.218	558.021	1.868
6.145	558.260	1.867
6.081	558.472	1.866
6.016	558.685	1.865
5.944	558.924	1.864
5.880	559.137	1.863
5.816	559.350	1.862
5.752	559.563	1.861
5.689	559.776	1.860
5.626	559.989	1.859
5.563	560.202	1.858
5.500	560.415	1.857
5.437	560.628	1.856
5.375	560.841	1.855
5.312	561.055	1.854
5.250	561.268	1.854
5.188	561.482	1.853
5.119	561.722	1.852
5.057	561.935	1.851
4.996	562.149	1.851
4.934	562.362	1.850
4.873	562.576	1.849
4.812	562.790	1.849
4.751	563.003	1.848
4.690	563.217	1.848
4.629	563.431	1.847
4.569	563.645	1.847
4.508	563.858	1.846
4.448	564.072	1.846
4.388	564.286	1.845
4.327	564.500	1.845
4.267	564.714	1.845
4.207	564.928	1.844
4.147	565.142	1.844
4.087	565.356	1.844
4.027	565.570	1.844
3.967	565.784	1.843
3.907	565.998	1.843
3.848	566.212	1.843
3.788	566.426	1.843
3.728	566.640	1.843
3.669	566.854	1.843
3.609	567.068	1.842
3.549	567.282	1.842
3.490	567.496	1.842
3.430	567.710	1.842
3.371	567.924	1.842
3.311	568.139	1.842
3.244	568.379	1.842
3.185	568.594	1.842
3.125	568.808	1.842
3.066	569.022	1.842
3.006	569.236	1.841
2.947	569.450	1.841
2.887	569.664	1.841
2.828	569.878	1.841
2.769	570.092	1.841
2.709	570.307	1.841
2.650	570.521	1.841
2.591	570.735	1.841
2.532	570.949	1.841
2.472	571.163	1.840
2.413	571.378	1.840
2.354	571.592	1.840
2.295	571.806	1.840
2.236	572.020	1.840
2.177	572.234	1.839
2.118	572.449	1.839
2.059	572.663	1.839
2.000	572.877	1.838
1.942	573.092	1.838
1.883	573.306	1.838
1.824	573.520	1.837
1.766	573.735	1.837
1.708	573.949	1.836
1.649	574.164	1.836
1.591	574.378	1.835
1.533	574.593	1.835
1.468	574.834	1.834
1.410	575.049	1.834
1.352	575.263	1.833
1.295	575.478	1.832
1.237	575.692	1.832
1.180	575.907	1.831
1.123	576.122	1.830
1.066	576.337	1.830
1.009	576.551	1.829
0.952	576.766	1.828
0.896	576.981	1.828
0.839	577.196	1.827
0.783	577.411	1.826
0.720	577.653	1.825
0.664	577.868	1.825
0.609	578.083	1.824
0.553	578.298	1.823
0.498	578.514	1.822
0.442	578.729	1.822
0.387	578.944	1.821
0.332	579.160	1.820
0.278	579.375	1.819
0.223	579.590	1.819
0.162	579.833	1.818
0.107	580.048	1.817
0.053	580.264	1.816
-0.001	580.479	1.816
-0.054	580.695	1.815
-0.108	580.911	1.814
-0.162	581.126	1.813
-0.215	581.342	1.813
-0.268	581.558	1.812
-0.321	581.774	1.811
-0.374	581.989	1.811
-0.427	582.205	1.810
-0.480	582.421	1.810
-0.539	582.664	1.809
-0.591	582.880	1.808
-0.643	583.096	1.808
-0.695	583.312	1.807
-0.747	583.528	1.806
-0.799	583.744	1.806
-0.851	583.960	1.805
-0.909	584.204	1.804
-0.960	584.420	1.804
-1.011	584.636	1.803
-1.062	584.852	1.803
-1.113	585.068	1.802
-1.164	585.285	1.801
-1.215	585.501	1.801
-1.266	585.718	1.800
-1.316	585.934	1.800
-1.367	586.150	1.799
-1.417	586.367	1.798
-1.467	586.583	1.798
-1.517	586.800	1.797
-1.567	587.016	1.797
-1.616	587.233	1.796
-1.666	587.450	1.795
-1.715	587.666	1.795
-1.765	587.883	1.794
-1.814	588.100	1.793
-1.863	588.316	1.793
-1.912	588.533	1.792
-1.961	588.750	1.792
-2.009	588.967	1.791
-2.058	589.184	1.790
-2.106	589.401	1.790
-2.154	589.618	1.789
-2.202	589.835	1.789
-2.250	590.051	1.788
-2.298	590.268	1.788
-2.346	590.486	1.787
-2.394	590.703	1.787
-2.441	590.920	1.786
-2.489	591.137	1.785
-2.536	591.354	1.785
-2.589	591.598	1.784
-2.636	591.815	1.784
-2.683	592.033	1.784
-2.730	592.250	1.783
-2.777	592.467	1.783
-2.823	592.684	1.782
-2.870	592.902	1.782
-2.917	593.119	1.782
-2.963	593.336	1.781
-3.009	593.554	1.781
-3.056	593.771	1.781
-3.102	593.988	1.780
-3.148	594.206	1.780
-3.194	594.423	1.780
-3.240	594.640	1.779
-3.286	594.858	1.779
-3.332	595.075	1.779
-3.378	595.293	1.779
-3.424	595.510	1.779
-3.470	595.728	1.778
-3.516	595.945	1.778
-3.561	596.162	1.778
-3.607	596.380	1.778
-3.653	596.597	1.778
-3.698	596.815	1.778
-3.744	597.032	1.777
-3.790	597.250	1.777
-3.835	597.467	1.777
-3.881	597.685	1.777
-3.926	597.902	1.777
-3.972	598.120	1.777
-4.023	598.365	1.777
-4.068	598.582	1.777
-4.114	598.800	1.776
-4.159	599.017	1.776
-4.204	599.235	1.776
-4.250	599.452	1.776
-4.295	599.670	1.776
-4.340	599.887	1.776
-4.385	600.105	1.775
-4.430	600.323	1.775
-4.476	600.540	1.775
-4.521	600.758	1.775
-4.566	600.975	1.775
-4.616	601.220	1.774
-4.661	601.438	1.774
-4.706	601.656	1.774
-4.751	601.873	1.773
-4.795	602.091	1.773
-4.840	602.309	1.772
-4.884	602.526	1.772
-4.929	602.744	1.772
-4.973	602.962	1.771
-5.017	603.180	1.771
-5.067	603.425	1.770
-5.111	603.643	1.769
-5.154	603.860	1.769
-5.198	604.078	1.768
-5.242	604.296	1.767
-5.285	604.514	1.767
-5.333	604.759	1.766
-5.376	604.977	1.765
-5.419	605.195	1.764
-5.462	605.414	1.763
-5.504	605.632	1.763
-5.547	605.850	1.762
-5.594	606.095	1.761
-5.636	606.314	1.760
-5.677	606.532	1.759
-5.719	606.750	1.758
-5.765	606.996	1.757
-5.806	607.214	1.756
-5.847	607.433	1.754
-5.887	607.651	1.753
-5.928	607.870	1.752
-5.968	608.088	1.751
-6.008	608.307	1.750
-6.047	608.526	1.749
-6.087	608.744	1.748
-6.126	608.963	1.747
-6.164	609.182	1.746
-6.203	609.401	1.745
-6.241	609.620	1.744
-6.284	609.866	1.742
-6.322	610.085	1.741
-6.360	610.304	1.740
-6.397	610.523	1.739
-6.434	610.742	1.738
-6.471	610.961	1.737
-6.508	611.180	1.736
-6.544	611.400	1.735
-6.580	611.619	1.734
-6.621	611.866	1.732
-6.656	612.085	1.731
-6.692	612.304	1.730
-6.727	612.524	1.729
-6.762	612.743	1.728
-6.797	612.963	1.728
-6.831	613.182	1.727
-6.866	613.402	1.726
-6.900	613.621	1.725
-6.934	613.841	1.724
-6.968	614.061	1.723
-7.002	614.280	1.722
-7.035	614.500	1.722
-7.068	614.720	1.721
-7.102	614.939	1.720
-7.135	615.159	1.719
-7.167	615.379	1.719
-7.204	615.626	1.718
-7.237	615.846	1.717
-7.269	616.066	1.717
-7.301	616.286	1.716
-7.334	616.506	1.716
-7.366	616.725	1.715
-7.398	616.945	1.715
-7.430	617.165	1.714
-7.461	617.385	1.714
-7.493	617.605	1.713
-7.524	617.825	1.713
-7.556	618.045	1.713
-7.587	618.265	1.712
-7.619	618.485	1.712
-7.650	618.705	1.711
-7.681	618.925	1.711
-7.712	619.145	1.711
-7.747	619.393	1.710
-7.778	619.613	1.710
-7.809	619.833	1.710
-7.839	620.053	1.709
-7.870	620.273	1.709
-7.901	620.493	1.709
-7.931	620.713	1.708
-7.961	620.934	1.708
-7.992	621.154	1.708
-8.022	621.374	1.707
-8.052	621.594	1.707
-8.083	621.814	1.707
-8.113	622.034	1.706
-8.143	622.254	1.706
-8.173	622.475	1.706
-8.202	622.695	1.705
-8.232	622.915	1.705
-8.262	623.135	1.704
-8.291	623.356	1.704
-8.321	623.576	1.703
-8.350	623.796	1.703
-8.379	624.016	1.703
-8.409	624.237	1.702
-8.438	624.457	1.702
-8.467	624.677	1.701
-8.495	624.898	1.701
-8.524	625.118	1.700
-8.553	625.338	1.700
-8.581	625.559	1.699
-8.613	625.807	1.698
-8.641	626.027	1.698
-8.669	626.248	1.697
-8.697	626.468	1.697
-8.725	626.689	1.696
-8.753	626.909	1.695
-8.780	627.130	1.695
-8.808	627.350	1.694
-8.835	627.571	1.693
-8.862	627.791	1.693
-8.889	628.012	1.692
-8.916	628.232	1.691
-8.943	628.453	1.691
-8.969	628.674	1.690
-8.995	628.894	1.689
-9.022	629.115	1.688
-9.048	629.336	1.688
-9.073	629.556	1.687
-9.099	629.777	1.686
-9.125	629.998	1.686
-9.150	630.219	1.685
-9.175	630.439	1.684
-9.200	630.660	1.683
-9.225	630.881	1.683
-9.250	631.102	1.682
-9.275	631.323	1.681
-9.299	631.544	1.681
-9.327	631.792	1.680
-9.351	632.013	1.679
-9.375	632.234	1.679
-9.399	632.455	1.678
-9.422	632.676	1.677
-9.446	632.897	1.677
-9.469	633.118	1.676
-9.493	633.339	1.676
-9.516	633.560	1.675
-9.539	633.781	1.675
-9.565	634.029	1.674
-9.588	634.250	1.673
-9.610	634.472	1.673
-9.633	634.693	1.672
-9.656	634.914	1.672
-9.678	635.135	1.671
-9.703	635.384	1.671
-9.725	635.605	1.670
-9.747	635.826	1.670
-9.769	636.047	1.669
-9.791	636.268	1.669
-9.813	636.489	1.668
-9.837	636.738	1.668
-9.858	636.959	1.667
-9.880	637.180	1.667
-9.901	637.402	1.667
-9.922	637.623	1.666
-9.944	637.844	1.666
-9.965	638.065	1.665
-9.985	638.286	1.665
-10.006	638.508	1.664
-10.027	638.729	1.664
-10.048	638.950	1.663
-10.068	639.172	1.663
-10.088	639.393	1.662
-10.109	639.614	1.662
-10.129	639.835	1.661
-10.149	640.057	1.661
-10.169	640.278	1.660
-10.189	640.499	1.660
-10.208	640.721	1.659
-10.228	640.942	1.659
-10.248	641.163	1.658
-10.267	641.385	1.658
-10.286	641.606	1.657
-10.305	641.828	1.657
-10.324	642.049	1.656
-10.343	642.270	1.656
-10.362	642.492	1.655
-10.381	642.713	1.655
-10.399	642.935	1.654
-10.418	643.156	1.654
-10.436	643.378	1.653
-10.454	643.599	1.652
-10.472	643.821	1.652
-10.490	644.042	1.651
-10.510	644.291	1.651
-10.528	644.513	1.650
-10.546	644.734	1.650
-10.563	644.956	1.649
-10.581	645.177	1.649
-10.598	645.399	1.648
-10.615	645.621	1.648
-10.632	645.842	1.647
-10.651	646.091	1.647
-10.668	646.313	1.646
-10.685	646.535	1.646
-10.704	646.784	1.645
-10.720	647.005	1.645
-10.737	647.227	1.645
-10.753	647.449	1.644
-10.769	647.670	1.644
-10.785	647.892	1.643
-10.801	648.114	1.643
-10.817	648.335	1.642
-10.833	648.557	1.642
-10.849	648.779	1.642
-10.865	649.000	1.641
-10.880	649.222	1.641
-10.896	649.444	1.640
-10.911	649.665	1.640
-10.927	649.887	1.640
-10.942	650.109	1.639
-10.957	650.330	1.639
-10.972	650.552	1.638
-10.987	650.774	1.638
-11.002	650.995	1.638
-11.017	651.217	1.637
-11.032	651.439	1.637
-11.048	651.688	1.636
-11.063	651.910	1.636
-11.077	652.132	1.636
-11.093	652.381	1.635
-11.107	652.603	1.635
-11.122	652.825	1.634
-11.136	653.047	1.634
-11.150	653.268	1.634
-11.163	653.490	1.633
-11.177	653.712	1.633
-11.191	653.934	1.632
-11.205	654.156	1.632
-11.218	654.377	1.631
-11.232	654.599	1.631
-11.245	654.821	1.631
-11.258	655.043	1.630
-11.271	655.265	1.630
-11.284	655.487	1.629
-11.297	655.708	1.629
-11.310	655.930	1.629
-11.323	656.152	1.628
-11.336	656.374	1.628
-11.348	656.596	1.627
-11.361	656.818	1.627
-11.373	657.040	1.627
-11.386	657.261	1.626
-11.398	657.483	1.626
-11.410	657.705	1.625
-11.422	657.927	1.625
-11.434	658.149	1.625
-11.446	658.371	1.624
-11.458	658.593	1.624
-11.470	658.815	1.623
-11.482	659.037	1.623
-11.493	659.259	1.623
-11.505	659.481	1.622
-11.516	659.702	1.622
-11.527	659.924	1.621
-11.538	660.146	1.621
-11.550	660.368	1.621
-11.561	660.590	1.620
-11.572	660.812	1.620
-11.582	661.034	1.619
-11.593	661.256	1.619
-11.604	661.478	1.618
-11.614	661.700	1.618
-11.626	661.950	1.617
-11.636	662.172	1.617
-11.646	662.394	1.616
-11.657	662.643	1.615
-11.667	662.865	1.615
-11.677	663.088	1.614
-11.687	663.310	1.614
-11.696	663.532	1.613
-11.705	663.754	1.612
-11.714	663.976	1.611
-11.723	664.198	1.611
-11.732	664.420	1.610
-11.741	664.642	1.609
-11.750	664.892	1.608
-11.759	665.114	1.607
-11.767	665.336	1.607
-11.775	665.558	1.606
-11.782	665.780	1.605
-11.790	666.002	1.604
-11.797	666.224	1.603
-11.805	666.474	1.602
-11.812	666.696	1.601
-11.819	666.946	1.600
-11.825	667.168	1.599
-11.832	667.390	1.598
-11.837	667.612	1.596
-11.843	667.835	1.595
-11.848	668.057	1.594
-11.853	668.279	1.593
-11.858	668.501	1.592
-11.863	668.723	1.591
-11.867	668.945	1.590
-11.872	669.195	1.588
-11.876	669.417	1.587
-11.879	669.640	1.586
-11.883	669.890	1.584
-11.886	670.112	1.583
-11.888	670.334	1.582
-11.891	670.556	1.581
-11.893	670.778	1.579
-11.895	671.001	1.578
-11.896	671.223	1.577
-11.897	671.445	1.576
-11.898	671.667	1.574
-11.899	671.890	1.573
-11.900	672.140	1.572
-11.900	672.362	1.571
-11.900	672.584	1.569
-11.899	672.806	1.568
-11.898	673.028	1.567
-11.898	673.251	1.566
-11.896	673.473	1.565
-11.895	673.695	1.564
-11.893	673.917	1.563
-11.891	674.167	1.561
-11.889	674.390	1.560
-11.887	674.612	1.559
-11.884	674.834	1.558
-11.881	675.056	1.558
-11.878	675.278	1.557
-11.874	675.528	1.556
-11.871	675.751	1.555
-11.867	675.973	1.554
-11.864	676.195	1.553
-11.860	676.417	1.552
-11.855	676.639	1.552
-11.851	676.862	1.551
-11.847	677.084	1.551
-11.842	677.306	1.550
-11.838	677.528	1.549
-11.833	677.750	1.549
-11.828	677.972	1.548
-11.823	678.195	1.548
-11.818	678.417	1.547
-11.812	678.639	1.547
-11.807	678.861	1.547
-11.802	679.083	1.546
-11.796	679.305	1.546
-11.791	679.528	1.546
-11.785	679.750	1.545
-11.779	679.972	1.545
-11.774	680.194	1.545
-11.768	680.416	1.545
-11.762	680.638	1.545
-11.756	680.860	1.544
-11.750	681.083	1.544
-11.745	681.305	1.544
-11.739	681.527	1.544
-11.733	681.749	1.544
-11.727	681.971	1.544
-11.721	682.193	1.543
-11.714	682.415	1.543
-11.708	682.638	1.543
-11.702	682.860	1.543
-11.696	683.082	1.543
-11.689	683.332	1.543
-11.683	683.554	1.543
-11.677	683.776	1.543
-11.670	683.998	1.542
-11.664	684.220	1.542
-11.658	684.442	1.542
-11.650	684.692	1.542
-11.644	684.914	1.541
-11.637	685.137	1.541
-11.631	685.359	1.541
-11.624	685.581	1.541
-11.617	685.803	1.540
-11.611	686.025	1.540
-11.604	686.247	1.540
-11.596	686.497	1.539
-11.589	686.719	1.539
-11.582	686.941	1.538
-11.575	687.163	1.538
-11.567	687.385	1.537
-11.560	687.608	1.537
-11.552	687.830	1.536
-11.544	688.052	1.536
-11.537	688.274	1.535
-11.529	688.496	1.535
-11.521	688.718	1.534
-11.512	688.940	1.533
-11.504	689.162	1.533
-11.495	689.384	1.532
-11.486	689.634	1.531
-11.477	689.856	1.530
-11.468	690.078	1.529
-11.458	690.300	1.529
-11.449	690.522	1.528
-11.439	690.744	1.527
-11.430	690.966	1.526
-11.420	691.188	1.526
-11.410	691.410	1.525
-11.399	691.632	1.524
-11.389	691.854	1.523
-11.378	692.076	1.522
-11.367	692.298	1.522
-11.355	692.548	1.521
-11.344	692.770	1.520
-11.332	692.992	1.519
-11.319	693.241	1.518
-11.308	693.463	1.518
-11.296	693.685	1.517
-11.284	693.907	1.516
-11.271	694.129	1.515
-11.259	694.351	1.515
-11.245	694.600	1.514
-11.232	694.822	1.513
-11.220	695.044	1.513
-11.207	695.266	1.512
-11.194	695.488	1.512
-11.180	695.709	1.511
-11.166	695.959	1.511
-11.152	696.181	1.510
-11.139	696.403	1.510
-11.125	696.624	1.509
-11.111	696.846	1.509
-11.098	697.068	1.508
-11.084	697.290	1.508
-11.070	697.512	1.508
-11.056	697.733	1.507
-11.042	697.955	1.507
-11.027	698.177	1.507
-11.013	698.399	1.507
-10.999	698.621	1.506
-10.985	698.842	1.506
-10.970	699.064	1.506
-10.956	699.286	1.506
-10.941	699.508	1.506
-10.927	699.729	1.505
-10.912	699.951	1.505
-10.898	700.173	1.505
-10.883	700.395	1.505
-10.869	700.616	1.505
-10.854	700.838	1.505
-10.839	701.060	1.505
-10.825	701.281	1.505
-10.810	701.503	1.504
-10.795	701.725	1.504
-10.781	701.947	1.504
-10.766	702.168	1.504
-10.751	702.390	1.504
-10.736	702.612	1.504
-10.721	702.834	1.504
-10.706	703.055	1.504
-10.691	703.277	1.503
-10.676	703.499	1.503
-10.661	703.720	1.503
-10.646	703.942	1.503
-10.631	704.164	1.503
-10.616	704.386	1.503
-10.601	704.607	1.502
-10.586	704.829	1.502
-10.571	705.051	1.502
-10.555	705.272	1.502
-10.540	705.494	1.501
-10.524	705.716	1.501
-10.509	705.937	1.501
-10.493	706.159	1.500
-10.478	706.381	1.500
-10.462	706.602	1.500
-10.446	706.824	1.499
-10.430	707.046	1.499
-10.412	707.295	1.498
-10.396	707.517	1.498
-10.380	707.738	1.498
-10.364	707.960	1.497
-10.347	708.182	1.497
-10.331	708.403	1.496
-10.312	708.653	1.496
-10.295	708.874	1.495
-10.279	709.096	1.495
-10.262	709.317	1.494
-10.245	709.539	1.494
-10.227	709.760	1.493
-10.210	709.982	1.493
-10.193	710.203	1.492
-10.175	710.425	1.492
-10.158	710.647	1.491
-10.138	710.896	1.490
-10.120	711.117	1.490
-10.102	711.339	1.489
-10.081	711.588	1.489
-10.063	711.809	1.488
-10.045	712.031	1.488
-10.024	712.280	1.487
-10.005	712.501	1.487
-9.987	712.723	1.486
-9.968	712.944	1.486
-9.949	713.166	1.485
-9.930	713.387	1.485
-9.911	713.609	1.484
-9.892	713.830	1.484
-9.872	714.051	1.484
-9.853	714.273	1.483
-9.831	714.522	1.483
-9.811	714.743	1.482
-9.792	714.964	1.482
-9.769	715.213	1.481
-9.750	715.435	1.481
-9.730	715.656	1.480
-9.707	715.905	1.480
-9.687	716.126	1.479
-9.666	716.348	1.479
-9.643	716.597	1.478
-9.623	716.818	1.478
-9.602	717.039	1.477
-9.579	717.288	1.477
-9.558	717.509	1.476
-9.537	717.730	1.476
-9.516	717.952	1.475
-9.494	718.173	1.475
-9.473	718.394	1.474
-9.449	718.643	1.473
-9.427	718.864	1.473
-9.405	719.085	1.472
-9.380	719.334	1.471
-9.358	719.555	1.470
-9.336	719.776	1.470
-9.314	719.997	1.469
-9.291	720.218	1.468
-9.268	720.439	1.467
-9.245	720.660	1.466
-9.222	720.881	1.466
-9.198	721.102	1.465
-9.175	721.323	1.464
-9.148	721.572	1.463
-9.124	721.793	1.462
-9.100	722.014	1.461
-9.075	722.235	1.460
-9.050	722.455	1.459
-9.025	722.676	1.458
-8.997	722.925	1.456
-8.972	723.145	1.455
-8.946	723.366	1.454
-8.917	723.614	1.453
-8.891	723.835	1.452
-8.864	724.056	1.451
-8.834	724.304	1.449
-8.807	724.524	1.448
-8.780	724.745	1.447
-8.752	724.966	1.446
-8.725	725.186	1.445
-8.697	725.406	1.444
-8.668	725.627	1.443
-8.640	725.847	1.442
-8.611	726.068	1.441
-8.583	726.288	1.440
-8.554	726.508	1.439
-8.524	726.729	1.438
-8.495	726.949	1.437
-8.465	727.169	1.436
-8.435	727.389	1.435
-8.405	727.609	1.435
-8.375	727.830	1.434
-8.344	728.050	1.433
-8.314	728.270	1.432
-8.283	728.490	1.432
-8.252	728.710	1.431
-8.221	728.930	1.430
-8.186	729.178	1.430
-8.155	729.398	1.429
-8.123	729.618	1.428
-8.092	729.838	1.428
-8.060	730.058	1.427
-8.028	730.277	1.427
-7.996	730.497	1.427
-7.964	730.717	1.426
-7.932	730.937	1.426
-7.900	731.157	1.426
-7.868	731.377	1.425
-7.836	731.597	1.425
-7.799	731.844	1.425
-7.767	732.064	1.424
-7.735	732.284	1.424
-7.702	732.504	1.424
-7.670	732.724	1.424
-7.637	732.943	1.424
-7.605	733.163	1.424
-7.572	733.383	1.423
-7.535	733.630	1.423
-7.503	733.850	1.423
-7.470	734.070	1.423
-7.433	734.317	1.423
-7.400	734.537	1.423
-7.368	734.757	1.423
-7.335	734.977	1.423
-7.302	735.196	1.423
-7.269	735.416	1.423
-7.237	735.636	1.423
-7.204	735.856	1.423
-7.171	736.076	1.422
-7.138	736.295	1.422
-7.105	736.515	1.422
-7.072	736.735	1.422
-7.040	736.955	1.422
-7.007	737.174	1.422
-6.974	737.394	1.422
-6.941	737.614	1.422
-6.908	737.834	1.422
-6.875	738.053	1.422
-6.842	738.273	1.421
-6.809	738.493	1.421
-6.775	738.713	1.421
-6.742	738.932	1.421
-6.709	739.152	1.421
-6.676	739.372	1.421
-6.643	739.592	1.420
-6.609	739.811	1.420
-6.576	740.031	1.420
-6.542	740.251	1.420
-6.509	740.470	1.419
-6.475	740.690	1.419
-6.442	740.910	1.419
-6.408	741.129	1.419
-6.375	741.349	1.418
-6.337	741.596	1.418
-6.303	741.816	1.418
-6.269	742.035	1.418
-6.235	742.255	1.417
-6.201	742.475	1.417
-6.167	742.694	1.417
-6.133	742.914	1.416
-6.098	743.133	1.416
-6.064	743.353	1.416
-6.030	743.573	1.415
-5.995	743.792	1.415
-5.961	744.012	1.415
-5.926	744.231	1.414
-5.892	744.451	1.414
-5.857	744.670	1.414
-5.822	744.890	1.414
-5.788	745.109	1.413
-5.753	745.329	1.413
-5.718	745.548	1.413
-5.678	745.795	1.412
-5.643	746.014	1.412
-5.608	746.234	1.411
-5.573	746.453	1.411
-5.537	746.672	1.411
-5.497	746.919	1.410
-5.462	747.139	1.410
-5.426	747.358	1.409
-5.390	747.577	1.409
-5.354	747.797	1.409
-5.319	748.016	1.408
-5.283	748.235	1.408
-5.246	748.454	1.407
-5.210	748.674	1.407
-5.174	748.893	1.406
-5.137	749.112	1.406
-5.101	749.331	1.405
-5.064	749.550	1.404
-5.027	749.770	1.404
-4.990	749.989	1.403
-4.953	750.208	1.402
-4.916	750.427	1.402
-4.878	750.646	1.401
-4.840	750.865	1.400
-4.803	751.084	1.399
-4.765	751.303	1.398
-4.726	751.522	1.397
-4.688	751.741	1.396
-4.649	751.959	1.395
-4.610	752.178	1.394
-4.571	752.397	1.393
-4.532	752.616	1.392
-4.493	752.834	1.391
-4.453	753.053	1.390
-4.413	753.272	1.389
-4.367	753.517	1.387
-4.327	753.736	1.386
-4.286	753.954	1.385
-4.245	754.173	1.384
-4.203	754.391	1.382
-4.156	754.637	1.381
-4.114	754.855	1.380
-4.072	755.073	1.378
-4.029	755.291	1.377
-3.986	755.509	1.375
-3.943	755.727	1.374
-3.894	755.972	1.372
-3.850	756.190	1.371
-3.806	756.408	1.370
-3.761	756.626	1.368
-3.717	756.843	1.367
-3.672	757.061	1.365
-3.620	757.306	1.364
-3.575	757.523	1.362
-3.529	757.740	1.361
-3.482	757.958	1.360
-3.435	758.175	1.358
-3.388	758.392	1.357
-3.335	758.636	1.355
-3.288	758.854	1.354
-3.240	759.071	1.353
-3.192	759.287	1.351
-3.143	759.504	1.350
-3.094	759.721	1.349
-3.039	759.965	1.347
-2.990	760.182	1.346
-2.940	760.398	1.345
-2.884	760.642	1.343
-2.834	760.858	1.342
-2.783	761.075	1.341
-2.726	761.318	1.340
-2.675	761.534	1.338
-2.624	761.751	1.337
-2.572	761.967	1.336
-2.521	762.183	1.335
-2.462	762.426	1.334
-2.410	762.642	1.333
-2.357	762.858	1.332
-2.298	763.101	1.330
-2.245	763.317	1.329
-2.192	763.532	1.328
-2.138	763.748	1.327
-2.085	763.964	1.326
-2.031	764.179	1.326
-1.977	764.395	1.325
-1.923	764.610	1.324
-1.868	764.826	1.323
-1.814	765.041	1.322
-1.759	765.257	1.321
-1.704	765.472	1.321
-1.649	765.687	1.320
-1.594	765.903	1.319
-1.538	766.118	1.319
-1.483	766.333	1.318
-1.420	766.575	1.317
-1.364	766.790	1.317
-1.308	767.005	1.316
-1.245	767.247	1.315
-1.189	767.462	1.315
-1.133	767.677	1.314
-1.076	767.892	1.314
-1.020	768.107	1.314
-0.963	768.322	1.313
-0.907	768.537	1.313
-0.850	768.752	1.312
-0.793	768.966	1.312
-0.736	769.181	1.312
-0.672	769.423	1.311
-0.615	769.638	1.311
-0.558	769.852	1.311
-0.501	770.067	1.311
-0.444	770.282	1.311
-0.387	770.497	1.310
-0.322	770.738	1.310
-0.265	770.953	1.310
-0.208	771.168	1.310
-0.150	771.382	1.310
-0.093	771.597	1.310
-0.036	771.812	1.309
0.022	772.026	1.309
0.079	772.241	1.309
0.137	772.456	1.309
0.194	772.670	1.309
0.252	772.885	1.309
0.309	773.100	1.309
0.367	773.314	1.309
