-18.43
-18.5197
-18.6094
-18.6992
-18.7889
-18.8786
-18.9683
-19.0581
-19.1478
-19.2375
-19.3273
-19.417
-19.5067
-19.5964
-19.6862
-19.7759
-19.8656
-19.9554
-20.0451
-20.1348
-20.2245
-20.3143
-20.404
-20.4937
-20.5835
-20.6732
-20.7629
-20.8526
-20.9424
-21.0321
-21.1218
-21.2116
-21.3013
-21.391
-21.4807
-21.5705
-21.6813
-21.6813
-21.7722
-21.863
-21.9539
-22.0448
-22.1357
-22.2266
-22.3175
-22.4083
-22.4992
-22.5901
-22.681
-22.7719
-22.8628
-22.9536
-23.0445
-23.1354
-23.2263
-23.3172
-23.4081
-23.4989
-23.5898
-23.6876
-23.7785
-23.8695
-23.9604
-24.0514
-24.1423
-24.2333
-24.3242
-24.4152
-24.5061
-24.5971
-24.688
-24.779
-24.8699
-24.9609
-25.0518
-25.1428
-25.2337
-25.3247
-25.4156
-25.5066
-25.5975
-25.6885
-25.7794
-25.8704
-25.9613
-26.1304
-26.2267
-26.3231
-26.4194
-26.5157
-26.6828
-26.7777
-26.8727
-26.9676
-27.0626
-27.2156
-27.3142
-27.4129
-27.5116
-27.6103
-27.726
-27.8237
-27.9215
-28.0193
-28.1681
-28.2678
-28.3675
-28.4672
-28.6661
-28.7659
-28.8657
-28.9656
-29.0689
-29.4526
-29.5519
-29.6513
-29.7507
-29.8797
-29.9783
-30.077
-30.1757
-30.3053
-30.4036
-30.502
-30.6004
-30.7574
-30.8545
-30.9516
-31.0487
-31.1458
-31.3385
-31.4332
-31.528
-31.6227
-31.7174
-31.8121
-31.9142
-32.0029
-32.0917
-32.1804
-32.2692
-32.4339
-32.5205
-32.6071
-32.6936
-32.7802
-32.8945
-32.9747
-33.055
-33.1353
-33.2155
-33.2958
-33.3761
-33.5124
-33.5912
-33.67
-33.7488
-33.8276
-33.9323
-34.0082
-34.0842
-34.1601
-34.3098
-34.3692
-34.4287
-34.4881
-34.5957
-34.655
-34.7144
-34.7737
-34.8331
-34.898
-35.1001
-35.1536
-35.2071
-35.2607
-35.3183
-35.3698
-35.4212
-35.4727
-35.5351
-35.5845
-35.6339
-35.6833
-35.7327
-35.7821
-35.8315
-35.8809
-35.9304
-35.9798
-36.0292
-36.0786
-36.128
-36.1774
-36.2268
-36.2762
-36.3256
-36.4025
-36.4508
-36.4991
-36.5475
-36.5958
-36.6441
-36.6924
-36.7407
-36.789
-36.8374
-36.8857
-36.934
-36.9823
-37.0306
-37.0789
-37.1273
-37.1756
-37.2572
-37.2572
-37.3166
-37.376
-37.4354
-37.4948
-37.5542
-37.6136
-37.673
-37.7324
-37.7918
-37.8512
-37.9106
-37.97
-38.0438
