8.45289
8.49557
8.53825
8.58093
8.62362
8.6663
8.70898
8.75166
8.79435
8.83703
8.87971
8.92239
8.96507
9.00776
9.05044
9.09312
9.1358
9.17849
9.22117
9.26385
9.30653
9.34922
9.3919
9.43458
9.47726
9.51994
9.57161
9.57161
9.62209
9.67256
9.72303
9.7735
9.82397
9.87444
9.92491
9.97538
10.0259
10.0763
10.1268
10.1773
10.2277
10.2782
10.3618
10.4185
10.4753
10.532
10.5888
10.6455
10.7022
10.759
10.8157
10.8725
10.9292
10.986
11.0427
11.0995
11.1562
11.2129
11.2697
11.3264
11.3832
11.4399
11.4967
11.5534
11.6596
11.8583
12.0908
12.275
12.3414
12.4079
12.4743
12.5408
12.6072
12.6737
12.7401
12.8066
12.873
12.9513
13.1147
13.2477
13.3292
13.4108
13.4923
13.5739
13.6554
13.737
13.8782
14.058
14.1565
14.255
14.3535
14.4521
14.5506
14.6491
14.7476
14.8461
15.0282
15.3268
15.5989
15.829
15.9278
16.0266
16.1254
16.2242
16.323
16.4218
16.5206
16.6194
16.7182
16.817
16.9158
17.0146
17.1134
17.2688
17.3643
17.4599
17.5554
17.6509
17.7464
17.8419
17.9977
18.0887
18.1798
18.2708
18.3619
18.4529
18.544
18.635
18.7261
18.8172
18.9082
18.9993
19.0903
19.1814
19.2724
19.3635
19.4545
19.5456
19.6366
19.7277
19.8187
19.9514
20.0417
20.132
20.2222
20.3125
20.4028
20.493
20.5833
20.6736
20.7638
20.8541
20.9443
21.0346
21.1249
21.2151
21.3054
21.3957
21.4874
21.4874
21.5785
21.6696
21.7607
21.8518
21.9429
22.034
22.1251
22.2162
22.3073
22.3984
22.4895
22.5806
22.6717
22.7628
22.8538
22.9449
23.0431
