-19.311
-19.4014
-19.4918
-19.5823
-19.6727
-19.7631
-19.8536
-19.944
-20.0344
-20.1249
-20.2153
-20.3057
-20.3962
-20.4866
-20.577
-20.6675
-20.7579
-20.8483
-20.9388
-21.0292
-21.1196
-21.2101
-21.3005
-21.3909
-21.4814
-21.5718
-21.6813
-21.6813
-21.7676
-21.8539
-21.9403
-22.0266
-22.1129
-22.1993
-22.2856
-22.3719
-22.4582
-22.5446
-22.6309
-22.7172
-22.8036
-22.8899
-23.0328
-23.1152
-23.1975
-23.2799
-23.3622
-23.4445
-23.5269
-23.6092
-23.6916
-23.7739
-23.8562
-23.9386
-24.0209
-24.1033
-24.1856
-24.268
-24.3503
-24.4326
-24.515
-24.5973
-24.6797
-24.762
-24.9161
-25.1889
-25.4864
-25.7073
-25.782
-25.8567
-25.9315
-26.0062
-26.0809
-26.1556
-26.2304
-26.3051
-26.3798
-26.4678
-26.6483
-26.7174
-26.7753
-26.8331
-26.891
-26.9489
-27.0068
-27.0646
-27.1649
-27.2229
-27.24
-27.2571
-27.2743
-27.2914
-27.3085
-27.3257
-27.3428
-27.3599
-27.3916
-27.4287
-27.4236
-27.379
-27.3635
-27.348
-27.3326
-27.3171
-27.3017
-27.2862
-27.2707
-27.2553
-27.2398
-27.2244
-27.2089
-27.1934
-27.178
-27.1537
-27.1241
-27.0945
-27.0649
-27.0353
-27.0057
-26.9761
-26.9278
-26.8865
-26.8451
-26.8038
-26.7624
-26.7211
-26.6798
-26.6384
-26.5971
-26.5557
-26.5144
-26.473
-26.4317
-26.3904
-26.349
-26.3077
-26.2663
-26.225
-26.1836
-26.1423
-26.101
-26.0407
-25.9977
-25.9546
-25.9116
-25.8685
-25.8255
-25.7824
-25.7394
-25.6964
-25.6533
-25.6103
-25.5672
-25.5242
-25.4812
-25.4381
-25.3951
-25.352
-25.3083
-25.3083
-25.267
-25.2257
-25.1845
-25.1432
-25.102
-25.0607
-25.0195
-24.9782
-24.9369
-24.8957
-24.8544
-24.8132
-24.7719
-24.7307
-24.6894
-24.6482
-24.6037
