7.97203
8.01618
8.06032
8.10447
8.14861
8.19276
8.2369
8.28105
8.32519
8.36934
8.41348
8.45763
8.50177
8.54592
8.59006
8.63421
8.67835
8.72249
8.76664
8.81078
8.85493
8.89907
8.94322
8.98736
9.03151
9.07565
9.1198
9.16394
9.20809
9.25223
9.29638
9.34052
9.38467
9.42881
9.47296
9.5171
9.57161
9.57161
9.61333
9.65505
9.69677
9.73848
9.7802
9.82192
9.86363
9.90535
9.94707
9.98878
10.0305
10.0722
10.1139
10.1557
10.1974
10.2391
10.2808
10.3225
10.3642
10.406
10.4477
10.4925
10.5341
10.5757
10.6172
10.6588
10.7004
10.7419
10.7835
10.8251
10.8666
10.9082
10.9498
10.9913
11.0329
11.0745
11.116
11.1576
11.1992
11.2408
11.2823
11.3239
11.3655
11.407
11.4486
11.4902
11.5317
11.609
11.6358
11.6627
11.6895
11.7164
11.7629
11.7943
11.8256
11.857
11.8884
11.9389
11.955
11.9711
11.9872
12.0033
12.0222
12.0431
12.0641
12.085
12.1169
12.1242
12.1316
12.1389
12.1535
12.1479
12.1423
12.1367
12.1308
12.1389
12.1279
12.1168
12.1058
12.0914
12.0753
12.0591
12.043
12.0218
12.0038
11.9858
11.9678
11.9391
11.9153
11.8915
11.8677
11.8439
11.7966
11.7646
11.7326
11.7005
11.6685
11.6364
11.6019
11.5558
11.5097
11.4636
11.4175
11.3319
11.2819
11.2319
11.1818
11.1318
11.0658
11.0062
10.9465
10.8869
10.8272
10.7676
10.708
10.6067
10.5452
10.4836
10.4221
10.3606
10.2788
10.2138
10.1487
10.0837
9.95545
9.87504
9.79463
9.71422
9.5687
9.48821
9.40772
9.32722
9.24673
9.1587
8.84585
8.76139
8.67692
8.59246
8.5015
8.41575
8.33001
8.24426
8.1402
8.05326
7.96631
7.87937
7.79243
7.70549
7.61854
7.5316
7.44466
7.35772
7.27077
7.18383
7.09689
7.00995
6.923
6.83606
6.74912
6.6138
6.52625
6.43869
6.35114
6.26359
6.17604
6.08848
6.00093
5.91338
5.82583
5.73827
5.65072
5.56317
5.47562
5.38806
5.30051
5.21296
5.06505
5.06505
4.9846
4.90415
4.82371
4.74326
4.66281
4.58236
4.50191
4.42147
4.34102
4.26057
4.18012
4.09968
3.99969
