-25.1376
-25.2263
-25.3149
-25.4035
-25.4921
-25.5808
-25.6694
-25.758
-25.8466
-25.9353
-26.0239
-26.1125
-26.2011
-26.2898
-26.3784
-26.467
-26.5556
-26.6443
-26.7329
-26.8215
-26.9101
-26.9988
-27.0874
-27.176
-27.2646
-27.3533
-27.4419
-27.5305
-27.6191
-27.7078
-27.7964
-27.885
-27.9736
-28.0623
-28.1509
-28.2395
-28.3281
-28.4168
-28.5054
-28.594
-28.6826
-28.7713
-28.8599
-28.9485
-29.0371
-29.1258
-29.2144
-29.303
-29.3916
-29.4803
-29.5689
-29.6575
-29.7461
-29.8348
-29.9234
-30.012
-30.1006
-30.2689
-30.3575
-30.4462
-30.5348
-30.6235
-30.7121
-30.8008
-30.8894
-30.9781
-31.0667
-31.1554
-31.244
-31.3326
-31.4213
-31.5099
-31.5986
-31.6872
-31.7759
-31.8645
-31.9532
-32.0418
-32.1304
-32.2191
-32.3077
-32.3964
-32.485
-32.5737
-32.6623
-32.751
-32.8396
-32.9283
-33.0169
-33.1055
-33.1942
-33.2828
-33.3715
-33.4601
-33.5488
-33.6374
-33.7261
-33.8147
-33.9033
-33.992
-34.0806
-34.1693
-34.2579
-34.3466
-34.4352
-34.5239
-34.6125
-34.7012
-34.7898
-34.8784
-34.9671
-35.0557
-35.1444
-35.233
-35.3217
-35.4103
-35.499
-35.5876
-35.6762
-35.7649
-35.8535
-35.9422
-36.0308
-36.1195
-36.2081
-36.2968
-36.3854
-36.4741
-36.5627
-36.6513
-36.74
-36.8286
-36.9173
-37.0059
-37.0946
-37.1832
-37.2719
-37.3605
-37.4491
-37.5378
-37.6264
-37.7151
-37.8037
-37.8924
-37.981
-38.0697
-38.1583
-38.247
-38.3356
-38.4242
-38.5129
-38.6015
-38.6902
-38.8104
-38.8104
-38.9691
