11.3781
11.4245
11.4708
11.5171
11.5634
11.6097
11.6561
11.7024
11.7487
11.795
11.8414
11.8877
11.934
11.9803
12.0266
12.073
12.1193
12.1656
12.2119
12.2582
12.3046
12.3509
12.3972
12.4435
12.4899
12.5362
12.5825
12.6288
12.6751
12.7215
12.7678
12.8141
12.8604
12.9067
12.9531
12.9994
13.0457
13.092
13.1383
13.1847
13.231
13.2773
13.3236
13.37
13.4163
13.4626
13.5089
13.5552
13.6016
13.6479
13.6942
13.7405
13.7868
13.8332
13.8795
13.9258
13.9721
14.0601
14.1064
14.1526
14.1989
14.2452
14.2915
14.3378
14.3841
14.4303
14.4766
14.5229
14.5692
14.6155
14.6618
14.708
14.7543
14.8006
14.8469
14.8932
14.9394
14.9857
15.032
15.0783
15.1246
15.1709
15.2171
15.2634
15.3097
15.356
15.4023
15.4486
15.4948
15.5411
15.5874
15.6337
15.68
15.7262
15.7725
15.8188
15.8651
15.9114
15.9577
16.0039
16.0502
16.0965
16.1428
16.1891
16.2354
16.2816
16.3279
16.3742
16.4205
16.4668
16.513
16.5593
16.6056
16.6519
16.6982
16.7445
16.7907
16.837
16.8833
16.9296
16.9759
17.0222
17.0684
17.1147
17.161
17.2073
17.2536
17.2998
17.3461
17.3924
17.4387
17.485
17.5313
17.5775
17.6238
17.6701
17.7164
17.7627
17.809
17.8552
17.9015
17.9478
17.9941
18.0404
18.0866
18.1329
18.1792
18.2255
18.2718
18.3181
18.3643
18.4106
18.4569
18.5196
18.5196
18.6201
