38517442.672	3374894.870	2.901
38517442.470	3374894.914	2.900
38517442.268	3374894.969	2.901
38517442.067	3374895.013	2.901
38517441.865	3374895.057	2.901
38517441.663	3374895.112	2.902
38517441.462	3374895.156	2.902
38517441.260	3374895.200	2.903
38517441.039	3374895.255	2.903
38517440.837	3374895.299	2.904
38517440.626	3374895.343	2.905
38517440.415	3374895.398	2.905
38517440.203	3374895.442	2.905
38517440.002	3374895.486	2.906
38517439.781	3374895.541	2.906
38517439.579	3374895.585	2.906
38517439.358	3374895.640	2.907
38517439.157	3374895.684	2.907
38517438.955	3374895.728	2.908
38517438.744	3374895.772	2.908
38517438.542	3374895.816	2.908
38517438.312	3374895.871	2.909
38517438.100	3374895.915	2.909
38517437.889	3374895.970	2.910
38517437.668	3374896.014	2.911
38517437.447	3374896.070	2.911
38517437.245	3374896.114	2.911
38517437.044	3374896.158	2.912
38517436.832	3374896.202	2.912
38517436.621	3374896.246	2.913
38517436.410	3374896.301	2.913
38517436.170	3374896.345	2.914
38517435.949	3374896.400	2.915
38517435.709	3374896.455	2.915
38517435.507	3374896.488	2.916
38517435.286	3374896.543	2.916
38517435.065	3374896.587	2.916
38517434.864	3374896.631	2.917
38517434.662	3374896.675	2.917
38517434.441	3374896.719	2.917
38517434.239	3374896.763	2.917
38517434.038	3374896.807	2.916
38517433.836	3374896.851	2.916
38517433.596	3374896.906	2.916
38517433.394	3374896.950	2.915
38517433.183	3374896.994	2.915
38517432.981	3374897.038	2.914
38517432.770	3374897.082	2.913
38517432.559	3374897.126	2.913
38517432.347	3374897.170	2.911
38517432.136	3374897.214	2.909
38517431.877	3374897.280	2.907
38517431.656	3374897.324	2.905
38517431.416	3374897.379	2.903
38517431.205	3374897.423	2.900
38517430.984	3374897.478	2.897
38517430.772	3374897.533	2.894
38517430.552	3374897.588	2.892
38517430.331	3374897.632	2.889
38517430.119	3374897.687	2.887
38517429.918	3374897.743	2.884
38517429.697	3374897.798	2.881
38517429.476	3374897.853	2.878
38517429.255	3374897.908	2.875
38517429.053	3374897.963	2.873
38517428.804	3374898.029	2.870
38517428.573	3374898.084	2.867
38517428.352	3374898.150	2.865
38517428.150	3374898.205	2.862
38517427.949	3374898.260	2.859
38517427.747	3374898.316	2.857
38517427.516	3374898.382	2.855
38517427.315	3374898.437	2.853
38517427.103	3374898.492	2.851
38517426.902	3374898.547	2.850
38517426.700	3374898.613	2.848
38517426.489	3374898.668	2.846
38517426.277	3374898.734	2.844
38517426.076	3374898.790	2.842
38517425.864	3374898.856	2.841
38517425.653	3374898.911	2.839
38517425.442	3374898.977	2.839
38517425.230	3374899.043	2.838
38517425.019	3374899.109	2.838
38517424.808	3374899.176	2.837
38517424.568	3374899.253	2.837
38517424.347	3374899.319	2.838
38517424.135	3374899.385	2.838
38517423.924	3374899.440	2.838
38517423.732	3374899.506	2.839
38517423.521	3374899.573	2.839
38517423.309	3374899.628	2.840
38517423.098	3374899.694	2.841
38517422.877	3374899.760	2.842
38517422.637	3374899.826	2.843
38517422.426	3374899.892	2.844
38517422.214	3374899.958	2.845
38517422.003	3374900.014	2.846
38517421.792	3374900.080	2.847
38517421.581	3374900.135	2.849
38517421.369	3374900.201	2.851
38517421.168	3374900.256	2.853
38517420.956	3374900.322	2.854
38517420.745	3374900.377	2.856
38517420.543	3374900.432	2.859
38517420.332	3374900.499	2.861
38517420.121	3374900.554	2.863
38517419.919	3374900.609	2.865
38517419.708	3374900.664	2.867
38517419.506	3374900.719	2.869
38517419.275	3374900.785	2.872
38517419.035	3374900.851	2.874
38517418.834	3374900.906	2.876
38517418.622	3374900.962	2.878
38517418.421	3374901.017	2.879
38517418.180	3374901.072	2.880
38517417.969	3374901.127	2.882
38517417.767	3374901.182	2.883
38517417.556	3374901.237	2.883
38517417.335	3374901.292	2.885
38517417.124	3374901.347	2.886
38517416.913	3374901.391	2.887
38517416.701	3374901.446	2.887
38517416.480	3374901.501	2.889
38517416.260	3374901.556	2.889
38517416.048	3374901.611	2.890
38517415.789	3374901.678	2.891
38517415.539	3374901.744	2.891
38517415.318	3374901.799	2.891
38517415.059	3374901.854	2.891
38517414.838	3374901.920	2.891
38517414.608	3374901.975	2.891
38517414.387	3374902.030	2.891
38517414.127	3374902.096	2.891
38517413.868	3374902.151	2.891
38517413.638	3374902.206	2.890
38517413.436	3374902.261	2.889
38517413.215	3374902.316	2.888
38517413.013	3374902.372	2.887
38517412.783	3374902.427	2.886
38517412.552	3374902.482	2.885
38517412.351	3374902.537	2.884
38517412.120	3374902.592	2.884
38517411.918	3374902.647	2.882
38517411.717	3374902.702	2.881
38517411.477	3374902.757	2.880
38517411.275	3374902.812	2.879
38517411.073	3374902.867	2.878
38517410.871	3374902.922	2.876
38517410.631	3374902.977	2.876
38517410.430	3374903.033	2.874
38517410.228	3374903.088	2.873
38517410.017	3374903.143	2.871
38517409.815	3374903.198	2.870
38517409.565	3374903.264	2.869
38517409.364	3374903.319	2.868
38517409.152	3374903.374	2.867
38517408.941	3374903.429	2.865
38517408.730	3374903.484	2.864
38517408.518	3374903.539	2.863
38517408.307	3374903.606	2.862
38517408.096	3374903.661	2.861
38517407.884	3374903.716	2.860
38517407.673	3374903.782	2.858
38517407.462	3374903.837	2.857
38517407.222	3374903.903	2.856
38517407.001	3374903.969	2.854
38517406.789	3374904.024	2.853
38517406.578	3374904.091	2.852
38517406.367	3374904.146	2.851
38517406.156	3374904.212	2.849
38517405.935	3374904.267	2.848
38517405.723	3374904.333	2.847
38517405.502	3374904.399	2.846
38517405.291	3374904.454	2.845
38517405.070	3374904.521	2.844
38517404.859	3374904.587	2.843
38517404.638	3374904.653	2.843
38517404.388	3374904.719	2.842
38517404.167	3374904.785	2.842
38517403.946	3374904.851	2.842
38517403.697	3374904.929	2.842
38517403.476	3374904.995	2.842
38517403.255	3374905.061	2.842
38517403.005	3374905.138	2.843
38517402.746	3374905.215	2.844
38517402.525	3374905.281	2.845
38517402.265	3374905.359	2.846
38517402.045	3374905.425	2.847
38517401.824	3374905.491	2.848
38517401.593	3374905.557	2.849
38517401.372	3374905.623	2.851
38517401.151	3374905.678	2.852
38517400.882	3374905.756	2.853
38517400.661	3374905.822	2.855
38517400.431	3374905.888	2.856
38517400.210	3374905.954	2.858
38517399.980	3374906.020	2.859
38517399.749	3374906.086	2.861
38517399.528	3374906.152	2.862
38517399.259	3374906.219	2.865
38517398.990	3374906.296	2.867
38517398.760	3374906.362	2.869
38517398.491	3374906.428	2.870
38517398.260	3374906.494	2.872
38517398.030	3374906.549	2.872
38517397.799	3374906.615	2.873
38517397.569	3374906.681	2.873
38517397.329	3374906.736	2.873
38517397.060	3374906.814	2.874
38517396.829	3374906.869	2.874
38517396.589	3374906.935	2.874
38517396.359	3374906.990	2.874
38517396.128	3374907.056	2.874
38517395.926	3374907.111	2.874
38517395.696	3374907.166	2.875
38517395.465	3374907.232	2.874
38517395.264	3374907.287	2.874
38517395.033	3374907.343	2.874
38517394.793	3374907.409	2.874
38517394.562	3374907.475	2.874
38517394.361	3374907.519	2.874
38517394.130	3374907.585	2.873
38517393.929	3374907.640	2.873
38517393.698	3374907.695	2.873
38517393.496	3374907.750	2.873
38517393.256	3374907.816	2.872
38517393.026	3374907.883	2.872
38517392.824	3374907.938	2.871
38517392.622	3374907.982	2.871
38517392.392	3374908.048	2.870
38517392.190	3374908.103	2.869
38517391.988	3374908.158	2.868
38517391.748	3374908.224	2.868
38517391.518	3374908.290	2.868
38517391.316	3374908.334	2.867
38517391.114	3374908.389	2.867
38517390.913	3374908.445	2.866
38517390.711	3374908.500	2.865
38517390.509	3374908.555	2.865
38517390.308	3374908.610	2.864
38517390.068	3374908.676	2.863
38517389.789	3374908.753	2.863
38517389.587	3374908.808	2.862
38517389.386	3374908.863	2.862
38517389.145	3374908.929	2.861
38517388.905	3374908.996	2.860
38517388.704	3374909.051	2.860
38517388.464	3374909.117	2.859
38517388.223	3374909.183	2.859
38517387.983	3374909.249	2.858
38517387.782	3374909.304	2.859
38517387.541	3374909.370	2.859
38517387.349	3374909.437	2.859
38517387.148	3374909.492	2.860
38517386.946	3374909.547	2.860
38517386.706	3374909.613	2.860
38517386.504	3374909.668	2.861
38517386.302	3374909.723	2.861
38517386.101	3374909.789	2.861
38517385.899	3374909.844	2.861
38517385.697	3374909.900	2.862
38517385.496	3374909.955	2.862
38517385.294	3374910.010	2.863
38517385.092	3374910.065	2.864
38517384.891	3374910.120	2.864
38517384.689	3374910.175	2.864
38517384.449	3374910.241	2.864
38517384.209	3374910.318	2.865
38517384.007	3374910.374	2.866
38517383.805	3374910.429	2.866
38517383.594	3374910.484	2.867
38517383.392	3374910.539	2.867
38517383.152	3374910.605	2.867
38517382.950	3374910.660	2.868
38517382.749	3374910.715	2.868
38517382.537	3374910.759	2.869
38517382.336	3374910.814	2.870
38517382.134	3374910.869	2.870
38517381.932	3374910.924	2.871
38517381.721	3374910.980	2.871
38517381.519	3374911.035	2.871
38517381.318	3374911.090	2.871
38517381.068	3374911.156	2.871
38517380.866	3374911.211	2.871
38517380.664	3374911.266	2.871
38517380.453	3374911.321	2.871
38517380.251	3374911.376	2.872
38517380.050	3374911.420	2.872
38517379.838	3374911.475	2.872
38517379.637	3374911.531	2.872
38517379.435	3374911.586	2.872
38517379.224	3374911.641	2.872
38517379.022	3374911.696	2.872
38517378.820	3374911.751	2.872
38517378.609	3374911.806	2.872
38517378.407	3374911.861	2.872
38517378.196	3374911.916	2.872
38517377.994	3374911.971	2.873
38517377.793	3374912.026	2.873
38517377.581	3374912.082	2.873
38517377.380	3374912.137	2.873
38517377.130	3374912.203	2.873
38517376.919	3374912.258	2.873
38517376.717	3374912.313	2.873
38517376.467	3374912.368	2.872
38517376.266	3374912.423	2.872
38517376.016	3374912.489	2.872
38517375.766	3374912.555	2.873
38517375.564	3374912.610	2.873
38517375.353	3374912.666	2.872
38517375.142	3374912.721	2.872
38517374.940	3374912.776	2.872
38517374.729	3374912.831	2.872
38517374.527	3374912.886	2.872
38517374.316	3374912.941	2.872
38517374.114	3374912.996	2.872
38517373.903	3374913.051	2.872
38517373.701	3374913.106	2.871
38517373.490	3374913.161	2.871
38517373.240	3374913.228	2.871
38517373.038	3374913.283	2.871
38517372.827	3374913.338	2.871
38517372.625	3374913.393	2.871
38517372.414	3374913.448	2.870
38517372.212	3374913.503	2.870
38517371.963	3374913.569	2.870
38517371.751	3374913.635	2.870
38517371.550	3374913.690	2.871
38517371.338	3374913.746	2.870
38517371.137	3374913.801	2.870
38517370.925	3374913.856	2.870
38517370.714	3374913.911	2.870
38517370.512	3374913.966	2.871
38517370.301	3374914.021	2.871
38517370.099	3374914.076	2.871
38517369.888	3374914.131	2.871
38517369.677	3374914.186	2.871
38517369.475	3374914.230	2.871
38517369.264	3374914.285	2.871
38517369.053	3374914.341	2.872
38517368.851	3374914.396	2.872
38517368.640	3374914.451	2.872
38517368.438	3374914.506	2.872
38517368.227	3374914.561	2.872
38517367.977	3374914.627	2.872
38517367.727	3374914.693	2.873
38517367.516	3374914.748	2.873
38517367.276	3374914.814	2.874
38517367.064	3374914.870	2.874
38517366.853	3374914.925	2.874
38517366.651	3374914.980	2.875
38517366.440	3374915.035	2.875
38517366.229	3374915.090	2.875
38517366.027	3374915.145	2.876
38517365.816	3374915.200	2.876
38517365.566	3374915.266	2.877
38517365.355	3374915.321	2.877
38517365.153	3374915.376	2.878
38517364.942	3374915.431	2.878
38517364.730	3374915.487	2.879
38517364.529	3374915.531	2.879
38517364.317	3374915.586	2.880
38517364.068	3374915.652	2.880
38517363.856	3374915.707	2.881
38517363.655	3374915.762	2.882
38517363.443	3374915.817	2.882
38517363.232	3374915.861	2.883
38517363.021	3374915.916	2.884
38517362.819	3374915.971	2.884
38517362.608	3374916.026	2.885
38517362.406	3374916.082	2.885
38517362.195	3374916.126	2.885
38517361.984	3374916.181	2.885
38517361.782	3374916.236	2.886
38517361.532	3374916.302	2.886
38517361.321	3374916.346	2.887
38517361.110	3374916.401	2.887
38517360.908	3374916.456	2.887
38517360.658	3374916.522	2.888
38517360.447	3374916.566	2.888
38517360.236	3374916.621	2.888
38517360.034	3374916.676	2.888
38517359.823	3374916.731	2.889
38517359.611	3374916.775	2.889
38517359.362	3374916.842	2.890
38517359.160	3374916.897	2.890
38517358.949	3374916.941	2.890
38517358.737	3374916.996	2.890
38517358.526	3374917.051	2.890
38517358.324	3374917.095	2.890
38517358.113	3374917.150	2.890
38517357.902	3374917.205	2.890
38517357.690	3374917.249	2.890
38517357.489	3374917.304	2.890
38517357.277	3374917.359	2.890
38517357.066	3374917.403	2.890
38517356.855	3374917.458	2.890
38517356.653	3374917.514	2.890
38517356.442	3374917.558	2.890
38517356.231	3374917.613	2.890
38517356.029	3374917.657	2.890
38517355.818	3374917.712	2.890
38517355.606	3374917.767	2.890
38517355.395	3374917.811	2.890
38517355.193	3374917.866	2.890
38517354.982	3374917.921	2.890
38517354.780	3374917.965	2.889
38517354.569	3374918.020	2.889
38517354.358	3374918.075	2.889
38517354.156	3374918.119	2.889
38517353.906	3374918.185	2.889
38517353.705	3374918.240	2.890
38517353.493	3374918.284	2.890
38517353.292	3374918.340	2.890
38517353.080	3374918.395	2.889
38517352.879	3374918.439	2.889
38517352.677	3374918.494	2.889
38517352.427	3374918.549	2.889
38517352.216	3374918.604	2.889
38517352.014	3374918.659	2.889
38517351.765	3374918.714	2.889
38517351.563	3374918.769	2.889
38517351.361	3374918.813	2.889
38517351.150	3374918.868	2.889
38517350.948	3374918.923	2.889
38517350.747	3374918.967	2.889
38517350.535	3374919.023	2.889
38517350.286	3374919.089	2.889
38517350.045	3374919.144	2.889
38517349.834	3374919.199	2.889
38517349.594	3374919.254	2.889
38517349.392	3374919.309	2.888
38517349.181	3374919.353	2.888
38517348.979	3374919.408	2.887
38517348.778	3374919.463	2.887
38517348.566	3374919.507	2.886
38517348.365	3374919.562	2.885
38517348.163	3374919.617	2.885
38517347.961	3374919.661	2.885
38517347.760	3374919.716	2.884
38517347.548	3374919.772	2.883
38517347.308	3374919.827	2.883
38517347.106	3374919.882	2.882
38517346.905	3374919.926	2.881
38517346.694	3374919.981	2.880
38517346.492	3374920.036	2.879
38517346.290	3374920.091	2.878
38517346.088	3374920.135	2.877
38517345.848	3374920.201	2.876
38517345.637	3374920.256	2.875
38517345.435	3374920.300	2.874
38517345.234	3374920.355	2.873
38517345.032	3374920.411	2.872
38517344.830	3374920.466	2.872
38517344.629	3374920.521	2.871
38517344.427	3374920.565	2.869
38517344.225	3374920.620	2.868
38517344.023	3374920.675	2.867
38517343.822	3374920.730	2.866
38517343.620	3374920.785	2.865
38517343.418	3374920.840	2.864
38517343.217	3374920.895	2.863
38517342.967	3374920.962	2.862
38517342.727	3374921.028	2.861
38517342.487	3374921.094	2.860
38517342.247	3374921.160	2.859
38517342.045	3374921.215	2.858
38517341.843	3374921.270	2.857
38517341.641	3374921.325	2.856
38517341.430	3374921.391	2.855
38517341.228	3374921.447	2.854
38517341.027	3374921.502	2.853
38517340.787	3374921.568	2.852
38517340.537	3374921.645	2.851
38517340.335	3374921.700	2.850
38517340.134	3374921.755	2.848
38517339.932	3374921.821	2.848
38517339.682	3374921.888	2.847
38517339.480	3374921.943	2.847
38517339.279	3374922.009	2.847
38517339.077	3374922.064	2.847
38517338.866	3374922.130	2.847
38517338.664	3374922.185	2.847
38517338.462	3374922.251	2.847
38517338.213	3374922.318	2.847
38517338.011	3374922.384	2.847
38517337.800	3374922.439	2.847
38517337.598	3374922.505	2.847
38517337.348	3374922.571	2.847
38517337.137	3374922.637	2.848
38517336.935	3374922.692	2.848
38517336.685	3374922.770	2.848
38517336.474	3374922.836	2.848
38517336.272	3374922.891	2.849
38517336.061	3374922.957	2.849
38517335.859	3374923.012	2.849
38517335.610	3374923.089	2.849
38517335.398	3374923.145	2.849
38517335.187	3374923.211	2.849
38517334.937	3374923.288	2.850
38517334.687	3374923.354	2.850
38517334.438	3374923.431	2.851
38517334.226	3374923.497	2.851
38517334.015	3374923.552	2.851
38517333.804	3374923.619	2.851
38517333.593	3374923.674	2.852
38517333.381	3374923.740	2.852
38517333.170	3374923.795	2.852
38517332.920	3374923.872	2.852
38517332.661	3374923.938	2.853
38517332.450	3374924.005	2.853
38517332.200	3374924.071	2.853
38517331.979	3374924.137	2.853
38517331.768	3374924.192	2.853
38517331.556	3374924.258	2.853
38517331.345	3374924.313	2.854
38517331.134	3374924.379	2.854
38517330.913	3374924.445	2.854
38517330.701	3374924.501	2.854
38517330.490	3374924.567	2.854
38517330.269	3374924.622	2.854
38517330.058	3374924.688	2.854
38517329.847	3374924.743	2.854
38517329.626	3374924.809	2.855
38517329.414	3374924.864	2.855
38517329.155	3374924.942	2.854
38517328.934	3374925.008	2.854
38517328.723	3374925.063	2.855
38517328.502	3374925.129	2.855
38517328.281	3374925.184	2.855
38517328.070	3374925.250	2.855
38517327.849	3374925.305	2.854
38517327.589	3374925.383	2.854
38517327.369	3374925.449	2.855
38517327.148	3374925.504	2.855
38517326.936	3374925.570	2.855
38517326.715	3374925.625	2.855
38517326.495	3374925.691	2.855
38517326.274	3374925.757	2.855
38517326.053	3374925.812	2.855
38517325.841	3374925.879	2.855
38517325.620	3374925.945	2.855
38517325.400	3374926.000	2.855
38517325.179	3374926.066	2.856
38517324.958	3374926.132	2.856
38517324.737	3374926.187	2.856
38517324.516	3374926.253	2.856
38517324.295	3374926.320	2.856
38517324.074	3374926.386	2.856
38517323.853	3374926.441	2.856
38517323.632	3374926.507	2.856
38517323.411	3374926.573	2.856
38517323.190	3374926.628	2.856
38517322.922	3374926.705	2.856
38517322.653	3374926.783	2.857
38517322.432	3374926.849	2.857
38517322.211	3374926.915	2.858
38517321.990	3374926.970	2.858
38517321.721	3374927.047	2.858
38517321.490	3374927.113	2.858
38517321.269	3374927.179	2.858
38517321.049	3374927.235	2.859
38517320.818	3374927.301	2.859
38517320.597	3374927.367	2.859
38517320.367	3374927.422	2.859
38517320.146	3374927.488	2.860
38517319.915	3374927.554	2.860
38517319.694	3374927.609	2.861
38517319.464	3374927.675	2.861
38517319.243	3374927.742	2.861
38517319.012	3374927.808	2.862
38517318.791	3374927.863	2.863
38517318.561	3374927.929	2.863
38517318.340	3374927.995	2.864
38517318.110	3374928.050	2.864
38517317.841	3374928.127	2.865
38517317.610	3374928.194	2.866
38517317.380	3374928.249	2.867
38517317.159	3374928.315	2.867
38517316.928	3374928.381	2.868
38517316.698	3374928.436	2.868
38517316.467	3374928.502	2.869
38517316.198	3374928.579	2.870
38517315.968	3374928.634	2.871
38517315.737	3374928.700	2.872
38517315.507	3374928.756	2.873
38517315.276	3374928.822	2.873
38517315.046	3374928.877	2.874
38517314.777	3374928.954	2.875
38517314.498	3374929.031	2.876
38517314.268	3374929.086	2.877
38517313.989	3374929.163	2.877
38517313.759	3374929.218	2.878
38517313.528	3374929.285	2.879
38517313.298	3374929.340	2.879
38517313.067	3374929.395	2.880
38517312.837	3374929.461	2.881
38517312.606	3374929.516	2.881
38517312.376	3374929.582	2.881
38517312.145	3374929.637	2.882
38517311.905	3374929.692	2.882
38517311.674	3374929.758	2.883
38517311.444	3374929.813	2.883
38517311.213	3374929.879	2.884
38517310.983	3374929.935	2.884
38517310.743	3374929.990	2.885
38517310.512	3374930.056	2.885
38517310.282	3374930.111	2.886
38517310.042	3374930.166	2.886
38517309.811	3374930.232	2.886
38517309.533	3374930.298	2.886
38517309.302	3374930.353	2.887
38517309.014	3374930.430	2.887
38517308.784	3374930.485	2.887
38517308.543	3374930.540	2.888
38517308.313	3374930.607	2.889
38517308.082	3374930.662	2.889
38517307.842	3374930.717	2.889
38517307.612	3374930.783	2.890
38517307.372	3374930.838	2.891
38517307.141	3374930.893	2.892
38517306.901	3374930.948	2.892
38517306.671	3374931.014	2.893
38517306.430	3374931.069	2.893
38517306.200	3374931.124	2.893
38517305.912	3374931.190	2.893
38517305.681	3374931.245	2.892
38517305.441	3374931.311	2.892
38517305.201	3374931.367	2.891
38517304.971	3374931.422	2.890
38517304.731	3374931.477	2.889
38517304.500	3374931.543	2.888
38517304.260	3374931.598	2.887
38517304.020	3374931.653	2.886
38517303.789	3374931.719	2.885
38517303.501	3374931.785	2.884
38517303.271	3374931.840	2.882
38517303.031	3374931.906	2.881
38517302.790	3374931.961	2.880
38517302.560	3374932.027	2.879
38517302.272	3374932.105	2.878
38517302.032	3374932.160	2.876
38517301.801	3374932.226	2.874
38517301.561	3374932.281	2.874
38517301.321	3374932.347	2.872
38517301.090	3374932.413	2.871
38517300.850	3374932.479	2.870
38517300.610	3374932.534	2.868
38517300.380	3374932.600	2.867
38517300.140	3374932.667	2.865
38517299.900	3374932.733	2.864
38517299.669	3374932.799	2.862
38517299.429	3374932.865	2.861
38517299.189	3374932.931	2.859
38517298.949	3374932.997	2.858
38517298.718	3374933.063	2.857
38517298.478	3374933.130	2.856
38517298.238	3374933.196	2.854
38517298.007	3374933.262	2.852
38517297.767	3374933.328	2.850
38517297.527	3374933.394	2.849
38517297.297	3374933.460	2.848
38517297.056	3374933.537	2.846
38517296.768	3374933.615	2.845
38517296.538	3374933.692	2.843
38517296.298	3374933.758	2.842
38517296.067	3374933.824	2.841
38517295.875	3374933.890	2.840
38517295.635	3374933.956	2.840
38517295.395	3374934.034	2.840
38517295.164	3374934.100	2.840
38517294.876	3374934.188	2.840
38517294.646	3374934.254	2.840
38517294.453	3374934.320	2.840
38517294.213	3374934.387	2.840
38517293.973	3374934.453	2.841
38517293.781	3374934.519	2.841
38517293.551	3374934.585	2.842
38517293.311	3374934.651	2.843
38517293.118	3374934.717	2.843
38517292.830	3374934.795	2.845
38517292.590	3374934.872	2.846
38517292.350	3374934.938	2.847
38517292.110	3374935.015	2.848
38517291.870	3374935.081	2.848
38517291.630	3374935.147	2.849
38517291.438	3374935.214	2.850
38517291.197	3374935.280	2.852
38517290.957	3374935.346	2.853
38517290.717	3374935.423	2.856
38517290.477	3374935.489	2.856
38517290.237	3374935.555	2.858
38517289.901	3374935.655	2.860
38517289.661	3374935.721	2.861
38517289.420	3374935.787	2.863
38517289.219	3374935.842	2.864
38517288.979	3374935.919	2.866
38517288.739	3374935.985	2.868
38517288.450	3374936.062	2.870
38517288.162	3374936.140	2.872
38517287.922	3374936.206	2.874
38517287.672	3374936.272	2.875
38517287.432	3374936.327	2.877
38517287.192	3374936.393	2.879
38517286.952	3374936.459	2.880
38517286.712	3374936.525	2.881
38517286.462	3374936.580	2.881
38517286.222	3374936.646	2.882
38517285.934	3374936.713	2.882
38517285.732	3374936.768	2.883
38517285.492	3374936.834	2.884
38517285.252	3374936.889	2.884
38517285.050	3374936.944	2.885
38517284.810	3374936.999	2.886
38517284.522	3374937.076	2.887
38517284.320	3374937.131	2.887
38517284.080	3374937.186	2.886
38517283.783	3374937.263	2.886
38517283.543	3374937.318	2.886
38517283.302	3374937.385	2.887
38517283.101	3374937.429	2.887
38517282.861	3374937.495	2.887
38517282.659	3374937.539	2.887
38517282.419	3374937.605	2.887
38517282.121	3374937.682	2.886
38517281.881	3374937.737	2.885
38517281.535	3374937.825	2.884
38517281.295	3374937.880	2.883
38517281.093	3374937.935	2.882
38517280.853	3374938.002	2.882
38517280.613	3374938.057	2.881
38517280.412	3374938.112	2.880
38517280.171	3374938.178	2.880
38517279.970	3374938.222	2.878
38517279.730	3374938.288	2.877
38517279.528	3374938.332	2.877
38517279.240	3374938.409	2.876
38517279.038	3374938.464	2.875
38517278.798	3374938.530	2.874
38517278.596	3374938.585	2.874
38517278.356	3374938.641	2.873
38517278.154	3374938.696	2.872
38517277.866	3374938.773	2.871
38517277.665	3374938.828	2.870
38517277.425	3374938.894	2.869
38517277.223	3374938.949	2.868
38517276.935	3374939.026	2.867
38517276.733	3374939.081	2.867
38517276.493	3374939.148	2.866
38517276.243	3374939.214	2.865
38517276.003	3374939.280	2.864
38517275.801	3374939.335	2.863
38517275.513	3374939.412	2.862
38517275.312	3374939.467	2.861
38517275.014	3374939.544	2.861
38517274.774	3374939.610	2.861
38517274.572	3374939.677	2.861
38517274.284	3374939.754	2.861
38517274.082	3374939.809	2.860
38517273.842	3374939.875	2.860
38517273.640	3374939.930	2.860
38517273.391	3374939.996	2.860
38517273.150	3374940.073	2.861
38517272.949	3374940.129	2.861
38517272.661	3374940.206	2.861
38517272.459	3374940.261	2.862
38517272.219	3374940.338	2.862
38517272.017	3374940.393	2.862
38517271.719	3374940.470	2.862
38517271.479	3374940.536	2.863
38517271.278	3374940.592	2.863
38517271.037	3374940.658	2.863
38517270.788	3374940.735	2.864
38517270.586	3374940.790	2.864
38517270.346	3374940.856	2.864
38517270.048	3374940.933	2.864
38517269.798	3374941.010	2.864
38517269.510	3374941.088	2.865
38517269.309	3374941.143	2.865
38517269.059	3374941.209	2.865
38517268.819	3374941.275	2.866
38517268.617	3374941.330	2.866
38517268.377	3374941.396	2.866
38517268.127	3374941.462	2.867
38517267.877	3374941.528	2.867
38517267.580	3374941.617	2.867
38517267.340	3374941.683	2.868
38517267.138	3374941.738	2.868
38517266.898	3374941.804	2.868
38517266.696	3374941.848	2.869
38517266.446	3374941.914	2.869
38517266.158	3374942.002	2.869
38517265.957	3374942.046	2.869
38517265.707	3374942.113	2.870
38517265.419	3374942.201	2.870
38517265.217	3374942.245	2.871
38517264.977	3374942.311	2.871
38517264.775	3374942.366	2.871
38517264.525	3374942.432	2.872
38517264.285	3374942.498	2.872
38517264.084	3374942.553	2.872
38517263.795	3374942.631	2.873
38517263.594	3374942.686	2.873
38517263.344	3374942.752	2.874
38517263.104	3374942.818	2.874
38517262.854	3374942.884	2.874
38517262.614	3374942.939	2.875
38517262.412	3374942.994	2.875
38517262.172	3374943.060	2.875
38517261.923	3374943.126	2.876
38517261.682	3374943.193	2.876
38517261.481	3374943.237	2.876
38517261.241	3374943.303	2.877
38517261.039	3374943.358	2.877
38517260.799	3374943.413	2.878
38517260.597	3374943.468	2.878
38517260.309	3374943.545	2.878
38517260.107	3374943.600	2.879
38517259.867	3374943.655	2.879
38517259.666	3374943.710	2.879
38517259.425	3374943.777	2.879
38517259.224	3374943.821	2.879
38517258.974	3374943.887	2.880
38517258.686	3374943.964	2.880
38517258.436	3374944.030	2.880
38517258.148	3374944.107	2.880
38517257.946	3374944.151	2.881
38517257.706	3374944.217	2.881
38517257.505	3374944.272	2.881
38517257.264	3374944.327	2.881
38517257.063	3374944.382	2.882
38517256.813	3374944.449	2.882
38517256.573	3374944.504	2.882
38517256.323	3374944.570	2.882
38517256.083	3374944.636	2.882
38517255.881	3374944.680	2.882
38517255.593	3374944.757	2.882
38517255.392	3374944.812	2.882
38517255.142	3374944.867	2.883
38517254.902	3374944.933	2.883
38517254.652	3374944.999	2.883
38517254.354	3374945.077	2.883
38517254.114	3374945.132	2.883
38517253.913	3374945.187	2.883
38517253.615	3374945.264	2.883
38517253.375	3374945.330	2.883
38517253.173	3374945.374	2.883
38517252.923	3374945.440	2.883
38517252.683	3374945.495	2.883
38517252.481	3374945.550	2.883
38517252.241	3374945.616	2.884
38517251.992	3374945.683	2.884
38517251.790	3374945.727	2.884
38517251.550	3374945.793	2.884
38517251.348	3374945.837	2.883
38517251.146	3374945.892	2.883
38517250.906	3374945.958	2.883
38517250.657	3374946.013	2.883
38517250.407	3374946.079	2.883
38517250.205	3374946.134	2.883
38517249.965	3374946.189	2.883
38517249.715	3374946.255	2.882
38517249.466	3374946.322	2.882
38517249.264	3374946.377	2.882
38517249.062	3374946.421	2.881
38517248.813	3374946.487	2.881
38517248.563	3374946.553	2.881
38517248.323	3374946.619	2.880
38517248.121	3374946.663	2.879
38517247.919	3374946.718	2.879
38517247.718	3374946.773	2.878
38517247.420	3374946.850	2.877
38517247.218	3374946.894	2.877
38517246.969	3374946.961	2.876
38517246.671	3374947.038	2.875
38517246.421	3374947.104	2.874
38517246.171	3374947.170	2.874
38517245.922	3374947.236	2.873
38517245.672	3374947.302	2.872
38517245.432	3374947.368	2.871
38517245.230	3374947.423	2.871
38517244.980	3374947.490	2.871
38517244.731	3374947.556	2.869
38517244.529	3374947.611	2.869
38517244.327	3374947.666	2.868
38517244.126	3374947.721	2.868
38517243.924	3374947.776	2.867
38517243.674	3374947.842	2.867
38517243.424	3374947.908	2.866
38517243.223	3374947.963	2.866
38517243.021	3374948.019	2.866
38517242.819	3374948.074	2.866
38517242.570	3374948.140	2.866
38517242.368	3374948.195	2.866
38517242.166	3374948.250	2.865
38517241.965	3374948.305	2.865
38517241.715	3374948.382	2.865
38517241.513	3374948.437	2.865
38517241.311	3374948.493	2.865
38517241.110	3374948.548	2.865
38517240.908	3374948.603	2.865
38517240.658	3374948.669	2.865
38517240.457	3374948.724	2.865
38517240.255	3374948.779	2.866
38517240.053	3374948.834	2.866
38517239.852	3374948.889	2.867
38517239.650	3374948.944	2.867
38517239.448	3374949.000	2.867
38517239.246	3374949.055	2.867
38517238.987	3374949.132	2.867
38517238.785	3374949.187	2.868
38517238.584	3374949.242	2.868
38517238.382	3374949.297	2.868
38517238.180	3374949.352	2.868
38517237.979	3374949.407	2.869
38517237.767	3374949.463	2.869
38517237.566	3374949.518	2.869
38517237.364	3374949.573	2.870
38517237.162	3374949.628	2.870
38517236.961	3374949.683	2.870
38517236.759	3374949.738	2.871
38517236.548	3374949.793	2.871
38517236.346	3374949.848	2.872
38517236.144	3374949.903	2.872
38517235.942	3374949.958	2.872
38517235.731	3374950.014	2.872
38517235.481	3374950.080	2.873
38517235.280	3374950.135	2.873
38517235.068	3374950.190	2.874
38517234.867	3374950.245	2.874
38517234.617	3374950.311	2.875
38517234.406	3374950.366	2.875
38517234.204	3374950.421	2.875
38517234.002	3374950.476	2.875
38517233.801	3374950.532	2.876
38517233.589	3374950.576	2.876
38517233.388	3374950.631	2.876
38517233.186	3374950.686	2.877
38517232.927	3374950.752	2.877
38517232.725	3374950.807	2.878
38517232.514	3374950.862	2.878
38517232.312	3374950.917	2.879
38517232.110	3374950.972	2.879
38517231.899	3374951.027	2.879
38517231.697	3374951.071	2.880
38517231.496	3374951.127	2.880
38517231.236	3374951.193	2.880
38517231.035	3374951.248	2.881
38517230.823	3374951.303	2.881
38517230.622	3374951.358	2.881
38517230.420	3374951.402	2.881
38517230.209	3374951.457	2.882
38517230.007	3374951.512	2.882
38517229.796	3374951.567	2.882
38517229.594	3374951.622	2.882
38517229.392	3374951.666	2.883
38517229.181	3374951.722	2.883
38517228.979	3374951.777	2.883
38517228.720	3374951.843	2.884
38517228.509	3374951.898	2.884
38517228.307	3374951.942	2.885
38517228.105	3374951.997	2.885
38517227.894	3374952.052	2.885
38517227.692	3374952.107	2.885
38517227.481	3374952.151	2.885
38517227.231	3374952.217	2.886
38517227.020	3374952.272	2.886
38517226.818	3374952.327	2.886
38517226.607	3374952.372	2.886
38517226.348	3374952.438	2.886
38517226.146	3374952.493	2.886
38517225.935	3374952.548	2.886
38517225.733	3374952.592	2.886
38517225.522	3374952.647	2.886
38517225.320	3374952.702	2.885
38517225.118	3374952.757	2.885
38517224.907	3374952.801	2.885
38517224.705	3374952.856	2.884
38517224.494	3374952.911	2.884
38517224.292	3374952.955	2.884
38517224.081	3374953.010	2.883
38517223.879	3374953.066	2.883
38517223.668	3374953.121	2.883
38517223.466	3374953.176	2.882
38517223.255	3374953.220	2.882
38517223.053	3374953.275	2.882
38517222.842	3374953.330	2.882
38517222.631	3374953.385	2.881
38517222.371	3374953.451	2.881
38517222.170	3374953.495	2.880
38517221.910	3374953.561	2.880
38517221.699	3374953.616	2.880
38517221.497	3374953.672	2.880
38517221.238	3374953.738	2.879
38517221.027	3374953.793	2.879
38517220.825	3374953.837	2.879
38517220.614	3374953.892	2.878
38517220.412	3374953.947	2.878
38517220.201	3374954.002	2.878
38517219.990	3374954.057	2.878
38517219.788	3374954.112	2.878
38517219.529	3374954.178	2.877
38517219.317	3374954.233	2.877
38517219.058	3374954.300	2.877
38517218.856	3374954.355	2.876
38517218.645	3374954.410	2.876
38517218.443	3374954.465	2.876
38517218.232	3374954.509	2.876
38517218.021	3374954.564	2.876
38517217.819	3374954.619	2.875
38517217.608	3374954.674	2.875
38517217.348	3374954.740	2.875
38517217.147	3374954.795	2.875
38517216.935	3374954.851	2.875
38517216.734	3374954.906	2.875
38517216.522	3374954.961	2.875
38517216.321	3374955.016	2.875
38517216.061	3374955.082	2.875
38517215.850	3374955.137	2.875
38517215.591	3374955.203	2.876
38517215.389	3374955.258	2.876
38517215.130	3374955.324	2.876
38517214.870	3374955.390	2.876
38517214.659	3374955.446	2.876
38517214.457	3374955.501	2.876
38517214.246	3374955.556	2.877
38517214.044	3374955.611	2.877
38517213.833	3374955.655	2.877
38517213.574	3374955.732	2.878
38517213.372	3374955.776	2.878
38517213.161	3374955.831	2.878
38517212.959	3374955.886	2.879
38517212.748	3374955.941	2.879
38517212.498	3374956.008	2.880
38517212.287	3374956.063	2.880
38517212.027	3374956.129	2.881
38517211.826	3374956.184	2.881
38517211.614	3374956.239	2.881
38517211.413	3374956.294	2.881
38517211.211	3374956.338	2.882
38517211.000	3374956.393	2.882
38517210.798	3374956.448	2.882
38517210.587	3374956.503	2.882
38517210.385	3374956.547	2.882
38517210.126	3374956.613	2.883
38517209.924	3374956.669	2.883
38517209.713	3374956.724	2.883
38517209.511	3374956.779	2.883
38517209.300	3374956.823	2.883
38517209.098	3374956.878	2.884
38517208.887	3374956.933	2.884
38517208.685	3374956.988	2.884
38517208.426	3374957.054	2.885
38517208.224	3374957.098	2.885
38517208.013	3374957.153	2.885
38517207.763	3374957.219	2.885
38517207.552	3374957.275	2.886
38517207.350	3374957.319	2.886
38517207.139	3374957.374	2.886
38517206.889	3374957.440	2.886
38517206.678	3374957.495	2.886
38517206.476	3374957.539	2.887
38517206.265	3374957.594	2.887
38517206.063	3374957.649	2.887
38517205.861	3374957.693	2.887
38517205.650	3374957.748	2.887
38517205.391	3374957.814	2.887
38517205.189	3374957.858	2.887
38517204.987	3374957.913	2.887
38517204.728	3374957.980	2.887
38517204.517	3374958.024	2.887
38517204.315	3374958.079	2.887
38517204.113	3374958.134	2.887
38517203.902	3374958.178	2.888
38517203.701	3374958.233	2.888
38517203.489	3374958.288	2.888
38517203.288	3374958.332	2.888
38517203.028	3374958.398	2.888
38517202.827	3374958.453	2.888
38517202.615	3374958.497	2.887
38517202.414	3374958.552	2.887
38517202.212	3374958.596	2.887
38517202.001	3374958.652	2.887
38517201.799	3374958.707	2.887
38517201.597	3374958.751	2.887
38517201.386	3374958.806	2.887
38517201.184	3374958.861	2.887
38517200.983	3374958.905	2.886
38517200.771	3374958.960	2.886
38517200.570	3374959.015	2.886
38517200.368	3374959.059	2.886
38517200.157	3374959.114	2.886
38517199.955	3374959.158	2.886
38517199.753	3374959.213	2.885
38517199.551	3374959.268	2.885
38517199.340	3374959.312	2.885
38517199.138	3374959.368	2.885
38517198.937	3374959.423	2.885
38517198.735	3374959.467	2.884
38517198.524	3374959.522	2.884
38517198.322	3374959.577	2.883
38517198.120	3374959.621	2.883
38517197.919	3374959.676	2.883
38517197.717	3374959.731	2.882
38517197.515	3374959.775	2.882
38517197.314	3374959.830	2.882
38517197.112	3374959.885	2.882
38517196.910	3374959.929	2.882
38517196.709	3374959.985	2.881
38517196.507	3374960.040	2.881
38517196.305	3374960.084	2.880
38517196.104	3374960.139	2.880
38517195.902	3374960.194	2.879
38517195.700	3374960.238	2.879
38517195.498	3374960.293	2.878
38517195.297	3374960.348	2.878
38517195.095	3374960.392	2.877
38517194.893	3374960.447	2.876
38517194.644	3374960.513	2.875
38517194.442	3374960.569	2.875
38517194.144	3374960.646	2.874
38517193.894	3374960.712	2.874
38517193.693	3374960.767	2.873
38517193.443	3374960.833	2.872
38517193.193	3374960.899	2.872
38517192.944	3374960.965	2.871
38517192.694	3374961.031	2.871
38517192.444	3374961.097	2.870
38517192.146	3374961.186	2.869
38517191.945	3374961.241	2.869
38517191.705	3374961.307	2.868
38517191.503	3374961.362	2.868
38517191.301	3374961.417	2.867
38517191.100	3374961.472	2.867
38517190.850	3374961.538	2.865
38517190.552	3374961.616	2.864
38517190.302	3374961.693	2.864
38517190.062	3374961.759	2.863
38517189.861	3374961.814	2.863
38517189.659	3374961.869	2.862
38517189.409	3374961.935	2.862
38517189.159	3374962.001	2.861
38517188.967	3374962.068	2.860
38517188.766	3374962.123	2.859
38517188.564	3374962.178	2.859
38517188.314	3374962.244	2.858
38517188.074	3374962.310	2.857
38517187.872	3374962.365	2.856
38517187.671	3374962.431	2.855
38517187.421	3374962.497	2.855
38517187.133	3374962.586	2.854
38517186.931	3374962.641	2.854
38517186.729	3374962.696	2.853
38517186.489	3374962.762	2.852
38517186.288	3374962.817	2.852
38517186.086	3374962.883	2.851
38517185.846	3374962.949	2.850
38517185.644	3374963.005	2.850
38517185.394	3374963.082	2.849
38517185.154	3374963.148	2.848
38517184.953	3374963.203	2.848
38517184.712	3374963.280	2.847
38517184.511	3374963.335	2.846
38517184.309	3374963.390	2.845
38517184.069	3374963.468	2.845
38517183.867	3374963.523	2.844
38517183.627	3374963.589	2.843
38517183.425	3374963.655	2.842
38517183.185	3374963.721	2.841
38517182.983	3374963.787	2.841
38517182.734	3374963.854	2.840
38517182.542	3374963.920	2.839
38517182.292	3374963.986	2.839
38517182.100	3374964.052	2.838
38517181.898	3374964.107	2.837
38517181.648	3374964.184	2.837
38517181.408	3374964.262	2.836
38517181.207	3374964.317	2.835
38517181.014	3374964.383	2.835
38517180.813	3374964.438	2.834
38517180.611	3374964.504	2.833
38517180.371	3374964.582	2.832
38517180.169	3374964.637	2.831
38517179.919	3374964.714	2.831
38517179.727	3374964.780	2.829
38517179.526	3374964.835	2.828
38517179.334	3374964.901	2.828
38517179.132	3374964.957	2.828
38517178.930	3374965.023	2.827
38517178.690	3374965.100	2.827
38517178.488	3374965.166	2.826
38517178.287	3374965.232	2.826
38517178.046	3374965.310	2.825
38517177.845	3374965.365	2.825
38517177.643	3374965.431	2.824
38517177.451	3374965.497	2.823
38517177.249	3374965.563	2.823
38517176.999	3374965.640	2.822
38517176.798	3374965.707	2.822
38517176.606	3374965.773	2.822
38517176.404	3374965.839	2.821
38517176.202	3374965.894	2.821
38517176.010	3374965.960	2.821
38517175.808	3374966.027	2.821
38517175.559	3374966.104	2.822
38517175.357	3374966.170	2.823
38517175.165	3374966.236	2.823
38517174.963	3374966.302	2.824
38517174.713	3374966.380	2.825
38517174.512	3374966.446	2.826
38517174.310	3374966.512	2.827
38517174.118	3374966.578	2.828
38517173.916	3374966.633	2.830
38517173.714	3374966.700	2.831
38517173.513	3374966.766	2.832
38517173.311	3374966.832	2.834
38517173.109	3374966.887	2.835
38517172.917	3374966.953	2.837
38517172.715	3374967.008	2.838
38517172.514	3374967.075	2.839
38517172.312	3374967.130	2.840
38517172.110	3374967.196	2.841
38517171.909	3374967.251	2.842
38517171.707	3374967.317	2.844
38517171.505	3374967.372	2.845
38517171.256	3374967.450	2.847
38517171.054	3374967.505	2.848
38517170.852	3374967.571	2.850
38517170.650	3374967.626	2.852
38517170.449	3374967.681	2.854
38517170.199	3374967.758	2.856
38517169.997	3374967.813	2.857
38517169.796	3374967.880	2.859
38517169.594	3374967.935	2.860
38517169.392	3374967.990	2.862
38517169.181	3374968.045	2.863
38517168.979	3374968.100	2.865
38517168.777	3374968.155	2.867
38517168.528	3374968.232	2.868
38517168.326	3374968.287	2.871
38517168.115	3374968.343	2.872
38517167.913	3374968.398	2.873
38517167.663	3374968.464	2.874
38517167.452	3374968.519	2.875
38517167.250	3374968.574	2.875
38517167.049	3374968.629	2.876
38517166.847	3374968.673	2.877
38517166.645	3374968.728	2.878
38517166.434	3374968.783	2.878
38517166.232	3374968.838	2.879
38517166.031	3374968.894	2.879
38517165.829	3374968.949	2.879
38517165.570	3374969.015	2.880
38517165.368	3374969.059	2.880
38517165.157	3374969.114	2.880
38517164.955	3374969.169	2.880
38517164.753	3374969.224	2.880
38517164.542	3374969.279	2.881
38517164.340	3374969.334	2.882
38517164.139	3374969.378	2.882
38517163.879	3374969.444	2.882
38517163.678	3374969.500	2.882
38517163.418	3374969.566	2.882
38517163.168	3374969.632	2.881
38517162.957	3374969.687	2.881
38517162.756	3374969.731	2.881
38517162.496	3374969.797	2.881
38517162.294	3374969.852	2.881
38517162.083	3374969.907	2.880
38517161.881	3374969.962	2.880
38517161.622	3374970.028	2.880
38517161.420	3374970.084	2.880
38517161.209	3374970.128	2.880
38517161.008	3374970.183	2.879
38517160.796	3374970.238	2.879
38517160.595	3374970.293	2.878
38517160.335	3374970.359	2.878
38517160.133	3374970.414	2.878
38517159.922	3374970.469	2.878
38517159.721	3374970.524	2.877
38517159.461	3374970.590	2.877
38517159.250	3374970.645	2.877
38517159.048	3374970.690	2.876
38517158.837	3374970.745	2.876
38517158.635	3374970.800	2.875
38517158.424	3374970.855	2.875
38517158.174	3374970.921	2.875
38517157.963	3374970.976	2.875
38517157.761	3374971.031	2.874
38517157.550	3374971.086	2.873
38517157.291	3374971.152	2.873
38517157.089	3374971.207	2.873
38517156.878	3374971.263	2.872
38517156.676	3374971.318	2.872
38517156.474	3374971.373	2.871
38517156.263	3374971.428	2.871
38517156.061	3374971.483	2.870
38517155.850	3374971.538	2.870
38517155.591	3374971.604	2.870
38517155.389	3374971.659	2.869
38517155.178	3374971.714	2.869
38517154.976	3374971.769	2.868
38517154.774	3374971.825	2.868
38517154.563	3374971.880	2.867
38517154.304	3374971.957	2.867
38517154.102	3374972.012	2.867
38517153.891	3374972.067	2.867
38517153.641	3374972.133	2.867
38517153.430	3374972.188	2.866
38517153.228	3374972.255	2.866
38517153.017	3374972.310	2.867
38517152.815	3374972.365	2.867
38517152.556	3374972.431	2.867
38517152.354	3374972.486	2.867
38517152.143	3374972.541	2.867
38517151.941	3374972.607	2.867
38517151.730	3374972.662	2.867
38517151.518	3374972.717	2.867
38517151.317	3374972.773	2.867
38517151.057	3374972.839	2.867
38517150.846	3374972.894	2.867
38517150.644	3374972.960	2.868
38517150.433	3374973.015	2.868
38517150.174	3374973.081	2.868
38517149.914	3374973.147	2.868
38517149.703	3374973.213	2.868
38517149.501	3374973.269	2.868
38517149.232	3374973.335	2.868
38517149.031	3374973.390	2.869
38517148.819	3374973.456	2.869
38517148.608	3374973.511	2.869
38517148.349	3374973.577	2.869
38517148.137	3374973.632	2.869
38517147.926	3374973.698	2.869
38517147.715	3374973.754	2.870
38517147.504	3374973.809	2.870
38517147.292	3374973.864	2.870
38517147.033	3374973.930	2.871
38517146.822	3374973.996	2.871
38517146.610	3374974.051	2.871
38517146.399	3374974.106	2.871
38517146.188	3374974.161	2.872
38517145.919	3374974.227	2.872
38517145.707	3374974.282	2.872
38517145.496	3374974.349	2.873
38517145.227	3374974.415	2.873
38517145.016	3374974.470	2.874
38517144.805	3374974.525	2.874
38517144.584	3374974.580	2.875
38517144.372	3374974.646	2.875
38517144.161	3374974.701	2.875
38517143.940	3374974.756	2.875
38517143.671	3374974.822	2.875
38517143.460	3374974.878	2.876
38517143.249	3374974.933	2.876
38517143.028	3374974.999	2.877
38517142.817	3374975.054	2.877
38517142.596	3374975.109	2.878
38517142.327	3374975.175	2.878
38517142.058	3374975.252	2.878
38517141.846	3374975.307	2.879
38517141.626	3374975.362	2.879
38517141.414	3374975.418	2.879
38517141.193	3374975.473	2.879
38517140.982	3374975.528	2.879
38517140.761	3374975.583	2.880
38517140.550	3374975.638	2.880
38517140.329	3374975.693	2.880
38517140.108	3374975.748	2.880
38517139.897	3374975.803	2.881
38517139.676	3374975.858	2.881
38517139.455	3374975.913	2.881
38517139.244	3374975.968	2.881
38517138.965	3374976.046	2.880
38517138.754	3374976.101	2.880
38517138.533	3374976.156	2.880
38517138.312	3374976.211	2.880
38517138.091	3374976.266	2.880
38517137.880	3374976.321	2.880
38517137.659	3374976.376	2.880
38517137.438	3374976.431	2.880
38517137.217	3374976.486	2.880
38517136.996	3374976.541	2.880
38517136.775	3374976.596	2.879
38517136.554	3374976.663	2.879
38517136.334	3374976.718	2.879
38517136.065	3374976.784	2.879
38517135.844	3374976.839	2.878
38517135.623	3374976.905	2.877
38517135.402	3374976.960	2.877
38517135.123	3374977.026	2.877
38517134.903	3374977.092	2.877
38517134.682	3374977.147	2.876
38517134.461	3374977.203	2.876
38517134.230	3374977.269	2.875
38517133.961	3374977.335	2.875
38517133.731	3374977.390	2.874
38517133.510	3374977.456	2.873
38517133.289	3374977.511	2.872
38517133.068	3374977.577	2.872
38517132.847	3374977.632	2.871
38517132.617	3374977.687	2.870
38517132.396	3374977.754	2.869
38517132.117	3374977.831	2.868
38517131.896	3374977.886	2.867
38517131.666	3374977.952	2.867
38517131.445	3374978.007	2.866
38517131.224	3374978.073	2.865
38517130.994	3374978.128	2.865
38517130.773	3374978.194	2.864
38517130.552	3374978.250	2.864
38517130.321	3374978.316	2.863
38517130.100	3374978.382	2.863
38517129.879	3374978.437	2.862
38517129.649	3374978.503	2.862
38517129.428	3374978.569	2.862
38517129.197	3374978.624	2.862
38517128.977	3374978.690	2.862
38517128.746	3374978.757	2.862
38517128.525	3374978.823	2.862
38517128.237	3374978.900	2.862
38517128.016	3374978.955	2.862
38517127.786	3374979.021	2.862
38517127.565	3374979.087	2.862
38517127.334	3374979.153	2.863
38517127.056	3374979.231	2.863
38517126.825	3374979.286	2.863
38517126.595	3374979.352	2.863
38517126.364	3374979.418	2.863
38517126.143	3374979.484	2.864
38517125.913	3374979.539	2.864
38517125.624	3374979.628	2.864
38517125.394	3374979.683	2.864
38517125.173	3374979.749	2.865
38517124.943	3374979.815	2.865
38517124.712	3374979.870	2.866
38517124.482	3374979.936	2.867
38517124.193	3374980.013	2.867
38517123.963	3374980.079	2.868
38517123.732	3374980.146	2.868
38517123.502	3374980.201	2.869
38517123.271	3374980.267	2.869
38517123.041	3374980.333	2.870
38517122.810	3374980.399	2.870
38517122.580	3374980.454	2.871
38517122.349	3374980.520	2.871
38517122.119	3374980.586	2.871
38517121.879	3374980.642	2.871
38517121.648	3374980.708	2.871
38517121.418	3374980.763	2.871
38517121.187	3374980.829	2.871
38517120.947	3374980.895	2.871
38517120.659	3374980.972	2.870
38517120.428	3374981.038	2.870
38517120.198	3374981.093	2.870
38517119.958	3374981.160	2.870
38517119.727	3374981.226	2.869
38517119.497	3374981.281	2.869
38517119.199	3374981.369	2.869
38517118.969	3374981.424	2.869
38517118.738	3374981.490	2.869
38517118.498	3374981.556	2.869
38517118.267	3374981.622	2.869
38517117.970	3374981.700	2.869
38517117.739	3374981.755	2.869
38517117.499	3374981.821	2.869
38517117.269	3374981.887	2.868
38517116.971	3374981.964	2.868
38517116.740	3374982.030	2.868
38517116.500	3374982.096	2.869
38517116.270	3374982.151	2.869
38517116.030	3374982.218	2.868
38517115.799	3374982.284	2.868
38517115.559	3374982.350	2.868
38517115.328	3374982.405	2.868
38517115.088	3374982.471	2.868
38517114.848	3374982.537	2.867
38517114.618	3374982.603	2.867
38517114.320	3374982.681	2.867
38517114.089	3374982.747	2.867
38517113.849	3374982.813	2.867
38517113.619	3374982.868	2.867
38517113.321	3374982.956	2.867
38517113.081	3374983.022	2.867
38517112.850	3374983.077	2.867
38517112.610	3374983.143	2.867
38517112.380	3374983.210	2.867
38517112.140	3374983.276	2.867
38517111.900	3374983.342	2.866
38517111.669	3374983.408	2.866
38517111.429	3374983.474	2.866
38517111.189	3374983.529	2.866
38517110.958	3374983.595	2.866
38517110.718	3374983.661	2.866
38517110.488	3374983.728	2.866
38517110.248	3374983.794	2.865
38517110.007	3374983.860	2.865
38517109.777	3374983.926	2.865
38517109.537	3374983.992	2.865
38517109.297	3374984.058	2.865
38517109.009	3374984.135	2.865
38517108.768	3374984.202	2.865
38517108.528	3374984.268	2.865
38517108.288	3374984.334	2.865
38517108.058	3374984.400	2.865
38517107.818	3374984.455	2.865
38517107.587	3374984.521	2.864
38517107.347	3374984.587	2.864
38517107.107	3374984.654	2.864
38517106.809	3374984.742	2.864
38517106.579	3374984.808	2.864
38517106.339	3374984.874	2.864
38517106.098	3374984.940	2.864
38517105.858	3374984.995	2.865
38517105.628	3374985.061	2.865
38517105.388	3374985.128	2.865
38517105.148	3374985.194	2.864
38517104.917	3374985.260	2.864
38517104.677	3374985.326	2.864
38517104.437	3374985.392	2.864
38517104.197	3374985.458	2.864
38517103.966	3374985.524	2.864
38517103.668	3374985.613	2.864
38517103.428	3374985.679	2.864
38517103.188	3374985.745	2.865
38517102.890	3374985.822	2.865
38517102.650	3374985.888	2.865
38517102.410	3374985.954	2.865
38517102.180	3374986.020	2.866
38517101.940	3374986.087	2.866
38517101.699	3374986.153	2.866
38517101.459	3374986.219	2.867
38517101.219	3374986.285	2.867
38517100.979	3374986.351	2.867
38517100.739	3374986.417	2.868
38517100.499	3374986.472	2.868
38517100.268	3374986.538	2.868
38517100.028	3374986.605	2.868
38517099.788	3374986.671	2.868
38517099.548	3374986.737	2.869
38517099.308	3374986.803	2.869
38517099.068	3374986.869	2.869
38517098.828	3374986.935	2.869
38517098.588	3374987.001	2.870
38517098.348	3374987.056	2.870
38517098.107	3374987.123	2.871
38517097.867	3374987.189	2.871
38517097.627	3374987.255	2.871
38517097.387	3374987.321	2.871
38517097.147	3374987.387	2.872
38517096.907	3374987.453	2.872
38517096.667	3374987.508	2.872
38517096.417	3374987.574	2.873
38517096.177	3374987.641	2.873
38517095.937	3374987.707	2.873
38517095.697	3374987.773	2.874
38517095.457	3374987.839	2.874
38517095.216	3374987.894	2.875
38517094.976	3374987.960	2.875
38517094.679	3374988.037	2.876
38517094.438	3374988.104	2.877
38517094.198	3374988.170	2.877
38517093.958	3374988.236	2.878
38517093.718	3374988.291	2.878
38517093.420	3374988.368	2.879
38517093.180	3374988.434	2.879
38517092.940	3374988.500	2.879
38517092.700	3374988.555	2.880
38517092.460	3374988.621	2.880
38517092.220	3374988.676	2.881
38517091.980	3374988.743	2.882
38517091.682	3374988.820	2.882
38517091.442	3374988.875	2.883
38517091.202	3374988.941	2.883
38517090.962	3374988.996	2.884
38517090.731	3374989.062	2.884
38517090.491	3374989.117	2.885
38517090.251	3374989.183	2.885
38517090.020	3374989.238	2.885
38517089.780	3374989.305	2.885
38517089.483	3374989.382	2.886
38517089.243	3374989.437	2.886
38517089.012	3374989.492	2.885
38517088.714	3374989.569	2.885
38517088.484	3374989.624	2.885
38517088.244	3374989.690	2.885
38517088.013	3374989.745	2.884
38517087.715	3374989.822	2.883
38517087.485	3374989.877	2.883
38517087.245	3374989.944	2.883
38517087.014	3374989.999	2.882
38517086.774	3374990.065	2.882
38517086.544	3374990.120	2.882
38517086.313	3374990.186	2.881
38517086.073	3374990.241	2.881
38517085.843	3374990.296	2.880
38517085.612	3374990.362	2.880
38517085.382	3374990.417	2.880
38517085.141	3374990.483	2.879
38517084.911	3374990.539	2.879
38517084.680	3374990.605	2.879
38517084.450	3374990.660	2.878
38517084.219	3374990.726	2.878
38517083.989	3374990.781	2.878
38517083.758	3374990.836	2.878
38517083.528	3374990.902	2.878
38517083.297	3374990.957	2.877
38517083.067	3374991.023	2.877
38517082.836	3374991.078	2.877
38517082.616	3374991.145	2.877
38517082.385	3374991.200	2.877
38517082.155	3374991.255	2.877
38517081.924	3374991.321	2.877
38517081.694	3374991.376	2.877
38517081.473	3374991.442	2.877
38517081.242	3374991.497	2.877
38517081.012	3374991.552	2.877
38517080.791	3374991.618	2.877
38517080.560	3374991.674	2.877
38517080.330	3374991.729	2.877
38517080.109	3374991.795	2.877
38517079.878	3374991.850	2.877
38517079.657	3374991.916	2.877
38517079.427	3374991.971	2.877
38517079.206	3374992.026	2.878
38517078.975	3374992.092	2.878
38517078.755	3374992.147	2.878
38517078.534	3374992.202	2.878
38517078.246	3374992.280	2.878
38517078.025	3374992.335	2.878
38517077.804	3374992.390	2.879
38517077.573	3374992.456	2.879
38517077.352	3374992.511	2.879
38517077.131	3374992.566	2.880
38517076.853	3374992.643	2.880
38517076.632	3374992.698	2.880
38517076.411	3374992.753	2.880
38517076.181	3374992.809	2.880
38517075.960	3374992.875	2.881
38517075.739	3374992.930	2.881
38517075.518	3374992.985	2.881
38517075.297	3374993.040	2.881
38517075.076	3374993.095	2.881
38517074.855	3374993.150	2.882
38517074.634	3374993.216	2.882
38517074.413	3374993.271	2.882
38517074.193	3374993.326	2.883
38517073.972	3374993.382	2.883
38517073.760	3374993.437	2.883
38517073.482	3374993.503	2.883
38517073.261	3374993.558	2.882
38517073.040	3374993.613	2.882
38517072.829	3374993.668	2.881
38517072.608	3374993.734	2.880
38517072.387	3374993.789	2.880
38517072.118	3374993.855	2.880
38517071.897	3374993.910	2.879
38517071.676	3374993.965	2.879
38517071.465	3374994.021	2.879
38517071.244	3374994.076	2.878
38517071.033	3374994.131	2.878
38517070.812	3374994.197	2.878
38517070.600	3374994.252	2.878
38517070.380	3374994.307	2.877
38517070.168	3374994.362	2.877
38517069.947	3374994.417	2.876
38517069.736	3374994.472	2.876
38517069.525	3374994.527	2.875
38517069.304	3374994.583	2.875
38517069.093	3374994.638	2.875
38517068.881	3374994.704	2.875
38517068.670	3374994.759	2.874
38517068.449	3374994.814	2.874
38517068.238	3374994.869	2.874
38517068.027	3374994.924	2.873
38517067.815	3374994.979	2.873
38517067.604	3374995.034	2.872
38517067.393	3374995.090	2.872
38517067.181	3374995.145	2.872
38517066.970	3374995.200	2.872
38517066.759	3374995.266	2.872
38517066.547	3374995.321	2.871
38517066.336	3374995.376	2.871
38517066.125	3374995.431	2.871
38517065.914	3374995.486	2.871
38517065.702	3374995.541	2.870
38517065.491	3374995.596	2.870
38517065.289	3374995.652	2.870
38517065.078	3374995.707	2.869
38517064.867	3374995.773	2.869
38517064.655	3374995.828	2.869
38517064.454	3374995.883	2.869
38517064.242	3374995.938	2.869
38517064.031	3374995.993	2.869
38517063.829	3374996.048	2.869
38517063.618	3374996.103	2.868
38517063.359	3374996.181	2.868
38517063.147	3374996.236	2.868
38517062.946	3374996.291	2.868
38517062.734	3374996.346	2.867
38517062.533	3374996.401	2.867
38517062.321	3374996.456	2.867
38517062.120	3374996.522	2.867
38517061.860	3374996.589	2.866
38517061.649	3374996.644	2.866
38517061.447	3374996.699	2.866
38517061.236	3374996.754	2.865
38517061.034	3374996.820	2.865
38517060.823	3374996.875	2.865
38517060.621	3374996.930	2.864
38517060.410	3374996.985	2.864
38517060.208	3374997.040	2.864
38517059.997	3374997.096	2.864
38517059.795	3374997.151	2.864
38517059.594	3374997.217	2.863
38517059.382	3374997.272	2.863
38517059.181	3374997.327	2.863
38517058.969	3374997.382	2.863
38517058.768	3374997.437	2.863
38517058.556	3374997.492	2.863
38517058.355	3374997.559	2.863
38517058.153	3374997.614	2.862
38517057.942	3374997.669	2.862
38517057.740	3374997.724	2.862
38517057.538	3374997.779	2.862
38517057.327	3374997.834	2.862
38517057.125	3374997.900	2.862
38517056.924	3374997.955	2.862
38517056.712	3374998.011	2.863
38517056.511	3374998.066	2.863
38517056.309	3374998.121	2.863
38517056.098	3374998.176	2.863
38517055.896	3374998.231	2.863
38517055.637	3374998.308	2.863
38517055.435	3374998.363	2.863
38517055.224	3374998.418	2.863
38517055.022	3374998.473	2.863
38517054.763	3374998.551	2.863
38517054.561	3374998.606	2.863
38517054.359	3374998.661	2.863
38517054.148	3374998.716	2.863
38517053.946	3374998.771	2.863
38517053.735	3374998.837	2.863
38517053.533	3374998.892	2.863
38517053.322	3374998.948	2.863
38517053.120	3374999.003	2.863
38517052.909	3374999.058	2.863
38517052.707	3374999.113	2.863
38517052.496	3374999.179	2.863
38517052.294	3374999.234	2.862
38517052.093	3374999.289	2.862
38517051.881	3374999.344	2.862
38517051.680	3374999.411	2.861
38517051.468	3374999.466	2.861
38517051.161	3374999.554	2.861
38517050.950	3374999.609	2.861
38517050.748	3374999.664	2.861
38517050.489	3374999.741	2.861
38517050.277	3374999.796	2.861
38517050.076	3374999.851	2.860
38517049.816	3374999.929	2.860
38517049.605	3374999.984	2.860
38517049.394	3375000.039	2.860
38517049.086	3375000.127	2.859
38517048.875	3375000.182	2.859
38517048.568	3375000.270	2.859
38517048.356	3375000.337	2.859
38517048.145	3375000.392	2.858
38517047.943	3375000.447	2.858
38517047.732	3375000.513	2.858
38517047.521	3375000.568	2.858
38517047.309	3375000.623	2.857
38517047.108	3375000.689	2.857
38517046.896	3375000.744	2.857
38517046.685	3375000.811	2.857
38517046.474	3375000.866	2.857
38517046.272	3375000.921	2.858
38517046.061	3375000.987	2.858
38517045.849	3375001.042	2.858
38517045.638	3375001.097	2.858
38517045.436	3375001.163	2.859
38517045.225	3375001.219	2.859
38517045.014	3375001.274	2.859
38517044.803	3375001.340	2.859
38517044.591	3375001.395	2.859
38517044.380	3375001.450	2.859
38517044.178	3375001.516	2.859
38517043.967	3375001.571	2.859
38517043.756	3375001.626	2.859
38517043.544	3375001.693	2.859
38517043.333	3375001.748	2.860
38517043.131	3375001.803	2.860
38517042.920	3375001.869	2.860
38517042.709	3375001.924	2.860
38517042.497	3375001.979	2.860
38517042.286	3375002.045	2.861
38517042.075	3375002.100	2.861
38517041.873	3375002.156	2.861
38517041.662	3375002.222	2.861
38517041.451	3375002.277	2.861
38517041.239	3375002.332	2.861
38517041.028	3375002.398	2.861
38517040.817	3375002.453	2.861
38517040.605	3375002.508	2.862
38517040.394	3375002.575	2.862
38517040.183	3375002.630	2.862
38517039.971	3375002.685	2.862
38517039.760	3375002.751	2.862
38517039.549	3375002.806	2.862
38517039.290	3375002.872	2.862
38517039.078	3375002.938	2.862
38517038.761	3375003.026	2.862
38517038.550	3375003.082	2.862
38517038.339	3375003.137	2.862
38517038.127	3375003.203	2.862
38517037.916	3375003.258	2.862
38517037.705	3375003.313	2.861
38517037.436	3375003.390	2.861
38517037.225	3375003.445	2.861
38517037.013	3375003.512	2.861
38517036.802	3375003.567	2.861
38517036.581	3375003.622	2.860
38517036.370	3375003.688	2.860
38517036.158	3375003.743	2.859
38517035.947	3375003.809	2.859
38517035.736	3375003.864	2.858
38517035.515	3375003.930	2.858
38517035.304	3375003.986	2.858
38517035.092	3375004.041	2.857
38517034.881	3375004.107	2.857
38517034.670	3375004.162	2.857
38517034.449	3375004.228	2.857
38517034.132	3375004.316	2.856
38517033.921	3375004.382	2.856
38517033.700	3375004.438	2.856
38517033.488	3375004.504	2.855
38517033.277	3375004.559	2.855
38517033.056	3375004.625	2.855
38517032.845	3375004.691	2.855
38517032.633	3375004.746	2.854
38517032.413	3375004.812	2.854
38517032.201	3375004.868	2.854
38517031.980	3375004.934	2.854
38517031.711	3375005.011	2.853
38517031.500	3375005.077	2.853
38517031.289	3375005.132	2.853
38517031.068	3375005.198	2.854
38517030.857	3375005.265	2.854
38517030.588	3375005.342	2.854
38517030.367	3375005.397	2.854
38517030.155	3375005.463	2.854
38517029.944	3375005.518	2.855
38517029.675	3375005.595	2.855
38517029.406	3375005.672	2.855
38517029.185	3375005.739	2.855
38517028.974	3375005.794	2.856
38517028.753	3375005.860	2.856
38517028.542	3375005.915	2.857
38517028.331	3375005.981	2.857
38517028.110	3375006.036	2.858
38517027.898	3375006.102	2.858
38517027.677	3375006.158	2.859
38517027.466	3375006.224	2.860
38517027.255	3375006.279	2.860
38517027.034	3375006.345	2.861
38517026.717	3375006.433	2.862
38517026.496	3375006.488	2.862
38517026.285	3375006.554	2.863
38517026.064	3375006.610	2.864
38517025.853	3375006.676	2.865
38517025.632	3375006.731	2.865
38517025.420	3375006.797	2.866
38517025.199	3375006.852	2.866
38517024.979	3375006.918	2.867
38517024.767	3375006.973	2.867
38517024.546	3375007.028	2.867
38517024.325	3375007.095	2.867
38517024.114	3375007.150	2.867
38517023.893	3375007.216	2.868
38517023.672	3375007.271	2.868
38517023.461	3375007.326	2.868
38517023.240	3375007.392	2.868
38517023.019	3375007.447	2.868
38517022.798	3375007.513	2.868
38517022.587	3375007.569	2.868
38517022.366	3375007.624	2.868
38517022.097	3375007.701	2.868
38517021.876	3375007.756	2.868
38517021.655	3375007.822	2.868
38517021.377	3375007.899	2.868
38517021.166	3375007.954	2.868
38517020.945	3375008.009	2.868
38517020.724	3375008.076	2.868
38517020.503	3375008.131	2.868
38517020.282	3375008.197	2.868
38517020.061	3375008.252	2.868
38517019.850	3375008.318	2.868
38517019.629	3375008.373	2.868
38517019.408	3375008.428	2.868
38517019.187	3375008.494	2.868
38517018.966	3375008.550	2.868
38517018.745	3375008.616	2.868
38517018.524	3375008.671	2.867
38517018.303	3375008.726	2.867
38517018.082	3375008.792	2.867
38517017.862	3375008.847	2.867
38517017.641	3375008.913	2.867
38517017.420	3375008.968	2.867
38517017.189	3375009.035	2.867
38517016.920	3375009.112	2.866
38517016.690	3375009.167	2.866
38517016.469	3375009.233	2.865
38517016.248	3375009.288	2.865
38517016.027	3375009.354	2.864
38517015.797	3375009.409	2.864
38517015.518	3375009.486	2.863
38517015.297	3375009.553	2.863
38517015.076	3375009.608	2.863
38517014.846	3375009.674	2.862
38517014.625	3375009.740	2.861
38517014.394	3375009.806	2.861
38517014.173	3375009.861	2.860
38517013.943	3375009.927	2.860
38517013.722	3375009.994	2.860
38517013.491	3375010.060	2.860
38517013.271	3375010.115	2.860
38517013.040	3375010.181	2.860
38517012.819	3375010.247	2.860
38517012.589	3375010.313	2.860
38517012.301	3375010.390	2.860
38517012.080	3375010.457	2.860
38517011.849	3375010.523	2.860
38517011.561	3375010.600	2.860
38517011.340	3375010.666	2.860
38517011.110	3375010.732	2.860
38517010.879	3375010.787	2.860
38517010.649	3375010.853	2.860
38517010.418	3375010.920	2.860
38517010.187	3375010.986	2.860
38517009.899	3375011.063	2.860
38517009.678	3375011.129	2.860
38517009.390	3375011.217	2.861
38517009.160	3375011.272	2.861
38517008.929	3375011.339	2.861
38517008.699	3375011.405	2.861
38517008.468	3375011.471	2.861
38517008.238	3375011.537	2.861
38517007.998	3375011.603	2.861
38517007.767	3375011.669	2.861
38517007.479	3375011.746	2.862
38517007.248	3375011.813	2.862
38517007.018	3375011.879	2.862
38517006.787	3375011.945	2.863
38517006.547	3375012.000	2.863
38517006.317	3375012.066	2.864
38517006.029	3375012.154	2.864
38517005.798	3375012.209	2.864
38517005.558	3375012.276	2.864
38517005.328	3375012.342	2.865
38517005.039	3375012.430	2.865
38517004.799	3375012.485	2.866
38517004.569	3375012.551	2.867
38517004.338	3375012.617	2.867
38517004.041	3375012.694	2.868
38517003.810	3375012.761	2.868
38517003.580	3375012.827	2.868
38517003.339	3375012.893	2.869
38517003.109	3375012.959	2.869
38517002.878	3375013.014	2.869
38517002.638	3375013.080	2.869
38517002.350	3375013.157	2.870
38517002.110	3375013.224	2.870
38517001.880	3375013.290	2.871
38517001.639	3375013.356	2.871
38517001.351	3375013.433	2.872
38517001.111	3375013.499	2.872
38517000.881	3375013.554	2.872
38517000.641	3375013.620	2.872
38517000.410	3375013.687	2.872
38517000.170	3375013.742	2.872
38516999.939	3375013.808	2.873
38516999.642	3375013.885	2.873
38516999.344	3375013.962	2.873
38516999.113	3375014.028	2.873
38516998.873	3375014.094	2.873
38516998.643	3375014.149	2.873
38516998.403	3375014.216	2.873
38516998.172	3375014.282	2.873
38516997.932	3375014.348	2.873
38516997.692	3375014.403	2.873
38516997.461	3375014.469	2.873
38516997.221	3375014.535	2.873
38516996.981	3375014.601	2.873
38516996.751	3375014.656	2.873
38516996.511	3375014.723	2.873
38516996.271	3375014.789	2.873
38516996.030	3375014.844	2.873
38516995.800	3375014.910	2.873
38516995.560	3375014.976	2.873
38516995.320	3375015.031	2.873
38516995.080	3375015.097	2.872
38516994.849	3375015.163	2.872
38516994.609	3375015.218	2.872
38516994.369	3375015.285	2.872
38516994.129	3375015.351	2.872
38516993.889	3375015.417	2.872
38516993.649	3375015.472	2.872
38516993.418	3375015.538	2.871
38516993.178	3375015.604	2.871
38516992.938	3375015.659	2.871
38516992.698	3375015.725	2.871
38516992.458	3375015.792	2.871
38516992.217	3375015.858	2.871
38516991.977	3375015.913	2.870
38516991.680	3375016.001	2.870
38516991.382	3375016.078	2.870
38516991.151	3375016.144	2.870
38516990.911	3375016.210	2.870
38516990.671	3375016.265	2.869
38516990.431	3375016.332	2.869
38516990.143	3375016.409	2.869
38516989.903	3375016.475	2.869
38516989.663	3375016.530	2.869
38516989.423	3375016.596	2.869
38516989.192	3375016.662	2.869
38516988.952	3375016.717	2.869
38516988.712	3375016.783	2.869
38516988.481	3375016.838	2.869
38516988.241	3375016.905	2.869
38516987.944	3375016.982	2.869
38516987.713	3375017.048	2.869
38516987.473	3375017.103	2.869
38516987.233	3375017.169	2.869
38516987.002	3375017.224	2.869
38516986.762	3375017.290	2.869
38516986.522	3375017.356	2.869
38516986.292	3375017.412	2.869
38516986.051	3375017.478	2.869
38516985.811	3375017.544	2.869
38516985.581	3375017.599	2.870
38516985.341	3375017.665	2.870
38516985.110	3375017.731	2.870
38516984.870	3375017.797	2.870
38516984.630	3375017.863	2.870
38516984.342	3375017.941	2.870
38516984.102	3375018.007	2.870
38516983.804	3375018.084	2.871
38516983.573	3375018.150	2.871
38516983.333	3375018.216	2.872
38516983.103	3375018.271	2.872
38516982.863	3375018.337	2.872
38516982.632	3375018.404	2.873
38516982.335	3375018.481	2.874
38516982.094	3375018.547	2.874
38516981.864	3375018.613	2.874
38516981.624	3375018.668	2.874
38516981.393	3375018.734	2.874
38516981.153	3375018.800	2.875
38516980.923	3375018.866	2.875
38516980.683	3375018.922	2.875
38516980.442	3375018.988	2.876
38516980.154	3375019.065	2.876
38516979.914	3375019.131	2.876
38516979.626	3375019.208	2.876
38516979.386	3375019.263	2.877
38516979.098	3375019.340	2.877
38516978.858	3375019.406	2.877
38516978.627	3375019.473	2.876
38516978.387	3375019.528	2.876
38516978.157	3375019.594	2.876
38516977.916	3375019.660	2.876
38516977.686	3375019.715	2.876
38516977.455	3375019.781	2.877
38516977.215	3375019.847	2.876
38516976.985	3375019.902	2.876
38516976.754	3375019.969	2.876
38516976.514	3375020.035	2.876
38516976.284	3375020.090	2.876
38516976.053	3375020.156	2.876
38516975.813	3375020.211	2.876
38516975.583	3375020.277	2.875
38516975.352	3375020.343	2.875
38516975.112	3375020.398	2.875
38516974.882	3375020.465	2.875
38516974.651	3375020.531	2.875
38516974.411	3375020.586	2.874
38516974.123	3375020.663	2.874
38516973.892	3375020.729	2.874
38516973.652	3375020.795	2.873
38516973.422	3375020.850	2.873
38516973.191	3375020.916	2.872
38516972.961	3375020.983	2.872
38516972.663	3375021.060	2.872
38516972.432	3375021.115	2.871
38516972.202	3375021.181	2.871
38516971.971	3375021.247	2.870
38516971.741	3375021.302	2.870
38516971.453	3375021.379	2.869
38516971.222	3375021.445	2.868
38516970.992	3375021.512	2.867
38516970.704	3375021.589	2.867
38516970.473	3375021.655	2.866
38516970.243	3375021.710	2.865
38516970.012	3375021.776	2.865
38516969.782	3375021.842	2.865
38516969.551	3375021.908	2.864
38516969.321	3375021.964	2.864
38516969.042	3375022.052	2.863
38516968.811	3375022.107	2.862
38516968.581	3375022.173	2.862
38516968.360	3375022.239	2.861
38516968.130	3375022.305	2.861
38516967.899	3375022.371	2.860
38516967.678	3375022.427	2.860
38516967.448	3375022.493	2.860
38516967.227	3375022.559	2.861
38516966.939	3375022.636	2.862
38516966.718	3375022.702	2.862
38516966.497	3375022.768	2.862
38516966.266	3375022.823	2.863
38516966.045	3375022.890	2.863
38516965.815	3375022.956	2.862
38516965.594	3375023.022	2.863
38516965.373	3375023.077	2.863
38516965.142	3375023.143	2.863
38516964.922	3375023.209	2.863
38516964.701	3375023.264	2.864
38516964.480	3375023.331	2.864
38516964.259	3375023.397	2.864
38516964.028	3375023.452	2.864
38516963.807	3375023.518	2.864
38516963.587	3375023.584	2.863
38516963.366	3375023.639	2.864
38516963.145	3375023.705	2.863
38516962.924	3375023.761	2.863
38516962.703	3375023.827	2.863
38516962.482	3375023.893	2.863
38516962.261	3375023.948	2.863
38516962.040	3375024.014	2.863
38516961.819	3375024.069	2.863
38516961.608	3375024.135	2.862
38516961.387	3375024.191	2.862
38516961.166	3375024.257	2.862
38516960.945	3375024.312	2.862
38516960.724	3375024.378	2.862
38516960.513	3375024.433	2.862
38516960.292	3375024.488	2.861
38516960.071	3375024.554	2.861
38516959.860	3375024.609	2.861
38516959.639	3375024.676	2.861
38516959.428	3375024.731	2.860
38516959.207	3375024.797	2.860
38516958.996	3375024.852	2.860
38516958.775	3375024.907	2.860
38516958.563	3375024.973	2.860
38516958.342	3375025.028	2.859
38516958.131	3375025.094	2.860
38516957.910	3375025.150	2.860
38516957.699	3375025.216	2.859
38516957.488	3375025.271	2.859
38516957.276	3375025.337	2.859
38516957.055	3375025.392	2.858
38516956.844	3375025.458	2.857
38516956.633	3375025.513	2.857
38516956.422	3375025.580	2.857
38516956.210	3375025.635	2.857
38516955.999	3375025.701	2.856
38516955.788	3375025.756	2.855
38516955.576	3375025.811	2.855
38516955.365	3375025.877	2.854
38516955.154	3375025.932	2.854
38516954.942	3375025.999	2.854
38516954.731	3375026.054	2.853
38516954.520	3375026.120	2.853
38516954.308	3375026.186	2.852
38516954.097	3375026.241	2.851
38516953.886	3375026.296	2.851
38516953.675	3375026.362	2.850
38516953.473	3375026.418	2.850
38516953.262	3375026.484	2.849
38516953.050	3375026.550	2.848
38516952.849	3375026.605	2.847
38516952.637	3375026.671	2.846
38516952.426	3375026.726	2.845
38516952.224	3375026.793	2.844
38516952.013	3375026.848	2.843
38516951.811	3375026.914	2.842
38516951.600	3375026.980	2.841
38516951.341	3375027.057	2.840
38516951.139	3375027.112	2.839
38516950.928	3375027.178	2.838
38516950.726	3375027.245	2.837
38516950.524	3375027.300	2.836
38516950.265	3375027.377	2.835
38516950.063	3375027.443	2.833
38516949.852	3375027.509	2.832
38516949.650	3375027.565	2.832
38516949.448	3375027.631	2.831
38516949.247	3375027.697	2.831
38516948.987	3375027.774	2.830
38516948.786	3375027.829	2.830
38516948.584	3375027.895	2.830
38516948.382	3375027.962	2.829
38516948.181	3375028.028	2.829
38516947.979	3375028.083	2.828
38516947.777	3375028.149	2.828
38516947.575	3375028.215	2.828
38516947.374	3375028.270	2.827
38516947.124	3375028.348	2.827
38516946.922	3375028.414	2.827
38516946.673	3375028.491	2.827
38516946.471	3375028.557	2.827
38516946.269	3375028.623	2.827
38516946.019	3375028.701	2.827
38516945.818	3375028.767	2.826
38516945.616	3375028.833	2.826
38516945.366	3375028.910	2.827
38516945.116	3375028.988	2.827
38516944.924	3375029.054	2.827
38516944.723	3375029.109	2.827
38516944.521	3375029.175	2.827
38516944.281	3375029.252	2.827
38516944.031	3375029.330	2.828
38516943.829	3375029.396	2.828
38516943.580	3375029.473	2.828
38516943.388	3375029.539	2.829
38516943.186	3375029.594	2.829
38516942.994	3375029.660	2.830
38516942.744	3375029.738	2.830
38516942.446	3375029.826	2.831
38516942.254	3375029.892	2.831
38516942.004	3375029.969	2.832
38516941.764	3375030.047	2.834
38516941.563	3375030.102	2.835
38516941.370	3375030.168	2.836
38516941.169	3375030.223	2.837
38516940.977	3375030.289	2.838
38516940.775	3375030.344	2.839
38516940.535	3375030.422	2.841
38516940.285	3375030.499	2.843
38516940.045	3375030.565	2.844
38516939.853	3375030.631	2.845
38516939.651	3375030.686	2.846
38516939.411	3375030.752	2.848
38516939.209	3375030.819	2.850
38516938.969	3375030.885	2.852
38516938.768	3375030.940	2.853
38516938.527	3375031.017	2.855
38516938.326	3375031.072	2.856
38516938.086	3375031.138	2.857
38516937.836	3375031.216	2.859
38516937.596	3375031.282	2.860
38516937.394	3375031.337	2.862
38516937.154	3375031.403	2.864
38516936.952	3375031.458	2.865
38516936.712	3375031.524	2.867
38516936.510	3375031.579	2.868
38516936.270	3375031.645	2.870
38516936.069	3375031.701	2.872
38516935.867	3375031.756	2.873
38516935.569	3375031.833	2.875
38516935.329	3375031.899	2.877
38516935.127	3375031.954	2.878
38516934.926	3375032.009	2.880
38516934.676	3375032.075	2.882
38516934.378	3375032.152	2.884
38516934.129	3375032.219	2.886
38516933.879	3375032.285	2.888
38516933.581	3375032.351	2.890
38516933.379	3375032.406	2.891
38516933.178	3375032.461	2.893
38516932.928	3375032.516	2.895
38516932.678	3375032.582	2.896
38516932.477	3375032.626	2.898
38516932.275	3375032.681	2.899
38516932.073	3375032.725	2.900
38516931.872	3375032.780	2.901
38516931.670	3375032.824	2.902
38516931.468	3375032.869	2.903
38516931.267	3375032.913	2.904
38516931.065	3375032.968	2.904
38516930.863	3375033.012	2.905
38516930.662	3375033.056	2.906
38516930.450	3375033.100	2.907
38516930.249	3375033.144	2.907
38516930.047	3375033.188	2.908
38516929.836	3375033.232	2.909
38516929.634	3375033.287	2.909
38516929.423	3375033.331	2.910
38516929.221	3375033.375	2.910
38516929.010	3375033.419	2.910
38516928.798	3375033.463	2.910
38516928.597	3375033.507	2.911
38516928.385	3375033.551	2.911
38516928.174	3375033.595	2.911
38516927.963	3375033.650	2.911
38516927.752	3375033.694	2.911
38516927.540	3375033.738	2.910
38516927.329	3375033.782	2.910
38516927.118	3375033.826	2.910
38516926.906	3375033.881	2.910
38516926.695	3375033.925	2.909
38516926.474	3375033.969	2.909
38516926.263	3375034.024	2.909
38516926.052	3375034.068	2.908
38516925.831	3375034.112	2.908
38516925.620	3375034.168	2.907
38516925.399	3375034.223	2.907
38516925.187	3375034.267	2.907
38516924.967	3375034.322	2.906
38516924.746	3375034.377	2.906
38516924.534	3375034.421	2.905
38516924.313	3375034.476	2.905
38516924.035	3375034.542	2.904
38516923.814	3375034.597	2.904
38516923.593	3375034.652	2.904
38516923.372	3375034.696	2.904
38516923.151	3375034.751	2.903
38516922.930	3375034.806	2.902
38516922.710	3375034.861	2.902
38516922.489	3375034.917	2.902
38516922.268	3375034.972	2.902
38516922.047	3375035.027	2.901
38516921.826	3375035.071	2.901
38516921.596	3375035.126	2.901
38516921.375	3375035.181	2.901
38516921.154	3375035.236	2.901
38516920.923	3375035.291	2.901
38516920.702	3375035.346	2.901
38516920.424	3375035.412	2.901
38516920.193	3375035.456	2.901
38516919.963	3375035.511	2.900
38516919.742	3375035.566	2.900
38516919.511	3375035.621	2.901
38516919.291	3375035.676	2.901
38516919.002	3375035.743	2.901
38516918.772	3375035.798	2.902
38516918.551	3375035.853	2.902
38516918.321	3375035.908	2.903
38516918.090	3375035.963	2.903
38516917.802	3375036.029	2.904
38516917.571	3375036.084	2.904
38516917.341	3375036.139	2.905
38516917.110	3375036.183	2.905
38516916.880	3375036.238	2.906
38516916.649	3375036.293	2.906
38516916.419	3375036.348	2.906
38516916.189	3375036.403	2.907
38516915.958	3375036.458	2.908
38516915.660	3375036.524	2.909
38516915.430	3375036.580	2.910
38516915.199	3375036.623	2.910
38516914.969	3375036.679	2.910
38516914.729	3375036.734	2.910
38516914.498	3375036.778	2.911
38516914.268	3375036.833	2.912
38516914.028	3375036.888	2.913
38516913.797	3375036.943	2.914
38516913.567	3375036.987	2.914
38516913.327	3375037.042	2.914
38516913.096	3375037.086	2.913
38516912.856	3375037.141	2.913
38516912.626	3375037.185	2.913
38516912.328	3375037.251	2.913
38516912.097	3375037.306	2.913
38516911.857	3375037.361	2.912
38516911.617	3375037.405	2.912
38516911.387	3375037.460	2.911
38516911.089	3375037.526	2.910
38516910.858	3375037.570	2.909
38516910.618	3375037.625	2.909
38516910.378	3375037.680	2.909
38516910.148	3375037.735	2.909
38516909.908	3375037.790	2.909
38516909.610	3375037.856	2.907
38516909.379	3375037.911	2.906
38516909.139	3375037.955	2.906
38516908.899	3375038.011	2.905
38516908.602	3375038.088	2.904
38516908.371	3375038.143	2.904
38516908.073	3375038.209	2.903
38516907.833	3375038.264	2.902
38516907.593	3375038.319	2.901
38516907.353	3375038.374	2.900
38516907.123	3375038.429	2.900
38516906.882	3375038.484	2.899
38516906.642	3375038.539	2.898
38516906.402	3375038.594	2.897
38516906.162	3375038.649	2.896
38516905.922	3375038.715	2.895
38516905.692	3375038.770	2.894
38516905.451	3375038.826	2.893
38516905.211	3375038.881	2.892
38516904.971	3375038.936	2.891
38516904.731	3375039.002	2.890
38516904.491	3375039.057	2.889
38516904.251	3375039.112	2.888
38516903.953	3375039.189	2.887
38516903.713	3375039.255	2.885
38516903.473	3375039.310	2.885
38516903.233	3375039.365	2.884
38516902.993	3375039.431	2.883
38516902.753	3375039.486	2.882
38516902.522	3375039.553	2.881
38516902.282	3375039.619	2.880
38516902.042	3375039.685	2.879
38516901.792	3375039.740	2.877
38516901.552	3375039.806	2.877
38516901.254	3375039.894	2.875
38516901.014	3375039.949	2.874
38516900.774	3375040.016	2.874
38516900.534	3375040.082	2.873
38516900.294	3375040.148	2.872
38516900.054	3375040.214	2.871
38516899.814	3375040.291	2.869
38516899.574	3375040.357	2.869
38516899.334	3375040.423	2.868
38516899.084	3375040.490	2.867
38516898.844	3375040.556	2.867
38516898.604	3375040.622	2.867
38516898.306	3375040.710	2.867
38516898.066	3375040.776	2.867
38516897.816	3375040.842	2.867
38516897.576	3375040.909	2.868
38516897.336	3375040.975	2.868
38516897.028	3375041.052	2.869
38516896.788	3375041.118	2.869
38516896.548	3375041.184	2.869
38516896.308	3375041.250	2.869
38516896.058	3375041.316	2.870
38516895.818	3375041.382	2.870
38516895.511	3375041.460	2.871
38516895.271	3375041.526	2.871
38516895.031	3375041.592	2.872
38516894.781	3375041.658	2.872
38516894.541	3375041.724	2.873
38516894.301	3375041.790	2.873
38516894.051	3375041.856	2.874
38516893.811	3375041.923	2.874
38516893.561	3375041.989	2.874
38516893.321	3375042.055	2.875
38516893.071	3375042.121	2.875
38516892.831	3375042.187	2.875
38516892.582	3375042.253	2.875
38516892.342	3375042.319	2.876
38516892.092	3375042.374	2.876
38516891.784	3375042.463	2.876
38516891.535	3375042.529	2.876
38516891.295	3375042.584	2.877
38516891.045	3375042.650	2.877
38516890.795	3375042.716	2.877
38516890.555	3375042.782	2.877
38516890.305	3375042.848	2.877
38516890.056	3375042.903	2.877
38516889.806	3375042.970	2.877
38516889.566	3375043.036	2.876
38516889.316	3375043.102	2.876
38516889.066	3375043.168	2.875
38516888.817	3375043.234	2.875
38516888.567	3375043.300	2.875
38516888.317	3375043.366	2.875
38516888.068	3375043.432	2.874
38516887.818	3375043.499	2.874
38516887.578	3375043.554	2.874
38516887.328	3375043.620	2.873
38516887.078	3375043.686	2.872
38516886.829	3375043.752	2.872
38516886.579	3375043.818	2.871
38516886.329	3375043.884	2.871
38516886.080	3375043.950	2.871
38516885.830	3375044.016	2.870
38516885.580	3375044.094	2.870
38516885.330	3375044.160	2.869
38516885.081	3375044.226	2.869
38516884.831	3375044.292	2.868
38516884.581	3375044.358	2.868
38516884.331	3375044.424	2.868
38516884.082	3375044.490	2.868
38516883.832	3375044.557	2.867
38516883.573	3375044.623	2.866
38516883.323	3375044.700	2.866
38516883.073	3375044.766	2.865
38516882.824	3375044.832	2.865
38516882.574	3375044.898	2.864
38516882.324	3375044.964	2.864
38516882.074	3375045.042	2.863
38516881.825	3375045.108	2.863
38516881.565	3375045.174	2.862
38516881.316	3375045.240	2.862
38516881.066	3375045.317	2.861
38516880.816	3375045.383	2.861
38516880.567	3375045.449	2.860
38516880.317	3375045.527	2.860
38516880.058	3375045.593	2.860
38516879.808	3375045.659	2.859
38516879.558	3375045.736	2.859
38516879.308	3375045.802	2.858
38516879.049	3375045.868	2.857
38516878.799	3375045.946	2.857
38516878.550	3375046.012	2.857
38516878.300	3375046.089	2.856
38516878.041	3375046.155	2.856
38516877.791	3375046.232	2.855
38516877.541	3375046.298	2.855
38516877.282	3375046.376	2.855
38516877.032	3375046.442	2.855
38516876.782	3375046.519	2.856
38516876.533	3375046.585	2.857
38516876.273	3375046.662	2.859
38516876.024	3375046.728	2.860
38516875.764	3375046.806	2.861
38516875.515	3375046.872	2.862
38516875.265	3375046.949	2.862
38516875.005	3375047.015	2.863
38516874.756	3375047.081	2.864
38516874.496	3375047.158	2.865
38516874.247	3375047.225	2.865
38516873.987	3375047.291	2.865
38516873.738	3375047.368	2.866
38516873.478	3375047.434	2.866
38516873.229	3375047.500	2.865
38516872.969	3375047.566	2.865
38516872.720	3375047.643	2.865
38516872.460	3375047.710	2.865
38516872.201	3375047.776	2.864
38516871.951	3375047.853	2.864
38516871.692	3375047.919	2.863
38516871.442	3375047.985	2.863
38516871.183	3375048.062	2.863
38516870.933	3375048.128	2.862
38516870.674	3375048.195	2.862
38516870.424	3375048.272	2.861
38516870.165	3375048.338	2.861
38516869.905	3375048.415	2.861
38516869.589	3375048.503	2.861
38516869.339	3375048.569	2.860
38516869.080	3375048.647	2.860
38516868.830	3375048.713	2.860
38516868.570	3375048.790	2.860
38516868.321	3375048.856	2.860
38516867.994	3375048.944	2.860
38516867.744	3375049.021	2.860
38516867.485	3375049.088	2.860
38516867.235	3375049.154	2.859
38516866.976	3375049.231	2.859
38516866.726	3375049.297	2.859
38516866.467	3375049.374	2.859
38516866.208	3375049.440	2.859
38516865.958	3375049.518	2.859
38516865.699	3375049.584	2.860
38516865.449	3375049.661	2.860
38516865.190	3375049.727	2.860
38516864.940	3375049.804	2.861
38516864.681	3375049.870	2.861
38516864.431	3375049.936	2.861
38516864.172	3375050.014	2.861
38516863.922	3375050.080	2.861
38516863.605	3375050.168	2.862
38516863.346	3375050.245	2.862
38516863.096	3375050.311	2.863
38516862.779	3375050.399	2.863
38516862.520	3375050.477	2.863
38516862.270	3375050.543	2.863
38516862.011	3375050.609	2.863
38516861.761	3375050.686	2.864
38516861.502	3375050.752	2.864
38516861.252	3375050.818	2.864
38516860.935	3375050.907	2.865
38516860.676	3375050.984	2.865
38516860.426	3375051.050	2.865
38516860.167	3375051.116	2.866
38516859.917	3375051.182	2.866
38516859.657	3375051.259	2.866
38516859.408	3375051.325	2.866
38516859.091	3375051.414	2.867
38516858.831	3375051.480	2.867
38516858.582	3375051.546	2.868
38516858.332	3375051.623	2.868
38516858.073	3375051.689	2.868
38516857.756	3375051.777	2.869
38516857.506	3375051.844	2.869
38516857.247	3375051.910	2.869
38516856.997	3375051.976	2.869
38516856.747	3375052.042	2.870
38516856.488	3375052.119	2.870
38516856.238	3375052.185	2.871
38516855.979	3375052.251	2.871
38516855.729	3375052.318	2.872
38516855.480	3375052.384	2.872
38516855.163	3375052.472	2.873
38516854.903	3375052.538	2.874
38516854.654	3375052.604	2.874
38516854.404	3375052.670	2.875
38516854.145	3375052.736	2.875
38516853.895	3375052.802	2.875
38516853.645	3375052.869	2.876
38516853.386	3375052.935	2.876
38516853.136	3375053.001	2.877
38516852.886	3375053.067	2.878
38516852.627	3375053.133	2.879
38516852.377	3375053.199	2.879
38516852.128	3375053.265	2.879
38516851.878	3375053.331	2.880
38516851.628	3375053.398	2.880
38516851.369	3375053.464	2.880
38516851.119	3375053.519	2.880
38516850.869	3375053.585	2.880
38516850.620	3375053.651	2.880
38516850.370	3375053.717	2.880
38516850.111	3375053.783	2.880
38516849.861	3375053.849	2.881
38516849.554	3375053.926	2.881
38516849.304	3375053.993	2.881
38516849.054	3375054.059	2.881
38516848.805	3375054.114	2.881
38516848.545	3375054.180	2.881
38516848.296	3375054.246	2.881
38516848.046	3375054.312	2.881
38516847.739	3375054.389	2.882
38516847.489	3375054.455	2.882
38516847.239	3375054.510	2.882
38516846.989	3375054.577	2.882
38516846.740	3375054.643	2.882
38516846.490	3375054.698	2.882
38516846.240	3375054.764	2.882
38516846.000	3375054.830	2.882
38516845.750	3375054.896	2.882
38516845.501	3375054.951	2.882
38516845.251	3375055.017	2.883
38516845.001	3375055.083	2.883
38516844.761	3375055.139	2.883
38516844.512	3375055.205	2.883
38516844.262	3375055.271	2.883
38516844.022	3375055.337	2.884
38516843.772	3375055.392	2.884
38516843.532	3375055.458	2.884
38516843.282	3375055.513	2.883
38516843.042	3375055.579	2.884
38516842.792	3375055.645	2.884
38516842.552	3375055.700	2.884
38516842.303	3375055.767	2.884
38516842.062	3375055.833	2.884
38516841.813	3375055.888	2.884
38516841.515	3375055.965	2.884
38516841.265	3375056.031	2.885
38516841.025	3375056.086	2.885
38516840.785	3375056.152	2.885
38516840.545	3375056.207	2.885
38516840.295	3375056.273	2.885
38516839.998	3375056.339	2.885
38516839.757	3375056.406	2.885
38516839.508	3375056.461	2.885
38516839.268	3375056.527	2.885
38516839.028	3375056.582	2.885
38516838.787	3375056.648	2.885
38516838.490	3375056.725	2.885
38516838.250	3375056.780	2.885
38516837.952	3375056.857	2.886
38516837.712	3375056.912	2.885
38516837.472	3375056.979	2.885
38516837.232	3375057.034	2.885
38516836.991	3375057.100	2.885
38516836.694	3375057.177	2.885
38516836.454	3375057.232	2.885
38516836.223	3375057.287	2.885
38516835.983	3375057.353	2.885
38516835.743	3375057.408	2.884
38516835.445	3375057.485	2.884
38516835.215	3375057.540	2.884
38516834.975	3375057.607	2.883
38516834.744	3375057.662	2.883
38516834.504	3375057.717	2.883
38516834.274	3375057.783	2.882
38516834.033	3375057.838	2.882
38516833.803	3375057.904	2.882
38516833.563	3375057.959	2.881
38516833.332	3375058.025	2.881
38516833.102	3375058.080	2.880
38516832.862	3375058.147	2.879
38516832.631	3375058.202	2.878
38516832.401	3375058.268	2.878
38516832.170	3375058.323	2.877
38516831.940	3375058.389	2.876
38516831.700	3375058.444	2.875
38516831.469	3375058.510	2.875
38516831.239	3375058.565	2.874
38516831.008	3375058.631	2.873
38516830.778	3375058.698	2.873
38516830.547	3375058.753	2.872
38516830.317	3375058.819	2.871
38516830.086	3375058.874	2.871
38516829.865	3375058.940	2.869
38516829.635	3375058.995	2.869
38516829.404	3375059.061	2.868
38516829.174	3375059.116	2.867
38516828.953	3375059.183	2.867
38516828.722	3375059.238	2.866
38516828.501	3375059.304	2.866
38516828.271	3375059.359	2.866
38516828.050	3375059.425	2.865
38516827.829	3375059.491	2.865
38516827.608	3375059.546	2.865
38516827.378	3375059.612	2.865
38516827.157	3375059.668	2.865
38516826.936	3375059.734	2.864
38516826.715	3375059.789	2.864
38516826.494	3375059.855	2.864
38516826.273	3375059.910	2.864
38516826.062	3375059.965	2.864
38516825.841	3375060.031	2.864
38516825.620	3375060.086	2.864
38516825.409	3375060.153	2.864
38516825.188	3375060.208	2.864
38516824.976	3375060.274	2.864
38516824.756	3375060.329	2.864
38516824.544	3375060.384	2.864
38516824.323	3375060.450	2.864
38516824.112	3375060.505	2.863
38516823.901	3375060.560	2.863
38516823.690	3375060.616	2.863
38516823.478	3375060.682	2.863
38516823.267	3375060.737	2.863
38516822.998	3375060.814	2.863
38516822.787	3375060.869	2.864
38516822.585	3375060.924	2.864
38516822.374	3375060.979	2.864
38516822.114	3375061.057	2.865
38516821.903	3375061.112	2.865
38516821.701	3375061.167	2.866
38516821.500	3375061.222	2.866
38516821.298	3375061.277	2.866
38516821.048	3375061.343	2.867
38516820.799	3375061.409	2.867
38516820.558	3375061.475	2.867
38516820.318	3375061.542	2.868
38516820.078	3375061.608	2.868
38516819.848	3375061.674	2.869
38516819.560	3375061.751	2.869
38516819.339	3375061.817	2.869
38516819.108	3375061.872	2.869
38516818.887	3375061.927	2.870
38516818.657	3375061.994	2.870
38516818.445	3375062.049	2.871
38516818.225	3375062.104	2.871
38516818.013	3375062.170	2.871
38516817.802	3375062.225	2.872
38516817.591	3375062.280	2.872
38516817.379	3375062.335	2.872
38516817.178	3375062.390	2.872
38516816.976	3375062.445	2.873
38516816.774	3375062.490	2.874
38516816.544	3375062.556	2.874
38516816.313	3375062.622	2.874
38516816.083	3375062.677	2.875
38516815.852	3375062.743	2.875
38516815.631	3375062.798	2.876
38516815.382	3375062.864	2.876
38516815.094	3375062.941	2.877
38516814.882	3375062.997	2.877
38516814.681	3375063.041	2.877
38516814.479	3375063.096	2.878
38516814.277	3375063.151	2.878
38516814.076	3375063.206	2.878
38516813.855	3375063.261	2.879
38516813.634	3375063.316	2.880
38516813.422	3375063.371	2.879
38516813.211	3375063.426	2.880
38516813.000	3375063.481	2.880
38516812.798	3375063.537	2.881
38516812.596	3375063.581	2.881
38516812.376	3375063.636	2.881
38516812.164	3375063.702	2.882
38516811.953	3375063.746	2.882
38516811.751	3375063.801	2.882
38516811.521	3375063.856	2.883
38516811.310	3375063.911	2.883
38516811.098	3375063.966	2.884
