38509563.193	3368323.921	-0.483
38509563.394	3368323.855	-0.453
38509563.587	3368323.766	-0.402
38509563.769	3368323.678	-0.338
38509563.990	3368323.600	-0.281
38509564.192	3368323.534	-0.217
38509564.423	3368323.479	-0.135
38509564.624	3368323.446	-0.083
38509564.826	3368323.435	-0.014
38509565.037	3368323.424	0.043
38509565.268	3368323.435	0.112
38509565.498	3368323.458	0.162
38509565.710	3368323.491	0.200
38509565.940	3368323.536	0.235
38509566.161	3368323.591	0.281
38509566.372	3368323.658	0.312
38509566.603	3368323.725	0.343
38509566.805	3368323.802	0.371
38509567.025	3368323.880	0.397
38509567.218	3368323.969	0.409
38509567.419	3368324.058	0.421
38509567.621	3368324.147	0.429
38509567.813	3368324.225	0.431
38509567.995	3368324.313	0.431
38509568.187	3368324.402	0.428
38509568.399	3368324.502	0.424
38509568.620	3368324.602	0.419
38509568.812	3368324.691	0.408
38509569.023	3368324.780	0.396
38509569.224	3368324.880	0.392
38509569.445	3368324.969	0.374
38509569.647	3368325.047	0.357
38509569.849	3368325.124	0.339
38509570.079	3368325.213	0.316
38509570.281	3368325.291	0.287
38509570.502	3368325.358	0.268
38509570.723	3368325.424	0.239
38509570.991	3368325.491	0.211
38509571.241	3368325.558	0.177
38509571.452	3368325.591	0.155
38509571.712	3368325.636	0.123
38509571.914	3368325.669	0.100
38509572.182	3368325.703	0.083
38509572.394	3368325.725	0.052
38509572.663	3368325.748	0.032
38509572.864	3368325.759	0.003
38509573.076	3368325.770	-0.020
38509573.297	3368325.770	-0.042
38509573.575	3368325.748	-0.066
38509573.796	3368325.738	-0.089
38509574.017	3368325.716	-0.110
38509574.238	3368325.694	-0.127
38509574.440	3368325.672	-0.139
38509574.642	3368325.639	-0.163
38509574.959	3368325.594	-0.189
38509575.199	3368325.539	-0.205
38509575.564	3368325.462	-0.244
38509575.843	3368325.396	-0.255
38509576.083	3368325.329	-0.282
38509576.419	3368325.230	-0.295
38509576.621	3368325.175	-0.310
38509576.823	3368325.108	-0.327
38509577.044	3368325.031	-0.339
38509577.274	3368324.954	-0.349
38509577.592	3368324.832	-0.360
38509578.139	3368324.622	-0.382
38509578.408	3368324.511	-0.387
38509578.629	3368324.423	-0.394
38509579.206	3368324.179	-0.406
38509579.437	3368324.080	-0.409
38509579.811	3368323.914	-0.410
38509580.090	3368323.792	-0.411
38509580.282	3368323.703	-0.411
38509580.619	3368323.560	-0.411
38509580.897	3368323.438	-0.411
38509581.263	3368323.283	-0.410
38509581.522	3368323.161	-0.409
38509581.772	3368323.051	-0.408
38509581.983	3368322.962	-0.406
38509582.300	3368322.829	-0.406
38509582.483	3368322.741	-0.405
38509582.723	3368322.630	-0.404
38509583.031	3368322.486	-0.403
38509583.598	3368322.232	-0.402
38509584.040	3368322.033	-0.402
38509584.338	3368321.900	-0.403
38509584.761	3368321.712	-0.404
38509585.010	3368321.601	-0.404
38509585.260	3368321.491	-0.404
38509585.472	3368321.402	-0.404
38509585.693	3368321.303	-0.404
38509586.116	3368321.114	-0.404
38509586.433	3368320.982	-0.404
38509586.625	3368320.893	-0.404
38509586.856	3368320.794	-0.404
38509587.077	3368320.694	-0.404
38509587.307	3368320.594	-0.404
38509587.970	3368320.307	-0.405
38509588.201	3368320.207	-0.405
38509588.576	3368320.041	-0.405
38509588.778	3368319.953	-0.406
38509588.979	3368319.864	-0.406
38509589.191	3368319.765	-0.406
38509589.460	3368319.643	-0.407
38509589.844	3368319.477	-0.407
38509590.690	3368319.101	-0.410
38509591.295	3368318.835	-0.411
38509591.651	3368318.669	-0.412
38509591.872	3368318.581	-0.413
38509592.160	3368318.448	-0.413
38509592.727	3368318.194	-0.415
38509592.958	3368318.094	-0.415
38509593.227	3368317.972	-0.416
38509593.496	3368317.851	-0.417
38509593.727	3368317.740	-0.417
38509593.967	3368317.640	-0.418
38509594.284	3368317.497	-0.418
38509594.688	3368317.320	-0.420
38509595.053	3368317.154	-0.421
38509595.534	3368316.932	-0.421
38509595.860	3368316.777	-0.423
38509596.101	3368316.667	-0.423
38509596.725	3368316.379	-0.423
38509596.975	3368316.268	-0.423
38509597.350	3368316.091	-0.424
38509597.686	3368315.936	-0.424
38509597.936	3368315.826	-0.424
38509598.407	3368315.604	-0.424
38509598.878	3368315.394	-0.425
38509599.089	3368315.295	-0.425
38509599.397	3368315.151	-0.424
38509599.791	3368314.974	-0.423
38509600.175	3368314.786	-0.423
38509600.531	3368314.631	-0.422
38509600.925	3368314.443	-0.422
38509601.146	3368314.343	-0.421
38509601.588	3368314.133	-0.421
38509601.809	3368314.033	-0.420
38509602.030	3368313.934	-0.420
38509602.386	3368313.768	-0.420
38509602.693	3368313.624	-0.419
38509603.010	3368313.480	-0.419
38509603.270	3368313.358	-0.419
38509603.452	3368313.270	-0.418
38509603.673	3368313.170	-0.418
38509604.260	3368312.905	-0.417
38509604.577	3368312.761	-0.417
38509604.798	3368312.661	-0.416
38509605.028	3368312.562	-0.415
38509605.394	3368312.396	-0.415
38509605.711	3368312.252	-0.415
38509605.932	3368312.152	-0.414
38509606.297	3368311.997	-0.414
38509606.576	3368311.876	-0.414
38509607.220	3368311.588	-0.414
38509607.441	3368311.488	-0.414
38509607.719	3368311.367	-0.414
38509607.902	3368311.278	-0.414
38509608.229	3368311.134	-0.414
38509608.546	3368310.991	-0.415
38509609.103	3368310.747	-0.415
38509609.382	3368310.625	-0.415
38509609.564	3368310.537	-0.415
38509609.891	3368310.393	-0.415
38509610.074	3368310.305	-0.415
38509610.400	3368310.161	-0.416
38509610.823	3368309.973	-0.416
38509611.016	3368309.884	-0.416
38509611.246	3368309.774	-0.417
38509611.669	3368309.585	-0.417
38509611.861	3368309.497	-0.417
38509612.332	3368309.287	-0.417
38509612.620	3368309.154	-0.417
38509612.957	3368309.010	-0.417
38509613.149	3368308.922	-0.417
38509613.341	3368308.833	-0.416
38509613.774	3368308.634	-0.416
38509614.302	3368308.402	-0.416
38509614.504	3368308.313	-0.416
38509614.696	3368308.225	-0.415
38509614.888	3368308.136	-0.415
38509615.186	3368308.003	-0.414
38509615.475	3368307.870	-0.414
38509615.676	3368307.793	-0.414
38509616.070	3368307.616	-0.413
38509616.272	3368307.528	-0.412
38509616.513	3368307.417	-0.412
38509616.762	3368307.306	-0.412
38509617.262	3368307.085	-0.410
38509617.512	3368306.974	-0.410
38509617.762	3368306.864	-0.409
38509618.060	3368306.731	-0.408
38509618.262	3368306.642	-0.407
38509618.511	3368306.532	-0.407
38509618.761	3368306.432	-0.406
38509619.059	3368306.299	-0.405
38509619.367	3368306.167	-0.404
38509619.568	3368306.078	-0.403
38509619.972	3368305.901	-0.402
38509620.433	3368305.702	-0.401
38509620.635	3368305.613	-0.400
38509620.837	3368305.536	-0.400
38509621.193	3368305.381	-0.399
38509621.404	3368305.293	-0.398
38509621.606	3368305.204	-0.398
38509622.221	3368304.939	-0.397
38509622.480	3368304.828	-0.396
38509622.903	3368304.651	-0.395
38509623.326	3368304.474	-0.395
38509623.585	3368304.363	-0.394
38509623.797	3368304.275	-0.393
38509624.008	3368304.186	-0.393
38509624.383	3368304.032	-0.392
38509624.594	3368303.943	-0.392
38509624.806	3368303.855	-0.392
38509625.181	3368303.689	-0.392
38509625.402	3368303.600	-0.392
38509625.834	3368303.423	-0.392
38509626.478	3368303.146	-0.393
38509626.699	3368303.058	-0.393
38509626.920	3368302.970	-0.393
38509627.247	3368302.826	-0.393
38509627.631	3368302.671	-0.394
38509627.958	3368302.527	-0.394
38509628.294	3368302.383	-0.393
38509628.679	3368302.228	-0.394
38509628.900	3368302.129	-0.394
38509629.121	3368302.040	-0.394
38509629.678	3368301.808	-0.394
38509630.014	3368301.664	-0.394
38509630.235	3368301.576	-0.394
38509630.466	3368301.476	-0.395
38509630.687	3368301.388	-0.395
38509630.908	3368301.288	-0.395
38509631.139	3368301.199	-0.395
38509631.812	3368300.912	-0.396
38509632.033	3368300.823	-0.396
38509632.484	3368300.635	-0.396
38509632.878	3368300.469	-0.396
38509633.109	3368300.370	-0.396
38509633.388	3368300.259	-0.397
38509634.012	3368299.994	-0.397
38509634.291	3368299.872	-0.397
38509634.522	3368299.772	-0.397
38509634.973	3368299.584	-0.397
38509635.771	3368299.241	-0.397
38509636.001	3368299.153	-0.397
38509636.290	3368299.031	-0.397
38509636.693	3368298.854	-0.396
38509637.039	3368298.710	-0.396
38509637.270	3368298.611	-0.396
38509637.616	3368298.467	-0.396
38509638.193	3368298.224	-0.395
38509638.423	3368298.124	-0.395
38509638.779	3368297.980	-0.395
38509639.009	3368297.881	-0.395
38509639.355	3368297.726	-0.395
38509640.057	3368297.438	-0.394
38509640.758	3368297.139	-0.393
38509640.999	3368297.040	-0.393
38509641.297	3368296.918	-0.393
38509641.585	3368296.797	-0.393
38509641.825	3368296.697	-0.393
38509642.123	3368296.575	-0.392
38509642.354	3368296.476	-0.392
38509643.132	3368296.155	-0.391
38509643.488	3368296.011	-0.391
38509643.728	3368295.912	-0.391
38509644.083	3368295.768	-0.391
38509644.506	3368295.591	-0.390
38509644.987	3368295.392	-0.390
38509645.707	3368295.093	-0.389
38509646.005	3368294.971	-0.389
38509646.246	3368294.872	-0.388
38509646.793	3368294.650	-0.387
38509647.034	3368294.551	-0.387
38509647.697	3368294.274	-0.387
38509647.937	3368294.175	-0.386
38509648.177	3368294.086	-0.386
38509648.417	3368293.987	-0.386
38509649.023	3368293.743	-0.386
38509649.253	3368293.644	-0.386
38509649.494	3368293.544	-0.385
38509649.734	3368293.445	-0.384
38509650.339	3368293.212	-0.384
38509650.695	3368293.058	-0.384
38509651.291	3368292.825	-0.383
38509651.714	3368292.659	-0.383
38509652.492	3368292.339	-0.383
38509652.915	3368292.173	-0.383
38509653.155	3368292.073	-0.383
38509653.568	3368291.907	-0.383
38509653.808	3368291.808	-0.382
38509654.049	3368291.719	-0.382
38509654.347	3368291.597	-0.382
38509654.596	3368291.498	-0.382
38509654.894	3368291.376	-0.382
38509655.135	3368291.277	-0.382
38509655.490	3368291.133	-0.382
38509655.855	3368290.989	-0.382
38509656.096	3368290.901	-0.382
38509656.518	3368290.724	-0.382
38509656.816	3368290.602	-0.381
38509657.066	3368290.513	-0.381
38509657.729	3368290.248	-0.382
38509658.210	3368290.049	-0.381
38509658.633	3368289.883	-0.381
38509658.930	3368289.761	-0.381
38509659.363	3368289.595	-0.381
38509659.968	3368289.352	-0.380
38509660.324	3368289.208	-0.380
38509661.362	3368288.799	-0.380
38509661.660	3368288.677	-0.380
38509662.092	3368288.511	-0.380
38509662.573	3368288.312	-0.380
38509662.880	3368288.202	-0.380
38509663.485	3368287.958	-0.379
38509663.726	3368287.859	-0.379
38509664.033	3368287.737	-0.379
38509664.341	3368287.615	-0.378
38509664.946	3368287.383	-0.376
38509665.186	3368287.284	-0.375
38509665.427	3368287.184	-0.374
38509666.167	3368286.896	-0.372
38509666.407	3368286.808	-0.372
38509667.137	3368286.520	-0.368
38509667.387	3368286.421	-0.368
38509667.627	3368286.332	-0.367
38509667.867	3368286.233	-0.366
38509668.117	3368286.144	-0.365
38509668.540	3368285.978	-0.363
38509668.848	3368285.868	-0.362
38509669.098	3368285.768	-0.361
38509669.770	3368285.514	-0.359
38509670.010	3368285.425	-0.358
38509670.203	3368285.359	-0.358
38509670.693	3368285.171	-0.356
38509671.000	3368285.060	-0.356
38509671.308	3368284.939	-0.354
38509671.673	3368284.806	-0.353
38509671.923	3368284.718	-0.353
38509672.230	3368284.596	-0.352
38509672.538	3368284.485	-0.350
38509672.788	3368284.397	-0.350
38509673.162	3368284.253	-0.349
38509673.470	3368284.142	-0.349
38509673.787	3368284.032	-0.349
38509674.162	3368283.899	-0.347
38509674.719	3368283.700	-0.347
38509674.969	3368283.601	-0.347
38509675.276	3368283.490	-0.346
38509675.651	3368283.357	-0.345
38509675.968	3368283.247	-0.345
38509676.343	3368283.114	-0.344
38509676.775	3368282.959	-0.343
38509676.968	3368282.893	-0.343
38509677.275	3368282.782	-0.342
38509677.660	3368282.650	-0.342
38509678.092	3368282.495	-0.341
38509678.726	3368282.263	-0.340
38509679.034	3368282.163	-0.340
38509679.226	3368282.097	-0.340
38509679.418	3368282.030	-0.339
38509679.668	3368281.931	-0.339
38509680.043	3368281.798	-0.338
38509680.427	3368281.677	-0.338
38509680.677	3368281.588	-0.338
38509681.244	3368281.389	-0.337
38509681.436	3368281.323	-0.337
38509681.686	3368281.234	-0.336
38509682.195	3368281.057	-0.336
38509682.387	3368280.991	-0.336
38509682.704	3368280.880	-0.335
38509682.897	3368280.814	-0.334
38509683.214	3368280.703	-0.334
38509683.531	3368280.593	-0.334
38509683.723	3368280.526	-0.334
38509683.973	3368280.438	-0.334
38509684.809	3368280.151	-0.333
38509685.001	3368280.084	-0.334
38509685.376	3368279.951	-0.334
38509685.760	3368279.819	-0.333
38509686.087	3368279.708	-0.333
38509686.279	3368279.642	-0.333
38509686.596	3368279.531	-0.334
38509687.048	3368279.377	-0.334
38509687.365	3368279.266	-0.333
38509687.624	3368279.177	-0.334
38509687.817	3368279.111	-0.334
38509688.076	3368279.023	-0.334
38509688.335	3368278.923	-0.334
38509688.528	3368278.857	-0.334
38509688.778	3368278.768	-0.334
38509689.104	3368278.658	-0.334
38509689.296	3368278.591	-0.334
38509689.556	3368278.503	-0.334
38509689.873	3368278.392	-0.334
38509690.257	3368278.260	-0.334
38509690.517	3368278.171	-0.334
38509690.844	3368278.061	-0.334
38509691.103	3368277.972	-0.334
38509691.295	3368277.906	-0.334
38509691.680	3368277.773	-0.334
38509691.872	3368277.707	-0.334
38509692.391	3368277.530	-0.334
38509692.583	3368277.464	-0.334
38509692.785	3368277.397	-0.334
38509692.977	3368277.331	-0.334
38509693.697	3368277.088	-0.334
38509693.890	3368277.021	-0.334
38509694.149	3368276.922	-0.334
38509694.341	3368276.855	-0.333
38509694.543	3368276.789	-0.333
38509694.803	3368276.701	-0.333
38509695.062	3368276.612	-0.333
38509695.264	3368276.546	-0.333
38509695.523	3368276.457	-0.333
38509695.850	3368276.347	-0.333
38509696.311	3368276.192	-0.332
38509696.503	3368276.115	-0.332
38509696.772	3368276.026	-0.332
38509697.628	3368275.739	-0.331
38509698.425	3368275.462	-0.331
38509698.886	3368275.307	-0.330
38509699.156	3368275.219	-0.330
38509699.415	3368275.131	-0.330
38509699.684	3368275.031	-0.330
38509699.953	3368274.943	-0.330
38509700.482	3368274.766	-0.329
38509701.558	3368274.401	-0.328
38509701.760	3368274.334	-0.328
38509702.096	3368274.224	-0.328
38509702.432	3368274.102	-0.328
38509703.038	3368273.903	-0.328
38509703.239	3368273.837	-0.327
38509704.248	3368273.494	-0.326
38509704.518	3368273.406	-0.326
38509704.796	3368273.317	-0.326
38509704.998	3368273.240	-0.326
38509705.402	3368273.107	-0.326
38509705.815	3368272.974	-0.325
38509706.286	3368272.809	-0.325
38509706.833	3368272.632	-0.324
38509707.112	3368272.543	-0.324
38509707.448	3368272.433	-0.324
38509707.660	3368272.355	-0.324
38509707.862	3368272.289	-0.323
38509708.207	3368272.178	-0.323
38509708.409	3368272.112	-0.323
38509708.688	3368272.024	-0.323
38509709.024	3368271.902	-0.323
38509709.303	3368271.814	-0.322
38509709.582	3368271.725	-0.322
38509709.851	3368271.626	-0.322
38509710.264	3368271.493	-0.322
38509710.475	3368271.427	-0.322
38509710.821	3368271.305	-0.321
38509711.715	3368271.006	-0.321
38509712.061	3368270.896	-0.320
38509712.339	3368270.807	-0.320
38509712.618	3368270.708	-0.320
38509713.185	3368270.520	-0.320
38509713.742	3368270.343	-0.319
38509714.021	3368270.244	-0.319
38509714.588	3368270.056	-0.319
38509714.876	3368269.967	-0.319
38509715.155	3368269.868	-0.319
38509715.799	3368269.658	-0.319
38509716.010	3368269.591	-0.319
38509716.443	3368269.448	-0.319
38509716.865	3368269.315	-0.318
38509717.230	3368269.193	-0.318
38509717.442	3368269.127	-0.318
38509717.730	3368269.027	-0.317
38509718.018	3368268.939	-0.317
38509718.374	3368268.817	-0.316
38509718.662	3368268.729	-0.316
38509718.883	3368268.652	-0.316
38509719.316	3368268.519	-0.316
38509720.113	3368268.254	-0.314
38509720.334	3368268.187	-0.314
38509720.911	3368267.999	-0.312
38509721.199	3368267.911	-0.311
38509721.564	3368267.789	-0.311
38509721.785	3368267.723	-0.311
38509722.362	3368267.535	-0.309
38509723.015	3368267.336	-0.308
38509723.236	3368267.259	-0.308
38509723.966	3368267.026	-0.306
38509724.553	3368266.850	-0.305
38509725.735	3368266.485	-0.302
38509725.956	3368266.407	-0.302
38509726.253	3368266.319	-0.302
38509726.474	3368266.253	-0.302
38509726.849	3368266.131	-0.300
38509727.070	3368266.065	-0.299
38509727.522	3368265.921	-0.299
38509727.752	3368265.855	-0.299
38509728.050	3368265.766	-0.298
38509728.579	3368265.600	-0.298
38509729.040	3368265.468	-0.297
38509730.107	3368265.136	-0.295
38509730.491	3368265.026	-0.294
38509730.798	3368264.926	-0.294
38509731.173	3368264.816	-0.293
38509731.404	3368264.749	-0.293
38509731.711	3368264.661	-0.292
38509732.249	3368264.495	-0.292
38509732.557	3368264.407	-0.291
38509732.855	3368264.318	-0.291
38509733.085	3368264.241	-0.291
38509733.623	3368264.086	-0.290
38509733.931	3368263.998	-0.290
38509734.536	3368263.810	-0.290
38509735.459	3368263.545	-0.289
38509735.910	3368263.412	-0.289
38509736.141	3368263.346	-0.289
38509736.448	3368263.257	-0.288
38509736.669	3368263.191	-0.288
38509737.659	3368262.893	-0.288
38509738.120	3368262.760	-0.288
38509738.351	3368262.694	-0.288
38509738.582	3368262.627	-0.288
38509738.880	3368262.539	-0.287
38509739.187	3368262.450	-0.287
38509739.418	3368262.384	-0.287
38509739.725	3368262.285	-0.287
38509740.638	3368262.019	-0.287
38509740.869	3368261.953	-0.287
38509741.166	3368261.865	-0.287
38509741.628	3368261.732	-0.286
38509741.935	3368261.644	-0.286
38509742.387	3368261.511	-0.286
38509742.617	3368261.445	-0.286
38509742.925	3368261.356	-0.286
38509743.155	3368261.290	-0.286
38509743.924	3368261.069	-0.287
38509744.232	3368260.981	-0.287
38509744.606	3368260.859	-0.287
38509745.077	3368260.726	-0.287
38509745.538	3368260.594	-0.287
38509745.769	3368260.527	-0.287
38509746.000	3368260.461	-0.287
38509746.307	3368260.362	-0.287
38509746.701	3368260.251	-0.287
38509747.095	3368260.141	-0.287
38509747.479	3368260.019	-0.288
38509747.720	3368259.953	-0.288
38509748.191	3368259.820	-0.288
38509748.431	3368259.743	-0.288
38509748.661	3368259.676	-0.289
38509748.902	3368259.610	-0.289
38509749.142	3368259.533	-0.289
38509749.930	3368259.301	-0.289
38509750.564	3368259.113	-0.289
38509750.804	3368259.046	-0.289
38509751.208	3368258.925	-0.289
38509751.525	3368258.836	-0.289
38509751.765	3368258.770	-0.289
38509752.082	3368258.671	-0.288
38509752.322	3368258.604	-0.288
38509752.639	3368258.505	-0.288
38509753.283	3368258.317	-0.287
38509753.917	3368258.129	-0.286
38509754.235	3368258.041	-0.286
38509754.561	3368257.952	-0.286
38509754.878	3368257.853	-0.285
38509755.676	3368257.621	-0.285
38509756.156	3368257.488	-0.284
38509756.637	3368257.344	-0.283
38509756.877	3368257.278	-0.283
38509757.117	3368257.201	-0.283
38509757.915	3368256.969	-0.282
38509758.318	3368256.858	-0.281
38509758.558	3368256.792	-0.280
38509759.202	3368256.604	-0.279
38509759.529	3368256.516	-0.279
38509761.297	3368256.007	-0.276
38509761.701	3368255.897	-0.276
38509762.267	3368255.742	-0.275
38509763.565	3368255.377	-0.273
38509764.055	3368255.234	-0.272
38509764.958	3368254.991	-0.272
38509765.208	3368254.924	-0.271
38509765.707	3368254.781	-0.270
38509766.034	3368254.692	-0.269
38509766.361	3368254.604	-0.269
38509766.697	3368254.504	-0.269
38509767.110	3368254.394	-0.269
38509767.533	3368254.283	-0.267
38509768.033	3368254.151	-0.267
38509768.446	3368254.029	-0.266
38509769.032	3368253.875	-0.265
38509769.368	3368253.786	-0.265
38509769.705	3368253.698	-0.264
38509770.031	3368253.609	-0.264
38509770.541	3368253.466	-0.263
38509771.377	3368253.245	-0.262
38509771.703	3368253.156	-0.261
38509772.040	3368253.068	-0.261
38509772.376	3368252.980	-0.260
38509772.712	3368252.891	-0.260
38509773.212	3368252.759	-0.259
38509773.548	3368252.670	-0.259
38509774.384	3368252.449	-0.258
38509775.047	3368252.284	-0.257
38509775.383	3368252.195	-0.256
38509775.720	3368252.107	-0.256
38509776.133	3368251.996	-0.255
38509776.469	3368251.908	-0.255
38509776.719	3368251.842	-0.254
38509777.219	3368251.720	-0.254
38509777.718	3368251.588	-0.253
38509778.045	3368251.499	-0.253
38509778.545	3368251.378	-0.252
38509778.871	3368251.289	-0.251
38509779.544	3368251.124	-0.250
38509779.784	3368251.057	-0.250
38509780.207	3368250.958	-0.250
38509780.534	3368250.869	-0.249
38509780.870	3368250.792	-0.249
38509781.869	3368250.538	-0.248
38509782.378	3368250.406	-0.247
38509782.715	3368250.328	-0.247
38509783.387	3368250.151	-0.247
38509783.724	3368250.063	-0.246
38509784.060	3368249.986	-0.246
38509784.656	3368249.831	-0.246
38509785.242	3368249.688	-0.245
38509785.588	3368249.599	-0.244
38509785.924	3368249.511	-0.244
38509786.260	3368249.433	-0.244
38509786.683	3368249.323	-0.243
38509787.106	3368249.224	-0.243
38509787.452	3368249.135	-0.243
38509787.788	3368249.058	-0.242
38509788.461	3368248.892	-0.242
38509789.479	3368248.638	-0.241
38509789.902	3368248.539	-0.240
38509790.152	3368248.472	-0.240
38509791.843	3368248.064	-0.238
38509792.102	3368248.009	-0.238
38509792.352	3368247.953	-0.238
38509792.688	3368247.865	-0.238
38509793.620	3368247.644	-0.237
38509793.870	3368247.578	-0.237
38509795.225	3368247.258	-0.235
38509795.484	3368247.202	-0.235
38509795.734	3368247.136	-0.234
38509795.994	3368247.081	-0.234
38509796.580	3368246.937	-0.234
38509796.916	3368246.860	-0.233
38509797.262	3368246.783	-0.232
38509797.598	3368246.705	-0.232
38509797.935	3368246.617	-0.232
38509798.184	3368246.562	-0.232
38509798.521	3368246.485	-0.232
38509798.780	3368246.429	-0.231
38509799.116	3368246.352	-0.231
38509799.453	3368246.275	-0.230
38509801.144	3368245.877	-0.228
38509801.394	3368245.822	-0.228
38509801.643	3368245.767	-0.227
38509801.903	3368245.700	-0.227
38509802.153	3368245.645	-0.227
38509802.489	3368245.568	-0.227
38509803.584	3368245.325	-0.225
38509804.180	3368245.182	-0.225
38509804.516	3368245.115	-0.225
38509805.362	3368244.917	-0.223
38509805.698	3368244.839	-0.223
38509806.034	3368244.773	-0.223
38509806.371	3368244.696	-0.222
38509806.793	3368244.596	-0.222
38509807.053	3368244.541	-0.221
38509807.552	3368244.431	-0.221
38509807.889	3368244.353	-0.221
38509808.484	3368244.221	-0.220
38509809.244	3368244.055	-0.219
38509810.329	3368243.812	-0.219
38509810.915	3368243.691	-0.218
38509811.252	3368243.614	-0.218
38509811.838	3368243.481	-0.217
38509812.088	3368243.426	-0.217
38509812.751	3368243.282	-0.217
38509813.414	3368243.139	-0.217
38509813.740	3368243.073	-0.217
38509814.240	3368242.962	-0.216
38509814.663	3368242.874	-0.216
38509815.076	3368242.786	-0.216
38509815.912	3368242.609	-0.216
38509816.238	3368242.532	-0.216
38509817.247	3368242.322	-0.216
38509817.584	3368242.245	-0.216
38509818.083	3368242.134	-0.216
38509818.333	3368242.090	-0.216
38509818.842	3368241.980	-0.215
38509819.601	3368241.814	-0.215
38509820.351	3368241.660	-0.214
38509820.610	3368241.604	-0.214
38509820.860	3368241.549	-0.214
38509821.273	3368241.461	-0.214
38509821.609	3368241.384	-0.214
38509821.859	3368241.328	-0.214
38509822.282	3368241.240	-0.213
38509822.618	3368241.174	-0.212
38509822.945	3368241.097	-0.212
38509823.781	3368240.920	-0.211
38509824.607	3368240.743	-0.210
38509825.270	3368240.611	-0.209
38509825.520	3368240.556	-0.209
38509825.770	3368240.501	-0.208
38509826.260	3368240.401	-0.208
38509826.759	3368240.291	-0.207
38509827.086	3368240.225	-0.207
38509827.336	3368240.169	-0.207
38509827.586	3368240.125	-0.206
38509828.076	3368240.015	-0.205
38509828.402	3368239.949	-0.205
38509828.739	3368239.882	-0.205
38509829.229	3368239.783	-0.204
38509829.555	3368239.717	-0.204
38509829.882	3368239.651	-0.204
38509830.132	3368239.595	-0.203
38509830.458	3368239.529	-0.203
38509831.861	3368239.253	-0.202
38509832.188	3368239.187	-0.202
38509832.438	3368239.132	-0.202
38509834.023	3368238.823	-0.200
38509834.523	3368238.724	-0.199
38509835.195	3368238.591	-0.198
38509835.445	3368238.536	-0.198
38509835.705	3368238.492	-0.197
38509836.041	3368238.426	-0.197
38509836.713	3368238.293	-0.197
38509836.973	3368238.238	-0.196
38509837.223	3368238.194	-0.196
38509837.568	3368238.128	-0.196
38509837.991	3368238.039	-0.195
38509839.019	3368237.841	-0.194
38509839.279	3368237.797	-0.194
38509840.134	3368237.631	-0.193
38509840.384	3368237.576	-0.192
38509840.730	3368237.510	-0.192
38509840.989	3368237.466	-0.192
38509841.325	3368237.399	-0.191
38509842.699	3368237.146	-0.189
38509843.804	3368236.936	-0.187
38509844.140	3368236.870	-0.186
38509844.573	3368236.793	-0.186
38509844.823	3368236.749	-0.185
38509845.082	3368236.693	-0.185
38509845.755	3368236.572	-0.184
38509846.946	3368236.362	-0.181
38509847.205	3368236.307	-0.181
38509847.542	3368236.252	-0.181
38509847.878	3368236.186	-0.180
38509848.137	3368236.142	-0.179
38509849.156	3368235.965	-0.178
38509849.675	3368235.877	-0.177
38509850.020	3368235.811	-0.176
38509850.357	3368235.756	-0.176
38509851.135	3368235.623	-0.175
38509852.509	3368235.381	-0.174
38509852.768	3368235.337	-0.174
38509853.114	3368235.282	-0.173
38509853.719	3368235.182	-0.173
38509854.065	3368235.116	-0.173
38509854.498	3368235.050	-0.172
38509854.767	3368235.006	-0.172
38509855.372	3368234.896	-0.172
38509855.631	3368234.852	-0.172
38509855.987	3368234.796	-0.171
38509856.333	3368234.730	-0.171
38509856.852	3368234.642	-0.171
38509857.207	3368234.587	-0.171
38509857.736	3368234.499	-0.171
38509858.168	3368234.422	-0.171
38509858.869	3368234.300	-0.170
38509859.657	3368234.168	-0.170
38509860.628	3368234.002	-0.169
38509860.973	3368233.947	-0.169
38509861.329	3368233.881	-0.169
38509861.675	3368233.826	-0.169
38509862.030	3368233.771	-0.168
38509862.732	3368233.650	-0.168
38509862.991	3368233.606	-0.168
38509863.606	3368233.506	-0.167
38509864.134	3368233.418	-0.167
38509864.576	3368233.341	-0.166
38509865.191	3368233.242	-0.165
38509866.066	3368233.098	-0.164
38509866.777	3368232.988	-0.164
38509867.833	3368232.823	-0.162
38509868.544	3368232.702	-0.162
38509869.073	3368232.624	-0.162
38509869.870	3368232.492	-0.159
38509870.226	3368232.437	-0.159
38509870.668	3368232.371	-0.158
38509871.196	3368232.294	-0.158
38509871.638	3368232.217	-0.157
38509872.080	3368232.150	-0.157
38509872.522	3368232.084	-0.156
38509872.791	3368232.040	-0.156
38509873.848	3368231.875	-0.154
38509874.117	3368231.842	-0.154
38509874.559	3368231.776	-0.154
38509875.443	3368231.632	-0.151
38509875.702	3368231.599	-0.151
38509875.971	3368231.555	-0.151
38509876.759	3368231.445	-0.150
38509877.028	3368231.401	-0.149
38509877.470	3368231.335	-0.148
38509877.902	3368231.269	-0.148
38509878.258	3368231.225	-0.146
38509878.786	3368231.148	-0.146
38509879.219	3368231.082	-0.145
38509880.016	3368230.971	-0.143
38509880.535	3368230.894	-0.142
38509881.150	3368230.817	-0.142
38509881.409	3368230.773	-0.141
38509881.678	3368230.740	-0.140
38509881.937	3368230.707	-0.140
38509882.812	3368230.586	-0.139
38509883.849	3368230.443	-0.137
38509884.109	3368230.410	-0.137
38509884.464	3368230.366	-0.136
38509884.724	3368230.322	-0.135
38509885.242	3368230.256	-0.134
38509885.588	3368230.212	-0.134
38509885.934	3368230.168	-0.133
38509886.280	3368230.124	-0.133
38509886.626	3368230.068	-0.131
38509887.145	3368230.002	-0.131
38509887.837	3368229.914	-0.129
38509888.096	3368229.881	-0.129
38509888.355	3368229.848	-0.129
38509888.615	3368229.815	-0.128
38509889.220	3368229.738	-0.127
38509889.652	3368229.694	-0.127
38509889.912	3368229.661	-0.126
38509890.431	3368229.595	-0.125
38509890.776	3368229.551	-0.124
38509891.209	3368229.496	-0.124
38509891.468	3368229.463	-0.124
38509891.814	3368229.430	-0.123
38509892.160	3368229.386	-0.123
38509893.015	3368229.287	-0.121
38509893.361	3368229.243	-0.121
38509894.658	3368229.089	-0.119
38509894.908	3368229.067	-0.119
38509895.945	3368228.946	-0.117
38509896.195	3368228.924	-0.117
38509896.964	3368228.836	-0.115
38509897.309	3368228.792	-0.115
38509897.742	3368228.748	-0.114
38509898.164	3368228.704	-0.114
38509898.760	3368228.638	-0.113
38509899.183	3368228.594	-0.113
38509899.529	3368228.550	-0.112
38509899.865	3368228.517	-0.112
38509900.201	3368228.484	-0.111
38509900.547	3368228.440	-0.111
38509900.883	3368228.407	-0.110
38509901.133	3368228.374	-0.110
38509901.393	3368228.352	-0.110
38509901.729	3368228.319	-0.109
38509902.315	3368228.253	-0.108
38509902.574	3368228.232	-0.108
38509903.247	3368228.155	-0.107
38509903.497	3368228.133	-0.106
38509903.833	3368228.100	-0.106
38509904.092	3368228.067	-0.106
38509904.428	3368228.034	-0.106
38509904.678	3368228.012	-0.105
38509905.014	3368227.979	-0.104
38509905.264	3368227.946	-0.104
38509905.850	3368227.891	-0.103
38509906.187	3368227.858	-0.102
38509906.436	3368227.836	-0.102
38509906.773	3368227.803	-0.101
38509907.109	3368227.770	-0.101
38509907.359	3368227.748	-0.100
38509907.608	3368227.715	-0.100
38509908.118	3368227.671	-0.099
38509909.367	3368227.550	-0.099
38509910.126	3368227.474	-0.099
38509910.375	3368227.452	-0.099
38509910.712	3368227.419	-0.099
38509910.961	3368227.397	-0.099
38509911.288	3368227.364	-0.099
38509911.788	3368227.320	-0.099
38509912.287	3368227.265	-0.099
38509912.787	3368227.221	-0.099
38509913.123	3368227.188	-0.099
38509914.362	3368227.067	-0.099
38509914.775	3368227.034	-0.099
38509915.361	3368226.979	-0.099
38509915.775	3368226.935	-0.099
38509916.101	3368226.902	-0.098
38509916.601	3368226.859	-0.098
38509917.341	3368226.782	-0.098
38509917.590	3368226.760	-0.098
38509917.927	3368226.727	-0.098
38509918.253	3368226.705	-0.098
38509919.416	3368226.584	-0.098
38509920.079	3368226.529	-0.097
38509920.328	3368226.496	-0.097
38509920.578	3368226.474	-0.097
38509920.828	3368226.452	-0.097
38509921.078	3368226.430	-0.097
38509921.414	3368226.397	-0.097
38509922.087	3368226.343	-0.097
38509922.836	3368226.266	-0.097
38509923.086	3368226.244	-0.097
38509923.422	3368226.211	-0.097
38509924.171	3368226.145	-0.097
38509924.767	3368226.090	-0.097
38509925.603	3368226.002	-0.096
38509926.112	3368225.958	-0.096
38509926.448	3368225.925	-0.096
38509926.784	3368225.892	-0.096
38509927.534	3368225.826	-0.096
38509927.793	3368225.805	-0.096
38509928.129	3368225.772	-0.096
38509928.879	3368225.706	-0.096
38509929.129	3368225.673	-0.096
38509929.465	3368225.651	-0.096
38509929.801	3368225.618	-0.096
38509930.310	3368225.574	-0.095
38509930.896	3368225.519	-0.095
38509931.233	3368225.486	-0.095
38509931.569	3368225.453	-0.095
38509932.414	3368225.376	-0.095
38509932.664	3368225.354	-0.095
38509933.010	3368225.322	-0.095
38509933.346	3368225.289	-0.095
38509934.374	3368225.190	-0.094
38509935.239	3368225.113	-0.093
38509936.017	3368225.047	-0.093
38509936.276	3368225.025	-0.093
38509937.842	3368224.883	-0.091
38509938.361	3368224.839	-0.091
38509938.707	3368224.806	-0.090
38509939.485	3368224.740	-0.090
38509940.090	3368224.685	-0.089
38509940.446	3368224.652	-0.088
38509940.705	3368224.630	-0.088
38509941.051	3368224.608	-0.088
38509941.483	3368224.564	-0.088
38509942.175	3368224.510	-0.087
38509942.780	3368224.455	-0.087
38509943.040	3368224.433	-0.087
38509943.386	3368224.411	-0.086
38509943.818	3368224.367	-0.086
38509944.596	3368224.301	-0.085
38509944.942	3368224.279	-0.085
38509945.461	3368224.235	-0.084
38509946.325	3368224.170	-0.084
38509946.671	3368224.137	-0.083
38509946.940	3368224.115	-0.083
38509947.200	3368224.093	-0.083
38509947.546	3368224.071	-0.083
38509947.978	3368224.038	-0.082
38509948.679	3368223.972	-0.082
38509949.467	3368223.918	-0.081
38509949.736	3368223.896	-0.081
38509950.178	3368223.863	-0.081
38509950.706	3368223.819	-0.081
38509951.062	3368223.797	-0.080
38509951.869	3368223.731	-0.079
38509952.311	3368223.698	-0.079
38509952.666	3368223.666	-0.079
38509953.118	3368223.633	-0.079
38509953.473	3368223.611	-0.079
38509953.742	3368223.589	-0.079
38509954.107	3368223.567	-0.078
38509955.913	3368223.425	-0.077
38509956.278	3368223.403	-0.077
38509956.912	3368223.359	-0.077
38509957.181	3368223.337	-0.077
38509957.460	3368223.315	-0.077
38509957.729	3368223.293	-0.077
38509958.277	3368223.261	-0.076
38509958.920	3368223.206	-0.076
38509959.285	3368223.184	-0.076
38509959.660	3368223.162	-0.076
38509960.304	3368223.118	-0.075
38509960.669	3368223.085	-0.075
38509961.034	3368223.063	-0.075
38509961.591	3368223.020	-0.074
38509962.052	3368222.987	-0.074
38509962.705	3368222.943	-0.073
38509963.071	3368222.921	-0.073
38509963.714	3368222.877	-0.073
38509964.464	3368222.834	-0.072
38509964.742	3368222.812	-0.072
38509965.107	3368222.790	-0.071
38509965.482	3368222.757	-0.071
38509966.135	3368222.713	-0.071
38509966.414	3368222.703	-0.071
38509967.528	3368222.626	-0.069
38509968.172	3368222.582	-0.068
38509968.460	3368222.560	-0.068
38509968.825	3368222.538	-0.068
38509969.200	3368222.517	-0.068
38509969.853	3368222.473	-0.067
38509970.314	3368222.440	-0.067
38509970.689	3368222.418	-0.066
38509971.333	3368222.375	-0.065
38509971.890	3368222.342	-0.065
38509972.168	3368222.320	-0.065
38509972.543	3368222.298	-0.064
38509973.091	3368222.265	-0.063
38509973.369	3368222.243	-0.063
38509973.744	3368222.222	-0.062
38509974.388	3368222.189	-0.062
38509975.223	3368222.134	-0.061
38509975.684	3368222.112	-0.060
38509976.050	3368222.091	-0.060
38509976.424	3368222.069	-0.059
38509976.703	3368222.047	-0.059
38509976.972	3368222.036	-0.059
38509977.250	3368222.025	-0.058
38509977.990	3368221.982	-0.057
38509978.365	3368221.960	-0.057
38509978.634	3368221.949	-0.057
38509979.008	3368221.927	-0.056
38509979.373	3368221.916	-0.056
38509979.931	3368221.884	-0.055
38509980.392	3368221.862	-0.054
38509980.766	3368221.840	-0.054
38509981.045	3368221.829	-0.054
38509981.410	3368221.807	-0.053
38509982.246	3368221.775	-0.052
38509982.707	3368221.753	-0.052
38509983.082	3368221.731	-0.051
38509983.908	3368221.688	-0.051
38509984.369	3368221.677	-0.049
38509984.744	3368221.655	-0.049
38509985.301	3368221.633	-0.048
38509985.666	3368221.612	-0.048
38509985.945	3368221.601	-0.047
38509986.223	3368221.590	-0.047
38509986.771	3368221.568	-0.047
38509987.049	3368221.557	-0.047
38509987.328	3368221.547	-0.047
38509987.607	3368221.536	-0.045
38509988.164	3368221.514	-0.045
38509988.442	3368221.503	-0.045
38509988.903	3368221.482	-0.044
38509989.547	3368221.460	-0.043
38509989.826	3368221.449	-0.043
38509990.104	3368221.438	-0.043
38509990.479	3368221.417	-0.042
38509991.305	3368221.395	-0.041
38509991.584	3368221.384	-0.040
38509991.862	3368221.373	-0.040
38509992.141	3368221.363	-0.040
38509993.342	3368221.319	-0.038
38509993.803	3368221.309	-0.038
38509994.178	3368221.287	-0.038
38509994.543	3368221.276	-0.037
38509995.465	3368221.255	-0.036
38509995.743	3368221.244	-0.036
38509996.205	3368221.233	-0.035
38509996.570	3368221.223	-0.034
38509997.300	3368221.190	-0.034
38509998.673	3368221.147	-0.032
38509999.317	3368221.136	-0.031
38509999.673	3368221.126	-0.030
38510000.038	3368221.115	-0.030
38510000.950	3368221.094	-0.029
38510001.315	3368221.083	-0.028
38510001.584	3368221.072	-0.028
38510002.132	3368221.061	-0.028
38510002.852	3368221.040	-0.026
38510003.304	3368221.029	-0.026
38510003.659	3368221.018	-0.025
38510004.197	3368221.008	-0.025
38510004.735	3368220.997	-0.023
38510005.638	3368220.987	-0.021
38510006.080	3368220.976	-0.019
38510006.436	3368220.966	-0.018
38510007.060	3368220.955	-0.016
38510007.329	3368220.955	-0.015
38510007.867	3368220.945	-0.014
38510008.136	3368220.945	-0.013
38510009.106	3368220.935	-0.010
38510009.462	3368220.935	-0.010
38510009.817	3368220.935	-0.010
38510010.076	3368220.936	-0.007
38510010.605	3368220.925	-0.006
38510011.661	3368220.926	-0.003
38510012.190	3368220.927	-0.002
38510012.536	3368220.927	-0.000
38510012.968	3368220.927	0.001
38510013.410	3368220.928	0.001
38510013.929	3368220.939	0.003
38510014.966	3368220.940	0.007
38510015.485	3368220.952	0.008
38510016.004	3368220.952	0.008
38510016.522	3368220.964	0.010
38510016.772	3368220.964	0.012
38510017.204	3368220.976	0.013
38510018.155	3368220.987	0.016
38510018.405	3368220.988	0.017
38510018.751	3368220.999	0.017
38510019.606	3368221.022	0.020
38510020.125	3368221.034	0.022
38510021.066	3368221.057	0.024
38510021.575	3368221.068	0.026
38510021.835	3368221.068	0.026
38510022.267	3368221.091	0.026
38510022.526	3368221.091	0.028
38510022.862	3368221.103	0.029
38510023.295	3368221.114	0.029
38510023.554	3368221.125	0.032
38510024.159	3368221.148	0.033
38510024.582	3368221.160	0.035
38510024.841	3368221.171	0.035
38510025.446	3368221.194	0.037
38510025.706	3368221.194	0.037
38510025.956	3368221.205	0.038
38510026.647	3368221.239	0.041
38510027.079	3368221.251	0.042
38510027.339	3368221.262	0.042
38510027.675	3368221.273	0.044
38510028.021	3368221.296	0.044
38510029.222	3368221.352	0.047
38510029.654	3368221.375	0.049
38510030.259	3368221.398	0.050
38510030.768	3368221.431	0.052
38510031.719	3368221.477	0.054
38510032.065	3368221.499	0.055
38510032.488	3368221.522	0.056
38510033.871	3368221.612	0.060
38510034.390	3368221.645	0.061
38510034.985	3368221.679	0.063
38510035.417	3368221.713	0.064
38510035.936	3368221.747	0.065
38510036.195	3368221.769	0.065
38510036.628	3368221.792	0.066
38510036.964	3368221.814	0.068
38510038.347	3368221.915	0.071
38510038.693	3368221.938	0.073
38510039.029	3368221.971	0.073
38510039.288	3368221.983	0.073
38510039.894	3368222.039	0.073
38510040.239	3368222.061	0.073
38510040.576	3368222.084	0.077
38510040.921	3368222.117	0.077
38510041.786	3368222.184	0.079
38510042.209	3368222.218	0.079
38510042.468	3368222.240	0.079
38510042.814	3368222.274	0.081
38510043.073	3368222.296	0.081
38510043.505	3368222.330	0.081
38510043.755	3368222.353	0.082
38510044.187	3368222.386	0.082
38510045.042	3368222.465	0.082
38510045.734	3368222.521	0.082
38510045.993	3368222.543	0.082
38510046.589	3368222.588	0.082
38510046.848	3368222.610	0.082
38510047.107	3368222.633	0.082
38510047.444	3368222.666	0.082
38510048.385	3368222.745	0.081
38510048.644	3368222.767	0.081
38510049.163	3368222.812	0.081
38510049.932	3368222.879	0.080
38510050.277	3368222.902	0.080
38510051.305	3368222.991	0.078
38510051.901	3368223.036	0.077
38510052.419	3368223.081	0.077
38510052.756	3368223.104	0.077
38510053.015	3368223.126	0.076
38510053.361	3368223.160	0.076
38510053.620	3368223.182	0.076
38510055.416	3368223.317	0.074
38510055.676	3368223.339	0.074
38510056.012	3368223.362	0.073
38510056.444	3368223.395	0.073
38510056.780	3368223.429	0.072
38510057.040	3368223.440	0.072
38510057.299	3368223.463	0.072
38510058.154	3368223.530	0.071
38510058.500	3368223.552	0.071
38510058.750	3368223.575	0.071
38510059.095	3368223.597	0.070
38510059.441	3368223.620	0.069
38510059.691	3368223.642	0.069
38510060.123	3368223.665	0.069
38510060.805	3368223.721	0.068
38510061.237	3368223.743	0.067
38510061.833	3368223.788	0.067
38510062.169	3368223.811	0.066
38510062.515	3368223.833	0.066
38510063.879	3368223.934	0.064
38510064.138	3368223.946	0.064
38510064.388	3368223.968	0.063
38510064.820	3368223.991	0.062
38510065.157	3368224.013	0.062
38510065.579	3368224.047	0.061
38510065.925	3368224.069	0.061
38510066.857	3368224.125	0.060
38510068.807	3368224.249	0.057
38510069.566	3368224.294	0.057
38510070.488	3368224.351	0.057
38510070.910	3368224.373	0.058
38510071.160	3368224.396	0.058
38510071.919	3368224.441	0.058
38510072.169	3368224.452	0.059
38510072.419	3368224.474	0.059
38510073.514	3368224.542	0.060
38510074.013	3368224.576	0.060
38510075.848	3368224.688	0.061
38510076.520	3368224.733	0.062
38510076.847	3368224.756	0.063
38510077.183	3368224.778	0.063
38510078.509	3368224.868	0.064
38510079.421	3368224.935	0.064
38510079.671	3368224.947	0.065
38510080.247	3368224.992	0.065
38510080.747	3368225.025	0.065
38510081.736	3368225.093	0.066
38510082.140	3368225.126	0.066
38510082.476	3368225.149	0.066
38510083.619	3368225.227	0.067
38510083.946	3368225.250	0.067
38510084.272	3368225.272	0.068
38510084.522	3368225.284	0.068
38510085.175	3368225.329	0.068
38510085.579	3368225.362	0.068
38510085.828	3368225.374	0.068
38510086.068	3368225.396	0.068
38510086.808	3368225.441	0.068
38510087.048	3368225.463	0.068
38510087.788	3368225.508	0.069
38510088.355	3368225.553	0.069
38510088.844	3368225.587	0.069
38510089.575	3368225.643	0.070
38510089.978	3368225.677	0.070
38510090.381	3368225.699	0.071
38510091.524	3368225.789	0.071
38510091.928	3368225.812	0.071
38510092.168	3368225.834	0.071
38510092.985	3368225.890	0.071
38510093.311	3368225.924	0.071
38510093.551	3368225.935	0.071
38510093.801	3368225.958	0.072
38510094.204	3368225.991	0.072
38510095.107	3368226.058	0.073
38510095.511	3368226.081	0.073
38510096.087	3368226.126	0.073
38510096.577	3368226.171	0.073
38510096.817	3368226.182	0.073
38510098.210	3368226.294	0.074
38510098.863	3368226.350	0.074
38510099.680	3368226.406	0.075
38510100.093	3368226.440	0.075
38510100.343	3368226.462	0.075
38510100.669	3368226.485	0.075
38510100.996	3368226.518	0.074
38510101.649	3368226.563	0.074
38510101.899	3368226.586	0.074
38510102.225	3368226.608	0.074
38510102.465	3368226.631	0.074
38510103.128	3368226.687	0.073
38510103.532	3368226.709	0.073
38510105.011	3368226.833	0.070
38510105.261	3368226.844	0.069
38510105.510	3368226.866	0.069
38510106.413	3368226.934	0.068
38510106.653	3368226.945	0.067
38510106.903	3368226.967	0.067
38510107.153	3368226.990	0.066
38510107.969	3368227.046	0.065
38510108.296	3368227.068	0.064
38510108.623	3368227.091	0.064
38510109.122	3368227.125	0.063
38510109.526	3368227.147	0.063
38510110.842	3368227.237	0.060
38510111.245	3368227.260	0.060
38510111.821	3368227.293	0.058
38510112.888	3368227.361	0.056
38510113.214	3368227.383	0.056
38510113.541	3368227.406	0.055
38510114.597	3368227.462	0.053
38510114.924	3368227.485	0.053
38510115.174	3368227.496	0.052
38510115.577	3368227.519	0.052
38510116.154	3368227.553	0.051
38510116.644	3368227.586	0.049
38510117.863	3368227.654	0.046
38510119.007	3368227.710	0.045
38510119.410	3368227.722	0.042
38510119.900	3368227.744	0.041
38510121.610	3368227.824	0.038
38510122.013	3368227.846	0.037
38510122.830	3368227.880	0.034
38510123.320	3368227.892	0.033
38510123.560	3368227.903	0.033
38510124.040	3368227.926	0.032
38510124.847	3368227.949	0.030
38510125.894	3368227.983	0.027
38510126.221	3368227.994	0.026
38510126.538	3368228.006	0.026
38510127.335	3368228.029	0.023
38510127.652	3368228.040	0.023
38510128.372	3368228.052	0.021
38510128.930	3368228.074	0.019
38510129.400	3368228.086	0.019
38510129.717	3368228.086	0.017
38510130.976	3368228.110	0.014
38510131.293	3368228.121	0.013
38510131.610	3368228.121	0.012
38510131.994	3368228.133	0.011
38510132.859	3368228.145	0.010
38510133.166	3368228.156	0.009
38510133.714	3368228.156	0.008
38510134.098	3368228.157	0.008
38510134.866	3368228.169	0.006
38510135.097	3368228.169	0.006
38510135.404	3368228.180	0.006
38510136.096	3368228.181	0.006
38510136.711	3368228.192	0.005
38510136.932	3368228.193	0.005
38510137.470	3368228.193	0.004
38510138.296	3368228.205	0.003
38510138.968	3368228.206	0.003
38510139.410	3368228.206	0.002
38510139.929	3368228.218	0.002
38510140.150	3368228.218	0.002
38510140.371	3368228.218	0.002
38510141.399	3368228.219	0.001
38510141.985	3368228.220	0.002
38510142.350	3368228.220	0.002
38510142.715	3368228.220	0.002
38510143.291	3368228.232	0.002
38510143.512	3368228.232	0.002
38510144.886	3368228.233	0.003
38510145.395	3368228.234	0.003
38510145.971	3368228.245	0.003
38510146.259	3368228.246	0.003
38510146.548	3368228.246	0.004
38510146.913	3368228.246	0.004
38510147.268	3368228.247	0.003
38510147.844	3368228.258	0.004
38510148.209	3368228.259	0.004
38510148.421	3368228.259	0.004
38510148.632	3368228.259	0.004
38510148.920	3368228.259	0.004
38510149.141	3368228.260	0.004
38510149.564	3368228.260	0.005
38510149.852	3368228.271	0.005
38510150.563	3368228.272	0.005
38510150.851	3368228.272	0.005
38510151.495	3368228.273	0.006
38510151.985	3368228.284	0.007
38510152.974	3368228.285	0.008
38510153.675	3368228.297	0.009
38510153.887	3368228.297	0.009
38510154.165	3368228.297	0.010
38510154.790	3368228.309	0.010
38510155.068	3368228.309	0.010
38510155.347	3368228.321	0.011
38510155.693	3368228.321	0.011
38510156.048	3368228.332	0.011
38510156.461	3368228.333	0.011
38510157.979	3368228.356	0.011
38510158.603	3368228.368	0.011
38510158.872	3368228.368	0.011
38510159.084	3368228.369	0.011
38510159.420	3368228.380	0.011
38510159.699	3368228.380	0.011
38510160.592	3368228.392	0.010
38510160.871	3368228.392	0.010
38510161.629	3368228.404	0.009
38510161.831	3368228.404	0.009
38510162.110	3368228.416	0.009
38510162.388	3368228.416	0.009
38510162.600	3368228.416	0.008
38510163.080	3368228.417	0.008
38510163.435	3368228.428	0.008
38510163.849	3368228.428	0.008
38510164.060	3368228.429	0.008
38510164.406	3368228.429	0.007
38510164.617	3368228.440	0.007
38510164.963	3368228.441	0.007
38510165.799	3368228.441	0.006
38510166.010	3368228.453	0.006
38510166.289	3368228.453	0.006
38510166.778	3368228.453	0.006
38510166.990	3368228.454	0.006
38510167.268	3368228.454	0.006
38510167.547	3368228.465	0.006
38510167.826	3368228.465	0.006
38510168.104	3368228.466	0.007
38510168.460	3368228.466	0.007
38510168.661	3368228.477	0.007
38510168.873	3368228.478	0.007
38510169.218	3368228.478	0.008
38510169.987	3368228.490	0.009
38510170.189	3368228.490	0.009
38510170.467	3368228.490	0.009
38510171.370	3368228.502	0.010
38510171.572	3368228.502	0.010
38510172.120	3368228.514	0.010
38510172.744	3368228.525	0.012
38510172.946	3368228.526	0.012
38510173.292	3368228.526	0.012
38510174.041	3368228.538	0.012
38510174.319	3368228.538	0.013
38510174.588	3368228.549	0.013
38510175.001	3368228.550	0.013
38510175.616	3368228.561	0.013
38510175.818	3368228.573	0.014
38510176.769	3368228.585	0.014
38510176.980	3368228.585	0.014
38510177.585	3368228.597	0.015
38510177.864	3368228.608	0.015
38510178.200	3368228.608	0.015
38510178.469	3368228.620	0.015
38510178.805	3368228.620	0.016
38510179.074	3368228.631	0.016
38510179.545	3368228.643	0.016
38510180.150	3368228.654	0.016
38510180.419	3368228.655	0.016
38510181.217	3368228.666	0.015
38510181.553	3368228.678	0.014
38510182.533	3368228.701	0.014
38510183.061	3368228.701	0.013
38510183.388	3368228.713	0.013
38510183.772	3368228.713	0.012
38510184.358	3368228.725	0.011
38510184.934	3368228.736	0.011
38510185.443	3368228.737	0.010
38510185.760	3368228.748	0.009
38510186.077	3368228.749	0.009
38510186.337	3368228.749	0.009
38510186.587	3368228.749	0.009
38510186.904	3368228.760	0.009
38510187.528	3368228.761	0.008
38510187.903	3368228.772	0.009
38510188.277	3368228.773	0.010
38510188.892	3368228.784	0.011
38510189.257	3368228.785	0.011
38510189.632	3368228.796	0.012
38510190.179	3368228.797	0.013
38510191.207	3368228.820	0.016
38510191.563	3368228.820	0.016
38510192.101	3368228.832	0.017
38510192.398	3368228.843	0.017
38510192.763	3368228.844	0.018
38510193.119	3368228.855	0.019
38510193.349	3368228.855	0.019
38510193.647	3368228.867	0.019
38510194.060	3368228.878	0.021
38510194.589	3368228.890	0.022
38510194.829	3368228.890	0.022
38510195.117	3368228.901	0.023
38510196.001	3368228.924	0.025
38510196.298	3368228.924	0.025
38510197.125	3368228.947	0.026
38510197.547	3368228.959	0.026
38510198.152	3368228.982	0.025
38510198.393	3368228.993	0.025
38510198.633	3368228.993	0.025
38510199.353	3368229.016	0.024
38510199.603	3368229.027	0.024
38510199.901	3368229.028	0.023
38510200.266	3368229.039	0.022
38510200.688	3368229.051	0.022
38510201.111	3368229.062	0.021
38510201.351	3368229.073	0.020
38510201.659	3368229.085	0.020
38510201.956	3368229.085	0.020
38510202.312	3368229.096	0.019
38510202.552	3368229.108	0.018
38510202.965	3368229.108	0.017
38510203.205	3368229.119	0.017
38510204.147	3368229.142	0.017
38510204.435	3368229.143	0.017
38510204.790	3368229.143	0.014
38510205.021	3368229.154	0.014
38510205.309	3368229.155	0.013
38510205.540	3368229.155	0.013
38510205.828	3368229.166	0.013
38510206.058	3368229.166	0.012
38510206.289	3368229.167	0.012
38510206.510	3368229.167	0.012
38510206.740	3368229.178	0.012
38510207.086	3368229.178	0.012
38510207.365	3368229.179	0.011
38510207.595	3368229.190	0.011
38510207.816	3368229.190	0.010
38510208.325	3368229.202	0.010
38510208.719	3368229.202	0.009
38510208.998	3368229.202	0.009
38510209.219	3368229.214	0.008
38510209.987	3368229.226	0.006
38510210.208	3368229.226	0.006
38510210.967	3368229.238	0.003
38510211.178	3368229.238	0.003
38510211.399	3368229.238	0.003
38510211.611	3368229.238	0.003
38510211.880	3368229.238	0.001
38510212.197	3368229.250	-0.000
38510212.466	3368229.250	-0.001
38510212.677	3368229.250	-0.001
38510213.052	3368229.251	-0.001
38510213.311	3368229.251	-0.001
38510213.628	3368229.251	-0.003
38510213.993	3368229.252	-0.003
38510214.195	3368229.252	-0.003
38510214.560	3368229.252	-0.004
38510215.175	3368229.253	-0.006
38510215.386	3368229.253	-0.006
38510215.684	3368229.253	-0.007
38510216.241	3368229.254	-0.007
38510216.443	3368229.254	-0.008
38510216.692	3368229.254	-0.009
38510217.240	3368229.243	-0.009
38510217.480	3368229.244	-0.009
38510217.682	3368229.244	-0.009
38510218.018	3368229.244	-0.011
38510218.220	3368229.244	-0.011
38510218.892	3368229.234	-0.010
38510219.181	3368229.234	-0.010
38510220.132	3368229.224	-0.008
38510220.458	3368229.224	-0.007
38510220.794	3368229.225	-0.006
38510221.207	3368229.225	-0.005
38510221.678	3368229.225	-0.002
38510221.909	3368229.215	0.000
38510222.139	3368229.215	0.001
38510222.456	3368229.215	0.004
38510222.725	3368229.226	0.006
38510223.004	3368229.227	0.007
38510223.455	3368229.227	0.011
38510223.724	3368229.227	0.013
38510223.955	3368229.239	0.014
38510224.224	3368229.239	0.016
38510224.531	3368229.250	0.017
38510224.752	3368229.251	0.019
38510225.156	3368229.262	0.022
38510225.425	3368229.262	0.025
38510225.636	3368229.274	0.027
38510226.299	3368229.296	0.037
38510226.558	3368229.308	0.041
38510226.808	3368229.319	0.049
38510227.231	3368229.342	0.062
38510227.490	3368229.353	0.070
38510227.941	3368229.387	0.091
38510228.191	3368229.409	0.095
38510228.393	3368229.420	0.111
38510228.595	3368229.443	0.126
38510228.835	3368229.476	0.148
38510229.104	3368229.510	0.161
38510229.305	3368229.543	0.178
38510229.757	3368229.621	0.193
38510230.525	3368229.788	0.276
38510230.986	3368229.922	0.309
38510231.197	3368229.988	0.340
38510231.399	3368230.055	0.340
38510231.630	3368230.133	0.384
38510231.889	3368230.233	0.411
38510232.206	3368230.366	0.460
38510232.446	3368230.488	0.484
38510233.003	3368230.788	0.564
38510233.223	3368230.921	0.595
38510233.540	3368231.132	0.643
38510233.819	3368231.332	0.691
38510234.039	3368231.499	0.719
38510234.260	3368231.698	0.782
38510234.462	3368231.876	0.828
38510234.683	3368232.109	0.869
38510234.826	3368232.286	0.922
38510234.970	3368232.464	0.966
38510235.086	3368232.630	0.966
38510235.258	3368232.886	1.039
38510235.440	3368233.196	1.106
38510235.555	3368233.418	1.158
38510235.728	3368233.795	1.230
38510235.805	3368234.006	1.262
38510235.929	3368234.350	1.315
38510236.035	3368234.760	1.402
38510236.073	3368234.959	1.425
38510236.130	3368235.336	1.444
38510236.149	3368235.569	1.507
38510236.178	3368235.924	1.595
38510236.177	3368236.135	1.614
38510236.158	3368236.534	1.671
38510236.138	3368236.744	1.695
38510236.109	3368236.988	1.747
38510236.061	3368237.299	1.802
38510235.974	3368237.698	1.867
38510235.907	3368237.919	1.884
38510235.839	3368238.163	1.928
38510235.695	3368238.562	1.988
38510235.550	3368238.894	2.026
38510235.454	3368239.094	2.064
38510235.348	3368239.304	2.081
38510235.175	3368239.637	2.141
38510235.050	3368239.836	2.167
38510234.934	3368240.002	2.189
38510234.742	3368240.291	2.237
38510234.617	3368240.457	2.250
38510234.473	3368240.645	2.294
38510234.338	3368240.811	2.303
38510234.194	3368240.966	2.340
38510233.877	3368241.299	2.407
38510233.723	3368241.454	2.434
38510233.559	3368241.598	2.465
38510233.367	3368241.753	2.497
38510233.175	3368241.919	2.515
38510232.934	3368242.096	2.563
38510232.511	3368242.373	2.593
38510231.992	3368242.682	2.693
38510231.791	3368242.782	2.705
38510231.483	3368242.937	2.745
38510231.243	3368243.037	2.765
38510230.887	3368243.180	2.817
38510230.628	3368243.280	2.836
38510230.330	3368243.379	2.869
38510229.994	3368243.479	2.876
38510229.724	3368243.545	2.915
38510229.100	3368243.689	2.975
38510228.456	3368243.788	3.020
38510228.254	3368243.821	3.030
38510227.966	3368243.854	3.048
38510227.726	3368243.876	3.058
38510227.438	3368243.909	3.071
38510227.063	3368243.931	3.085
38510226.775	3368243.952	3.099
38510226.564	3368243.963	3.099
38510226.179	3368243.974	3.118
38510225.757	3368243.985	3.132
38510225.449	3368243.984	3.138
38510225.238	3368243.984	-3.139
38510225.017	3368243.984	-3.134
38510224.796	3368243.984	-3.134
38510224.220	3368243.972	-3.125
38510223.989	3368243.972	-3.123
38510223.490	3368243.960	-3.122
38510223.259	3368243.949	-3.122
38510223.028	3368243.949	-3.123
38510222.270	3368243.937	-3.127
38510221.588	3368243.925	-3.129
38510221.338	3368243.914	-3.130
38510220.492	3368243.902	-3.132
38510220.291	3368243.902	-3.132
38510219.311	3368243.879	-3.133
38510218.888	3368243.867	-3.132
38510218.254	3368243.856	-3.131
38510217.985	3368243.856	-3.131
38510217.438	3368243.844	-3.128
38510217.226	3368243.844	-3.128
38510216.948	3368243.832	-3.126
38510216.727	3368243.832	-3.126
38510216.400	3368243.821	-3.126
38510216.122	3368243.821	-3.123
38510215.843	3368243.809	-3.122
38510215.612	3368243.798	-3.122
38510214.767	3368243.775	-3.117
38510214.479	3368243.764	-3.115
38510214.133	3368243.752	-3.113
38510213.845	3368243.752	-3.112
38510213.614	3368243.741	-3.112
38510213.086	3368243.718	-3.110
38510212.673	3368243.706	-3.107
38510212.318	3368243.684	-3.107
38510211.905	3368243.672	-3.105
38510211.184	3368243.638	-3.102
38510210.387	3368243.604	-3.098
38510210.022	3368243.582	-3.098
38510209.714	3368243.571	-3.096
38510209.032	3368243.537	-3.093
38510208.591	3368243.503	-3.093
38510208.341	3368243.492	-3.091
38510207.966	3368243.469	-3.091
38510207.649	3368243.458	-3.089
38510207.399	3368243.435	-3.089
38510207.150	3368243.424	-3.088
38510206.698	3368243.390	-3.087
38510206.199	3368243.368	-3.085
38510205.814	3368243.334	-3.083
38510205.248	3368243.300	-3.082
38510204.921	3368243.278	-3.082
38510204.671	3368243.267	-3.080
38510204.412	3368243.244	-3.080
38510203.970	3368243.210	-3.078
38510203.711	3368243.199	-3.078
38510203.461	3368243.177	-3.077
38510202.817	3368243.132	-3.076
38510202.366	3368243.098	-3.077
38510202.107	3368243.076	-3.078
38510201.847	3368243.053	-3.078
38510201.396	3368243.020	-3.079
38510201.079	3368242.997	-3.079
38510200.493	3368242.963	-3.081
38510200.041	3368242.930	-3.082
38510199.782	3368242.907	-3.083
38510199.523	3368242.896	-3.084
38510199.263	3368242.873	-3.085
38510198.677	3368242.840	-3.087
38510198.476	3368242.817	-3.087
38510198.082	3368242.795	-3.087
38510197.688	3368242.772	-3.091
38510197.236	3368242.739	-3.093
38510196.900	3368242.727	-3.094
38510196.641	3368242.705	-3.096
38510196.314	3368242.682	-3.096
38510195.920	3368242.660	-3.101
38510195.719	3368242.648	-3.103
38510195.459	3368242.637	-3.104
38510195.258	3368242.626	-3.104
38510194.595	3368242.592	-3.111
38510194.259	3368242.581	-3.113
38510193.999	3368242.569	-3.115
38510193.529	3368242.558	-3.119
38510193.068	3368242.535	-3.122
38510192.731	3368242.524	-3.123
38510192.395	3368242.523	-3.126
38510191.924	3368242.501	-3.129
38510191.723	3368242.501	-3.129
38510191.319	3368242.489	-3.132
38510190.647	3368242.477	-3.136
38510190.378	3368242.477	-3.136
38510190.109	3368242.466	-3.139
38510189.907	3368242.466	-3.140
38510189.158	3368242.454	3.139
38510188.956	3368242.454	3.138
38510188.485	3368242.453	3.138
38510187.803	3368242.453	3.132
38510187.525	3368242.452	3.131
38510187.256	3368242.452	3.129
38510187.054	3368242.452	3.129
38510186.775	3368242.452	3.125
38510186.439	3368242.451	3.124
38510185.613	3368242.450	3.122
38510185.402	3368242.461	3.122
38510185.200	3368242.461	3.122
38510184.989	3368242.461	3.122
38510184.720	3368242.472	3.121
38510184.508	3368242.472	3.120
38510184.307	3368242.471	3.120
38510184.028	3368242.471	3.119
38510183.749	3368242.482	3.119
38510183.548	3368242.482	3.118
38510183.269	3368242.482	3.118
38510182.990	3368242.492	3.118
38510182.779	3368242.492	3.117
38510182.433	3368242.503	3.117
38510182.222	3368242.503	3.117
38510181.943	3368242.514	3.117
38510181.742	3368242.513	3.117
38510181.530	3368242.513	3.118
38510181.040	3368242.524	3.118
38510180.762	3368242.524	3.118
38510180.550	3368242.534	3.118
38510179.993	3368242.545	3.119
38510179.782	3368242.545	3.119
38510179.494	3368242.544	3.119
38510179.215	3368242.555	3.119
38510178.725	3368242.555	3.119
38510178.370	3368242.566	3.120
38510178.082	3368242.565	3.120
38510177.659	3368242.576	3.121
38510176.660	3368242.586	3.122
38510176.381	3368242.586	3.123
38510175.882	3368242.597	3.124
38510175.382	3368242.596	3.126
38510175.094	3368242.607	3.127
38510174.585	3368242.606	3.128
38510174.152	3368242.606	3.129
38510172.712	3368242.616	3.133
38510171.693	3368242.615	3.135
38510171.184	3368242.614	3.136
38510170.896	3368242.614	3.137
38510170.454	3368242.614	3.138
38510170.022	3368242.613	3.139
38510169.724	3368242.613	3.140
38510168.552	3368242.601	3.141
38510168.254	3368242.600	-3.141
38510167.812	3368242.589	-3.140
38510166.410	3368242.577	-3.138
38510166.189	3368242.576	-3.137
38510165.968	3368242.576	-3.137
38510165.670	3368242.565	-3.137
38510165.305	3368242.564	-3.137
38510164.633	3368242.553	-3.135
38510164.258	3368242.552	-3.135
38510163.960	3368242.541	-3.135
38510162.913	3368242.529	-3.134
38510162.615	3368242.518	-3.134
38510162.318	3368242.517	-3.134
38510161.789	3368242.506	-3.134
38510161.491	3368242.505	-3.134
38510161.261	3368242.505	-3.134
38510160.060	3368242.482	-3.135
38510159.830	3368242.482	-3.135
38510159.378	3368242.470	-3.136
38510159.003	3368242.459	-3.137
38510158.619	3368242.458	-3.137
38510158.398	3368242.458	-3.137
38510158.014	3368242.447	-3.138
38510157.716	3368242.447	-3.138
38510157.255	3368242.435	-3.139
38510156.948	3368242.435	-3.139
38510156.727	3368242.435	-3.139
38510156.266	3368242.434	-3.139
38510155.507	3368242.422	-3.141
38510154.969	3368242.422	-3.140
38510154.585	3368242.410	-3.140
38510154.200	3368242.410	-3.140
38510153.893	3368242.410	-3.140
38510153.662	3368242.409	-3.140
38510152.894	3368242.398	-3.140
38510152.510	3368242.397	-3.139
38510152.125	3368242.397	-3.139
38510151.895	3368242.386	-3.139
38510151.357	3368242.385	-3.139
38510150.041	3368242.373	-3.138
38510149.263	3368242.361	-3.138
38510148.802	3368242.361	-3.137
38510148.561	3368242.349	-3.137
38510148.254	3368242.349	-3.137
38510147.860	3368242.349	-3.137
38510147.553	3368242.337	-3.136
38510147.322	3368242.337	-3.136
38510147.082	3368242.337	-3.136
38510146.775	3368242.337	-3.136
38510146.304	3368242.325	-3.135
38510145.987	3368242.325	-3.135
38510145.679	3368242.313	-3.135
38510145.439	3368242.313	-3.135
38510144.421	3368242.301	-3.135
38510144.027	3368242.290	-3.135
38510143.633	3368242.289	-3.135
38510143.393	3368242.289	-3.135
38510142.836	3368242.277	-3.135
38510142.596	3368242.277	-3.135
38510142.202	3368242.266	-3.135
38510141.558	3368242.265	-3.136
38510141.318	3368242.254	-3.136
38510141.001	3368242.254	-3.136
38510140.675	3368242.242	-3.136
38510140.271	3368242.242	-3.137
38510139.781	3368242.230	-3.137
38510139.378	3368242.230	-3.137
38510139.051	3368242.230	-3.138
38510138.561	3368242.218	-3.138
38510137.985	3368242.206	-3.138
38510137.745	3368242.206	-3.138
38510137.408	3368242.206	-3.139
38510136.333	3368242.194	-3.139
38510136.083	3368242.194	-3.140
38510135.670	3368242.182	-3.140
38510135.170	3368242.182	-3.141
38510134.834	3368242.181	-3.141
38510134.584	3368242.170	-3.141
38510133.998	3368242.169	3.141
38510133.576	3368242.169	3.141
38510133.326	3368242.158	3.141
38510132.913	3368242.157	3.140
38510131.981	3368242.156	3.140
38510131.568	3368242.156	3.139
38510131.145	3368242.145	3.139
38510129.378	3368242.143	3.137
38510128.868	3368242.142	3.137
38510128.609	3368242.142	3.137
38510127.937	3368242.142	3.136
38510127.600	3368242.141	3.136
38510127.091	3368242.130	3.136
38510126.582	3368242.129	3.135
38510126.073	3368242.129	3.135
38510125.477	3368242.128	3.134
38510125.045	3368242.128	3.134
38510124.536	3368242.127	3.133
38510124.286	3368242.127	3.133
38510124.027	3368242.127	3.133
38510123.604	3368242.126	3.133
38510123.009	3368242.126	3.133
38510122.490	3368242.125	3.133
38510122.240	3368242.125	3.133
38510121.472	3368242.124	3.134
38510121.039	3368242.124	3.134
38510120.790	3368242.124	3.134
38510120.357	3368242.123	3.134
38510119.416	3368242.123	3.135
38510118.993	3368242.122	3.135
38510118.734	3368242.122	3.135
38510118.474	3368242.122	3.135
38510117.783	3368242.121	3.135
38510117.360	3368242.121	3.136
38510116.928	3368242.120	3.136
38510116.668	3368242.120	3.136
38510116.236	3368242.120	3.136
38510115.977	3368242.119	3.137
38510115.717	3368242.119	3.137
38510115.458	3368242.119	3.137
38510114.939	3368242.118	3.137
38510114.680	3368242.118	3.138
38510113.729	3368242.117	3.138
38510113.469	3368242.117	3.138
38510113.124	3368242.117	3.139
38510111.817	3368242.115	3.140
38510111.558	3368242.115	3.140
38510110.597	3368242.103	3.140
38510110.165	3368242.103	3.141
38510109.819	3368242.103	3.141
38510109.377	3368242.102	3.141
38510109.031	3368242.102	3.141
38510108.686	3368242.101	-3.141
38510108.071	3368242.090	-3.141
38510107.369	3368242.089	-3.140
38510107.024	3368242.089	-3.140
38510106.755	3368242.077	-3.140
38510106.495	3368242.077	-3.140
38510106.063	3368242.077	-3.140
38510105.708	3368242.065	-3.140
38510105.179	3368242.065	-3.139
38510104.661	3368242.064	-3.139
38510104.392	3368242.053	-3.139
38510103.604	3368242.052	-3.138
38510103.248	3368242.041	-3.138
38510102.893	3368242.041	-3.138
38510102.634	3368242.040	-3.138
38510102.192	3368242.029	-3.138
38510101.135	3368242.017	-3.137
38510100.866	3368242.017	-3.137
38510100.520	3368242.016	-3.137
38510100.078	3368242.005	-3.137
38510099.627	3368242.004	-3.137
38510099.281	3368241.993	-3.136
38510099.012	3368241.993	-3.136
38510098.743	3368241.992	-3.136
38510097.148	3368241.969	-3.135
38510095.813	3368241.945	-3.134
38510095.544	3368241.945	-3.134
38510094.391	3368241.922	-3.133
38510093.853	3368241.921	-3.133
38510092.960	3368241.898	-3.133
38510092.345	3368241.887	-3.133
38510091.980	3368241.886	-3.133
38510091.365	3368241.875	-3.132
38510090.828	3368241.863	-3.132
38510090.386	3368241.863	-3.132
38510089.761	3368241.851	-3.132
38510089.492	3368241.840	-3.132
38510089.223	3368241.839	-3.132
38510088.781	3368241.828	-3.131
38510087.177	3368241.804	-3.131
38510086.822	3368241.793	-3.131
38510086.293	3368241.792	-3.131
38510085.669	3368241.781	-3.131
38510085.217	3368241.769	-3.131
38510084.689	3368241.758	-3.131
38510083.709	3368241.746	-3.131
38510083.440	3368241.734	-3.131
38510083.171	3368241.734	-3.131
38510082.902	3368241.734	-3.131
38510082.105	3368241.711	-3.130
38510081.654	3368241.711	-3.130
38510081.385	3368241.699	-3.130
38510080.405	3368241.676	-3.130
38510080.136	3368241.676	-3.129
38510079.771	3368241.664	-3.129
38510079.502	3368241.664	-3.129
38510079.233	3368241.653	-3.129
38510078.695	3368241.652	-3.129
38510077.244	3368241.618	-3.130
38510076.072	3368241.594	-3.129
38510075.525	3368241.583	-3.130
38510074.161	3368241.559	-3.130
38510072.893	3368241.536	-3.131
38510072.432	3368241.525	-3.132
38510072.067	3368241.513	-3.132
38510071.337	3368241.501	-3.133
38510070.703	3368241.490	-3.133
38510070.241	3368241.478	-3.133
38510069.972	3368241.478	-3.133
38510069.598	3368241.478	-3.134
38510068.503	3368241.454	-3.134
38510068.128	3368241.454	-3.134
38510066.841	3368241.431	-3.135
38510066.562	3368241.419	-3.135
38510066.101	3368241.419	-3.135
38510065.823	3368241.419	-3.135
38510065.179	3368241.407	-3.134
38510064.622	3368241.395	-3.134
38510063.969	3368241.384	-3.134
38510063.411	3368241.372	-3.134
38510063.037	3368241.372	-3.134
38510062.662	3368241.360	-3.134
38510061.826	3368241.348	-3.133
38510061.260	3368241.337	-3.133
38510060.702	3368241.336	-3.133
38510060.414	3368241.325	-3.133
38510059.953	3368241.313	-3.133
38510059.569	3368241.313	-3.133
38510058.627	3368241.290	-3.133
38510058.253	3368241.290	-3.133
38510057.878	3368241.278	-3.133
38510057.215	3368241.267	-3.133
38510056.831	3368241.266	-3.133
38510056.553	3368241.255	-3.133
38510055.409	3368241.232	-3.133
38510053.786	3368241.208	-3.134
38510052.355	3368241.184	-3.137
38510052.066	3368241.184	-3.137
38510051.490	3368241.173	-3.137
38510051.010	3368241.172	-3.139
38510050.145	3368241.160	-3.140
38510048.406	3368241.148	3.141
38510047.436	3368241.136	3.140
38510047.148	3368241.135	3.139
38510046.370	3368241.135	3.138
38510046.082	3368241.134	3.138
38510045.208	3368241.122	3.137
38510044.919	3368241.122	3.137
38510044.429	3368241.122	3.136
38510044.141	3368241.121	3.135
38510043.939	3368241.121	3.135
38510042.575	3368241.120	3.134
38510042.182	3368241.120	3.133
38510041.893	3368241.119	3.133
38510041.106	3368241.119	3.131
38510040.520	3368241.118	3.131
38510040.126	3368241.118	3.130
38510039.636	3368241.117	3.130
38510038.944	3368241.117	3.129
38510038.262	3368241.127	3.129
38510038.060	3368241.127	3.129
38510037.273	3368241.126	3.130
38510036.783	3368241.126	3.130
38510036.485	3368241.125	3.130
38510035.592	3368241.136	3.130
38510034.698	3368241.135	3.130
38510034.304	3368241.135	3.130
38510034.006	3368241.134	3.130
38510033.805	3368241.134	3.131
38510032.911	3368241.144	3.131
38510032.517	3368241.144	3.131
38510031.816	3368241.143	3.131
38510031.518	3368241.143	3.131
38510031.125	3368241.143	3.131
38510030.721	3368241.142	3.131
38510030.222	3368241.153	3.131
38510028.723	3368241.152	3.130
38510028.223	3368241.151	3.130
38510028.022	3368241.162	3.130
38510026.725	3368241.161	3.128
38510025.620	3368241.171	3.127
38510025.322	3368241.171	3.127
38510024.823	3368241.181	3.126
38510024.621	3368241.181	3.126
38510024.419	3368241.181	3.126
38510023.824	3368241.180	3.125
38510023.420	3368241.191	3.124
38510021.816	3368241.201	3.122
38510021.019	3368241.211	3.121
38510020.721	3368241.211	3.121
38510020.519	3368241.222	3.120
38510020.116	3368241.221	3.120
38510019.722	3368241.232	3.119
38510018.713	3368241.242	3.119
38510018.214	3368241.253	3.119
38510017.022	3368241.274	3.117
38510016.321	3368241.284	3.117
38510015.620	3368241.295	3.117
38510015.418	3368241.295	3.117
38510014.822	3368241.305	3.116
38510014.525	3368241.316	3.116
38510014.323	3368241.316	3.116
38510013.429	3368241.337	3.115
38510013.036	3368241.337	3.115
38510012.238	3368241.358	3.115
38510011.940	3368241.358	3.115
38510011.239	3368241.368	3.114
38510010.144	3368241.389	3.114
38510009.155	3368241.411	3.113
38510008.857	3368241.421	3.113
38510008.357	3368241.432	3.113
38510007.666	3368241.443	3.113
38510006.666	3368241.464	3.112
38510006.177	3368241.474	3.112
38510005.475	3368241.485	3.112
38510005.177	3368241.496	3.112
38510004.880	3368241.495	3.111
38510004.591	3368241.506	3.111
38510004.188	3368241.517	3.111
38510003.794	3368241.528	3.111
38510003.592	3368241.528	3.111
38510003.295	3368241.538	3.111
38510002.805	3368241.549	3.111
38510002.603	3368241.549	3.111
38510002.401	3368241.560	3.111
38510001.613	3368241.570	3.110
38510001.412	3368241.581	3.110
38510000.720	3368241.591	3.110
38510000.422	3368241.602	3.110
38509999.423	3368241.623	3.109
38509999.125	3368241.634	3.109
38509998.626	3368241.645	3.109
38509997.828	3368241.666	3.109
38509997.329	3368241.677	3.108
38509997.031	3368241.688	3.108
38509996.724	3368241.699	3.108
38509996.426	3368241.698	3.108
38509995.926	3368241.709	3.108
38509995.129	3368241.730	3.108
38509994.927	3368241.741	3.108
38509994.428	3368241.752	3.108
38509994.130	3368241.763	3.108
38509993.726	3368241.773	3.108
38509993.333	3368241.784	3.108
38509993.131	3368241.784	3.108
38509992.036	3368241.816	3.109
38509991.738	3368241.827	3.109
38509991.536	3368241.827	3.109
38509990.940	3368241.848	3.109
38509989.346	3368241.891	3.109
38509988.856	3368241.902	3.109
38509988.654	3368241.902	3.109
38509988.356	3368241.913	3.109
38509986.867	3368241.944	3.110
38509986.377	3368241.966	3.110
38509985.388	3368241.987	3.110
38509984.994	3368241.998	3.109
38509984.792	3368241.998	3.109
38509984.504	3368242.009	3.109
38509983.515	3368242.030	3.109
38509983.217	3368242.041	3.109
38509982.823	3368242.052	3.109
38509982.237	3368242.062	3.108
38509981.449	3368242.084	3.108
38509981.151	3368242.083	3.108
38509980.950	3368242.094	3.108
38509980.066	3368242.116	3.107
38509979.672	3368242.126	3.107
38509978.894	3368242.148	3.105
38509978.596	3368242.148	3.105
38509978.106	3368242.169	3.105
38509977.126	3368242.191	3.103
38509976.828	3368242.201	3.102
38509976.146	3368242.223	3.101
38509975.359	3368242.244	3.099
38509974.974	3368242.255	3.098
38509973.408	3368242.309	3.093
38509973.120	3368242.320	3.092
38509972.918	3368242.331	3.092
38509972.044	3368242.363	3.089
38509971.554	3368242.385	3.088
38509971.170	3368242.407	3.088
38509970.872	3368242.418	3.086
38509969.902	3368242.461	3.083
38509969.422	3368242.483	3.083
38509968.067	3368242.559	3.082
38509967.779	3368242.570	3.081
38509967.481	3368242.581	3.081
38509967.097	3368242.603	3.081
38509966.809	3368242.624	3.080
38509965.271	3368242.701	3.078
38509964.791	3368242.733	3.078
38509963.926	3368242.777	3.076
38509963.638	3368242.788	3.076
38509962.966	3368242.832	3.075
38509962.582	3368242.853	3.075
38509962.293	3368242.864	3.074
38509962.015	3368242.886	3.074
38509961.727	3368242.897	3.074
38509961.342	3368242.919	3.074
38509960.766	3368242.963	3.073
38509960.295	3368242.984	3.072
38509960.007	3368243.006	3.072
38509959.430	3368243.039	3.072
38509959.152	3368243.061	3.071
38509957.913	3368243.137	3.070
38509957.528	3368243.159	3.070
38509957.058	3368243.192	3.069
38509956.683	3368243.214	3.069
38509956.299	3368243.236	3.068
38509955.732	3368243.279	3.068
38509955.261	3368243.301	3.068
38509954.790	3368243.334	3.069
38509953.753	3368243.411	3.069
38509953.474	3368243.422	3.069
38509952.907	3368243.465	3.069
38509952.437	3368243.487	3.069
38509951.966	3368243.520	3.069
38509949.910	3368243.651	3.067
38509949.535	3368243.684	3.066
38509948.603	3368243.739	3.064
38509946.557	3368243.892	3.059
38509945.625	3368243.958	3.057
38509944.799	3368244.023	3.055
38509944.520	3368244.045	3.054
38509944.242	3368244.067	3.054
38509943.781	3368244.100	3.053
38509943.502	3368244.122	3.051
38509943.041	3368244.155	3.051
38509942.493	3368244.199	3.049
38509941.850	3368244.253	3.048
38509941.206	3368244.308	3.046
38509940.476	3368244.374	3.045
38509940.111	3368244.407	3.044
38509939.477	3368244.462	3.041
38509939.112	3368244.495	3.041
38509938.747	3368244.528	3.040
38509938.478	3368244.550	3.040
38509938.113	3368244.583	3.039
38509937.392	3368244.660	3.037
38509937.123	3368244.681	3.037
38509936.758	3368244.714	3.036
38509936.037	3368244.780	3.034
38509935.768	3368244.813	3.034
38509935.230	3368244.868	3.032
38509934.961	3368244.890	3.032
38509934.250	3368244.967	3.031
38509933.808	3368245.011	3.030
38509933.357	3368245.055	3.029
38509933.001	3368245.099	3.028
38509932.473	3368245.154	3.027
38509931.589	3368245.253	3.026
38509931.320	3368245.275	3.026
38509930.177	3368245.407	3.023
38509929.918	3368245.429	3.023
38509929.562	3368245.473	3.023
38509928.505	3368245.594	3.021
38509928.246	3368245.616	3.020
38509927.900	3368245.660	3.020
38509926.584	3368245.814	3.018
38509926.324	3368245.836	3.017
38509925.018	3368245.990	3.015
38509924.672	3368246.034	3.015
38509924.240	3368246.089	3.014
38509922.856	3368246.254	3.011
38509922.510	3368246.298	3.011
38509921.300	3368246.441	3.009
38509920.445	3368246.551	3.008
38509920.012	3368246.606	3.007
38509919.676	3368246.650	3.006
38509919.330	3368246.694	3.006
38509918.984	3368246.738	3.005
38509918.734	3368246.771	3.005
38509918.302	3368246.826	3.004
38509917.966	3368246.870	3.004
38509917.620	3368246.914	3.003
38509916.429	3368247.068	3.001
38509913.508	3368247.465	2.998
38509913.162	3368247.520	2.998
38509911.433	3368247.751	2.996
38509911.173	3368247.795	2.996
38509910.741	3368247.850	2.996
38509910.386	3368247.894	2.996
38509910.040	3368247.949	2.996
38509909.780	3368247.982	2.996
38509909.521	3368248.026	2.995
38509909.165	3368248.070	2.995
38509908.819	3368248.114	2.995
38509908.387	3368248.181	2.994
38509908.118	3368248.214	2.994
38509907.772	3368248.269	2.994
38509907.417	3368248.313	2.994
38509906.984	3368248.379	2.994
38509906.542	3368248.445	2.993
38509906.101	3368248.500	2.993
38509905.841	3368248.544	2.993
38509905.582	3368248.577	2.993
38509904.967	3368248.665	2.992
38509904.611	3368248.709	2.992
38509904.342	3368248.753	2.992
38509904.083	3368248.786	2.992
38509903.026	3368248.941	2.991
38509902.767	3368248.974	2.991
38509902.411	3368249.029	2.991
38509902.152	3368249.062	2.991
38509901.892	3368249.106	2.990
38509901.450	3368249.172	2.990
38509900.922	3368249.249	2.989
38509900.663	3368249.282	2.989
38509900.403	3368249.326	2.989
38509900.134	3368249.359	2.989
38509899.702	3368249.425	2.989
38509899.260	3368249.491	2.989
38509899.000	3368249.524	2.989
38509898.386	3368249.613	2.988
38509897.953	3368249.679	2.988
38509897.425	3368249.756	2.988
38509896.723	3368249.866	2.987
38509896.022	3368249.965	2.987
38509895.590	3368250.031	2.987
38509895.234	3368250.086	2.987
38509894.975	3368250.119	2.987
38509894.101	3368250.252	2.986
38509893.409	3368250.351	2.986
38509892.266	3368250.527	2.986
38509892.006	3368250.560	2.986
38509891.487	3368250.648	2.986
38509890.786	3368250.748	2.986
38509890.354	3368250.814	2.986
38509890.094	3368250.858	2.986
38509889.220	3368250.979	2.986
38509888.960	3368251.023	2.986
38509888.519	3368251.089	2.987
38509888.173	3368251.133	2.987
38509887.654	3368251.210	2.987
38509887.308	3368251.265	2.987
38509886.952	3368251.321	2.987
38509886.174	3368251.431	2.988
38509885.915	3368251.475	2.988
38509885.655	3368251.508	2.988
38509885.396	3368251.552	2.988
38509885.041	3368251.607	2.989
38509884.781	3368251.640	2.989
38509884.176	3368251.728	2.989
38509883.744	3368251.794	2.989
38509883.388	3368251.849	2.989
38509883.129	3368251.882	2.989
38509881.217	3368252.169	2.991
38509880.698	3368252.235	2.991
38509880.352	3368252.290	2.991
38509880.006	3368252.345	2.991
38509879.487	3368252.411	2.991
38509879.228	3368252.455	2.991
38509878.796	3368252.510	2.991
38509878.536	3368252.555	2.991
38509877.499	3368252.698	2.990
38509877.239	3368252.742	2.990
38509876.980	3368252.775	2.989
38509876.634	3368252.819	2.989
38509876.374	3368252.863	2.989
38509876.115	3368252.896	2.989
38509875.260	3368253.028	2.987
38509875.001	3368253.061	2.987
38509874.741	3368253.105	2.986
38509873.973	3368253.216	2.985
38509873.627	3368253.271	2.985
38509872.858	3368253.381	2.984
38509872.435	3368253.447	2.983
38509871.753	3368253.557	2.983
38509871.407	3368253.612	2.982
38509871.157	3368253.645	2.982
38509869.870	3368253.844	2.980
38509869.534	3368253.899	2.980
38509868.929	3368253.987	2.980
38509868.679	3368254.031	2.979
38509868.333	3368254.086	2.978
38509867.824	3368254.163	2.978
38509867.564	3368254.207	2.978
38509866.796	3368254.329	2.976
38509866.450	3368254.384	2.976
38509865.595	3368254.516	2.975
38509865.249	3368254.571	2.974
38509864.912	3368254.626	2.974
38509864.307	3368254.726	2.973
38509863.884	3368254.792	2.973
38509863.539	3368254.847	2.972
38509862.597	3368255.001	2.971
38509862.251	3368255.056	2.971
38509861.828	3368255.133	2.970
38509861.137	3368255.244	2.969
38509860.541	3368255.343	2.968
38509860.195	3368255.398	2.968
38509859.772	3368255.475	2.967
38509858.994	3368255.608	2.967
38509858.735	3368255.652	2.966
38509858.139	3368255.751	2.965
38509857.111	3368255.927	2.964
38509856.852	3368255.971	2.964
38509856.160	3368256.093	2.964
38509855.814	3368256.148	2.963
38509855.564	3368256.192	2.963
38509855.305	3368256.236	2.963
38509853.412	3368256.567	2.962
38509852.720	3368256.677	2.962
38509852.201	3368256.777	2.961
38509851.865	3368256.832	2.961
38509851.346	3368256.920	2.961
38509850.827	3368257.008	2.961
38509850.395	3368257.085	2.961
38509850.136	3368257.129	2.961
38509849.790	3368257.196	2.960
38509849.530	3368257.240	2.960
38509848.935	3368257.350	2.960
38509847.897	3368257.526	2.959
38509847.292	3368257.637	2.959
38509846.686	3368257.736	2.959
38509846.340	3368257.802	2.958
38509845.995	3368257.868	2.958
38509844.438	3368258.144	2.957
38509843.573	3368258.299	2.957
38509843.141	3368258.376	2.956
38509842.882	3368258.420	2.956
38509842.536	3368258.475	2.956
38509842.103	3368258.563	2.956
38509841.844	3368258.607	2.956
38509841.498	3368258.663	2.955
38509840.797	3368258.795	2.955
38509840.451	3368258.861	2.954
38509839.317	3368259.060	2.953
38509839.058	3368259.115	2.953
38509837.665	3368259.369	2.953
38509837.405	3368259.413	2.953
38509837.146	3368259.468	2.953
38509836.704	3368259.545	2.952
38509835.829	3368259.711	2.952
38509835.484	3368259.766	2.952
38509835.042	3368259.854	2.952
38509834.696	3368259.909	2.952
38509834.081	3368260.030	2.952
38509833.475	3368260.141	2.952
38509832.073	3368260.395	2.952
38509831.727	3368260.461	2.952
38509831.371	3368260.527	2.952
38509830.670	3368260.648	2.952
38509830.411	3368260.703	2.952
38509830.151	3368260.748	2.952
38509829.536	3368260.858	2.952
38509828.748	3368261.001	2.952
38509828.306	3368261.090	2.952
38509827.874	3368261.167	2.952
38509827.163	3368261.299	2.952
38509825.943	3368261.520	2.952
38509825.501	3368261.597	2.952
38509824.530	3368261.785	2.952
38509822.955	3368262.071	2.951
38509822.426	3368262.171	2.951
38509821.725	3368262.303	2.951
38509821.293	3368262.380	2.951
38509821.024	3368262.435	2.951
38509820.764	3368262.480	2.951
38509819.265	3368262.766	2.950
38509818.996	3368262.811	2.950
38509818.737	3368262.866	2.950
38509818.208	3368262.965	2.950
38509817.766	3368263.042	2.949
38509817.324	3368263.131	2.949
38509817.055	3368263.186	2.948
38509816.172	3368263.351	2.948
38509815.912	3368263.395	2.948
38509815.374	3368263.506	2.947
38509815.115	3368263.550	2.947
38509813.952	3368263.770	2.945
38509813.337	3368263.892	2.945
38509812.175	3368264.113	2.943
38509811.733	3368264.190	2.943
38509810.570	3368264.421	2.941
38509810.128	3368264.499	2.939
38509809.321	3368264.664	2.938
38509808.610	3368264.797	2.936
38509808.168	3368264.885	2.936
38509807.716	3368264.984	2.935
38509807.178	3368265.084	2.933
38509806.650	3368265.194	2.932
38509805.391	3368265.459	2.929
38509805.036	3368265.525	2.928
38509804.584	3368265.624	2.927
38509804.315	3368265.680	2.927
38509803.335	3368265.889	2.924
38509801.721	3368266.232	2.918
38509801.452	3368266.287	2.916
38509799.300	3368266.773	2.906
38509798.762	3368266.894	2.904
38509798.224	3368267.016	2.901
38509797.955	3368267.082	2.899
38509797.416	3368267.214	2.898
38509796.974	3368267.314	2.897
38509796.254	3368267.490	2.892
38509795.725	3368267.623	2.890
38509794.659	3368267.888	2.886
38509794.294	3368267.976	2.886
38509793.765	3368268.120	2.886
38509793.496	3368268.186	2.883
38509793.054	3368268.297	2.883
38509792.170	3368268.529	2.879
38509791.901	3368268.595	2.878
38509791.632	3368268.661	2.877
38509791.277	3368268.761	2.877
38509790.748	3368268.905	2.876
38509790.393	3368268.993	2.876
38509790.133	3368269.059	2.876
38509789.336	3368269.280	2.876
38509788.884	3368269.391	2.876
38509788.625	3368269.468	2.876
38509787.116	3368269.866	2.875
38509785.867	3368270.197	2.875
38509785.607	3368270.263	2.875
38509784.983	3368270.429	2.874
38509783.830	3368270.739	2.873
38509781.793	3368271.280	2.872
38509781.524	3368271.357	2.872
38509780.813	3368271.545	2.872
38509779.929	3368271.788	2.872
38509779.131	3368271.998	2.871
38509778.161	3368272.263	2.871
38509777.373	3368272.473	2.870
38509776.575	3368272.694	2.870
38509776.306	3368272.761	2.870
38509775.960	3368272.860	2.870
38509775.605	3368272.948	2.869
38509775.345	3368273.026	2.869
38509775.076	3368273.092	2.869
38509773.135	3368273.622	2.868
38509772.790	3368273.722	2.868
38509772.175	3368273.888	2.868
38509771.646	3368274.031	2.867
38509771.204	3368274.153	2.867
38509770.589	3368274.319	2.867
38509769.619	3368274.584	2.866
38509769.359	3368274.661	2.866
38509768.475	3368274.904	2.865
38509767.860	3368275.070	2.865
38509766.803	3368275.368	2.863
38509766.284	3368275.512	2.862
38509766.015	3368275.578	2.860
38509765.669	3368275.678	2.860
38509765.314	3368275.777	2.859
38509764.526	3368275.998	2.857
38509764.267	3368276.075	2.857
38509763.738	3368276.230	2.855
38509763.383	3368276.330	2.854
38509762.777	3368276.507	2.854
38509762.335	3368276.628	2.853
38509761.807	3368276.783	2.851
38509761.547	3368276.860	2.851
38509760.932	3368277.037	2.850
38509760.673	3368277.114	2.849
38509759.356	3368277.501	2.848
38509758.655	3368277.711	2.845
38509758.223	3368277.833	2.844
38509757.521	3368278.043	2.843
38509757.262	3368278.120	2.842
38509756.474	3368278.363	2.841
38509756.032	3368278.496	2.840
38509754.283	3368279.026	2.836
38509754.023	3368279.104	2.836
38509753.581	3368279.248	2.835
38509753.236	3368279.347	2.834
38509752.361	3368279.623	2.834
38509751.833	3368279.789	2.834
38509751.304	3368279.955	2.834
38509750.699	3368280.143	2.833
38509749.555	3368280.497	2.832
38509748.681	3368280.773	2.832
38509747.797	3368281.038	2.832
38509747.191	3368281.237	2.832
38509746.663	3368281.403	2.831
38509744.905	3368281.956	2.830
38509744.645	3368282.033	2.830
38509743.415	3368282.420	2.830
38509742.272	3368282.785	2.829
38509742.012	3368282.862	2.829
38509741.311	3368283.083	2.828
38509740.782	3368283.249	2.828
38509739.475	3368283.669	2.828
38509738.678	3368283.924	2.827
38509737.803	3368284.200	2.827
38509737.457	3368284.311	2.826
38509737.188	3368284.399	2.826
38509736.400	3368284.653	2.826
38509734.738	3368285.184	2.825
38509733.412	3368285.604	2.824
38509733.153	3368285.692	2.824
38509732.711	3368285.836	2.824
38509732.269	3368285.980	2.824
38509731.394	3368286.256	2.823
38509731.125	3368286.345	2.823
38509730.606	3368286.510	2.823
38509730.251	3368286.621	2.823
38509729.367	3368286.908	2.822
38509728.137	3368287.306	2.822
38509727.608	3368287.483	2.822
38509727.349	3368287.561	2.822
38509726.734	3368287.760	2.821
38509726.474	3368287.848	2.821
38509725.417	3368288.191	2.821
38509725.062	3368288.301	2.821
38509724.447	3368288.500	2.821
38509723.832	3368288.699	2.820
38509723.572	3368288.788	2.820
38509722.957	3368288.987	2.820
38509722.515	3368289.131	2.820
38509722.256	3368289.219	2.820
38509719.882	3368289.993	2.819
38509719.354	3368290.170	2.819
38509718.835	3368290.336	2.819
38509718.307	3368290.513	2.818
38509718.037	3368290.590	2.818
38509717.519	3368290.767	2.818
38509717.077	3368290.911	2.818
38509716.721	3368291.021	2.818
38509716.462	3368291.110	2.817
38509715.674	3368291.375	2.817
38509715.414	3368291.452	2.817
38509714.626	3368291.718	2.816
38509714.271	3368291.828	2.816
38509713.925	3368291.950	2.816
38509713.569	3368292.060	2.816
38509713.050	3368292.237	2.816
38509712.695	3368292.348	2.816
38509712.349	3368292.458	2.815
38509712.003	3368292.580	2.815
38509711.734	3368292.668	2.815
38509710.773	3368292.978	2.815
38509710.341	3368293.122	2.815
38509709.649	3368293.354	2.815
38509709.293	3368293.476	2.814
38509708.861	3368293.619	2.814
38509708.342	3368293.796	2.814
38509707.996	3368293.907	2.814
38509707.727	3368293.995	2.814
38509707.294	3368294.139	2.814
38509706.862	3368294.283	2.814
38509705.738	3368294.659	2.814
38509705.305	3368294.802	2.814
38509705.046	3368294.891	2.814
38509703.403	3368295.444	2.813
38509702.970	3368295.587	2.813
38509702.278	3368295.820	2.812
38509701.673	3368296.019	2.811
38509700.991	3368296.251	2.811
38509700.558	3368296.394	2.810
38509700.039	3368296.571	2.810
38509699.780	3368296.660	2.810
38509698.829	3368296.969	2.808
38509698.492	3368297.091	2.807
38509698.233	3368297.180	2.807
38509697.974	3368297.257	2.807
38509697.291	3368297.489	2.804
38509696.263	3368297.843	2.802
38509696.004	3368297.931	2.801
38509694.735	3368298.374	2.799
38509694.389	3368298.495	2.798
38509693.034	3368298.971	2.795
38509692.621	3368299.115	2.794
