39.2345
39.4495
39.6646
39.8796
40.0946
40.3097
40.5247
40.7397
40.9548
41.1698
41.3848
41.5999
41.8149
42.0299
42.245
42.46
42.675
42.8901
43.1051
43.3201
43.5352
43.7502
43.9652
44.1803
44.3953
44.6103
44.8254
45.0404
45.2554
45.4705
45.6855
45.9005
46.1156
46.3306
46.5456
46.7607
46.9757
47.1907
47.4058
47.6208
47.8358
48.0509
48.2659
48.4809
48.696
48.911
49.126
49.3411
49.5561
49.7711
49.9862
50.2012
50.4162
50.6313
50.8463
51.0613
51.2764
51.4914
51.7064
51.9215
52.1365
52.3515
52.5666
52.7816
52.9966
53.2117
53.4267
53.6417
53.8568
54.0718
54.2868
54.6645
