-50.7968
-51.1341
-51.4714
-51.8087
-52.1459
-52.4832
-52.8205
-53.1578
-53.4951
-53.8324
-54.1696
-54.5069
-54.8442
-55.1815
-55.5188
-55.8561
-56.1933
-56.5306
-56.8679
-57.2052
-57.5425
-57.8798
-58.2171
-58.5543
-58.8916
-59.2289
-59.5662
-59.9035
-60.2408
-60.578
-60.9153
-61.2526
-61.5899
-61.9272
-62.2645
-62.6018
-62.939
-63.2763
-63.6136
-63.9509
-64.2882
-64.6255
-64.9627
-65.3
-65.6373
-65.9746
-66.3119
-66.6492
-66.9864
-67.3237
-67.661
-67.9983
-68.3356
-68.6729
-69.0102
-69.3474
-69.6847
-70.022
-70.3593
-70.6966
-71.0339
-71.3711
-71.7084
-72.0457
-72.383
-72.7203
-73.0576
-73.3949
-73.7321
-74.0694
-74.4067
-74.9991
